X	Y	idxAnalysis	StdDev	Bead	status_frame	status_nUp	iF	iS	iB_inFrame	bestStd	Zr	Neighbour_L	Neighbour_R	iField
226.02	212.993	0	1290.377	<BeadTracker.Bead object at 0x000001A3C698DEE0>	1.0	1	0	0	0	True	521.0	M450		0
226.094	213.261	0	627.803	<BeadTracker.Bead object at 0x000001A3C696B1F0>	2.0	1	1	1	0	False	521.0	M450		1
225.924	213.128	0	1300.89	<BeadTracker.Bead object at 0x000001A3C696B3A0>	1.0	2	3	3	0	True	510.0	M450		3
225.753	213.057	0	629.929	<BeadTracker.Bead object at 0x000001A3C696BAC0>	2.0	2	4	4	0	False	510.0	M450		4
225.607	212.885	0	1346.609	<BeadTracker.Bead object at 0x000001A3D0DC4250>	1.0	3	6	6	0	True	512.0	M450		6
225.437	213.134	0	623.658	<BeadTracker.Bead object at 0x000001A3CE52D580>	2.0	3	7	7	0	False	512.0	M450		7
225.71	213.107	0	1370.149	<BeadTracker.Bead object at 0x000001A3CE52D940>	1.0	4	9	9	0	True	517.0	M450		9
225.414	213.294	0	626.764	<BeadTracker.Bead object at 0x000001A3CE52DB20>	2.0	4	10	10	0	False	517.0	M450		10
225.67	213.145	0	1438.369	<BeadTracker.Bead object at 0x000001A3C8F40040>	1.0	5	12	12	0	True	502.0	M450		12
225.243	213.399	0	631.159	<BeadTracker.Bead object at 0x000001A3C8F40100>	2.0	5	13	13	0	False	502.0	M450		13
225.366	213.246	0	1380.586	<BeadTracker.Bead object at 0x000001A3CC862F10>	1.0	6	15	15	0	True	514.0	M450		15
225.174	213.502	0	622.181	<BeadTracker.Bead object at 0x000001A3CBA87E80>	2.0	6	16	16	0	False	514.0	M450		16
226.159	212.811	0	560.652	<BeadTracker.Bead object at 0x000001A3C2C779D0>	3.0	6	17	17	0	False	514.0	M450		17
225.035	213.792	-1	454.93	<BeadTracker.Bead object at 0x000001A3C8F404F0>	0.1	0	18	18	0	True	554.0	M450		18
224.936	213.727	-1	565.97	<BeadTracker.Bead object at 0x000001A3C8F40580>	0.1	0	19	19	0	True	519.0	M450		19
224.864	213.593	-1	608.683	<BeadTracker.Bead object at 0x000001A3C8F40760>	0.1	0	20	20	0	True	517.0	M450		20
224.911	213.703	-1	613.97	<BeadTracker.Bead object at 0x000001A3C8F40940>	0.1	0	21	21	0	True	486.0	M450		21
224.886	213.711	-1	606.879	<BeadTracker.Bead object at 0x000001A3C8F40B20>	0.1	0	22	22	0	True	516.0	M450		22
225.011	213.725	-1	598.702	<BeadTracker.Bead object at 0x000001A3C8F40D00>	0.1	0	23	23	0	True	516.0	M450		23
224.968	213.817	-1	614.164	<BeadTracker.Bead object at 0x000001A3CE513040>	0.1	0	24	24	0	True	517.0	M450		24
224.898	213.852	-1	613.944	<BeadTracker.Bead object at 0x000001A3CE513100>	0.1	0	25	25	0	True	514.0	M450		25
224.926	213.749	-1	604.12	<BeadTracker.Bead object at 0x000001A3CE5132E0>	0.1	0	26	26	0	True	517.0	M450		26
225.01	213.858	-1	605.884	<BeadTracker.Bead object at 0x000001A3CE5134C0>	0.1	0	27	27	0	True	516.0	M450		27
225.035	213.767	-1	604.447	<BeadTracker.Bead object at 0x000001A3CE5136A0>	0.1	0	28	28	0	True	517.0	M450		28
225.064	213.725	-1	607.412	<BeadTracker.Bead object at 0x000001A3CE513880>	0.1	0	29	29	0	True	516.0	M450		29
225.041	213.553	-1	600.001	<BeadTracker.Bead object at 0x000001A3CE513A60>	0.1	0	30	30	0	True	517.0	M450		30
225.15	213.657	-1	606.108	<BeadTracker.Bead object at 0x000001A3CE513C40>	0.1	0	31	31	0	True	516.0	M450		31
225.111	213.528	-1	603.626	<BeadTracker.Bead object at 0x000001A3CE513E20>	0.1	0	32	32	0	True	518.0	M450		32
225.162	213.535	-1	591.56	<BeadTracker.Bead object at 0x000001A3C8F48040>	0.1	0	33	33	0	True	518.0	M450		33
225.107	213.564	-1	599.586	<BeadTracker.Bead object at 0x000001A3C8F48220>	0.1	0	34	34	0	True	518.0	M450		34
225.115	213.699	-1	601.816	<BeadTracker.Bead object at 0x000001A3C8F48400>	0.1	0	35	35	0	True	518.0	M450		35
225.023	213.496	-1	582.773	<BeadTracker.Bead object at 0x000001A3C8F485E0>	0.1	0	36	36	0	True	525.0	M450		36
225.231	213.728	-1	615.529	<BeadTracker.Bead object at 0x000001A3C8F487C0>	0.1	0	37	37	0	True	517.0	M450		37
225.092	213.536	-1	595.886	<BeadTracker.Bead object at 0x000001A3C8F489A0>	0.1	0	38	38	0	True	518.0	M450		38
225.112	213.542	-1	599.396	<BeadTracker.Bead object at 0x000001A3C8F48B80>	0.1	0	39	39	0	True	518.0	M450		39
225.108	213.509	-1	598.609	<BeadTracker.Bead object at 0x000001A3C8F48D60>	0.1	0	40	40	0	True	519.0	M450		40
225.137	213.537	-1	591.872	<BeadTracker.Bead object at 0x000001A3C8F4E040>	0.1	0	41	41	0	True	517.0	M450		41
225.056	213.473	-1	592.494	<BeadTracker.Bead object at 0x000001A3C8F4E160>	0.1	0	42	42	0	True	510.0	M450		42
225.219	213.501	-1	587.967	<BeadTracker.Bead object at 0x000001A3C8F4E340>	0.1	0	43	43	0	True	518.0	M450		43
225.023	213.548	-1	607.877	<BeadTracker.Bead object at 0x000001A3C8F4E520>	0.1	0	44	44	0	True	519.0	M450		44
225.004	213.608	-1	601.73	<BeadTracker.Bead object at 0x000001A3C8F4E700>	0.1	0	45	45	0	True	518.0	M450		45
224.942	213.437	-1	607.211	<BeadTracker.Bead object at 0x000001A3C8F4E8E0>	0.1	0	46	46	0	True	510.0	M450		46
225.004	213.55	-1	604.801	<BeadTracker.Bead object at 0x000001A3C8F4EAC0>	0.1	0	47	47	0	True	520.0	M450		47
224.968	213.488	-1	604.924	<BeadTracker.Bead object at 0x000001A3C8F4ECA0>	0.1	0	48	48	0	True	511.0	M450		48
224.899	213.493	-1	598.195	<BeadTracker.Bead object at 0x000001A3C8F4EE80>	0.1	0	49	49	0	True	524.0	M450		49
224.833	213.391	-1	599.416	<BeadTracker.Bead object at 0x000001A3C8F390A0>	0.1	0	50	50	0	True	511.0	M450		50
224.889	213.435	-1	603.857	<BeadTracker.Bead object at 0x000001A3C8F39280>	0.1	0	51	51	0	True	525.0	M450		51
224.88	213.344	-1	587.249	<BeadTracker.Bead object at 0x000001A3C8F39460>	0.1	0	52	52	0	True	523.0	M450		52
224.894	213.5	-1	592.778	<BeadTracker.Bead object at 0x000001A3C8F39640>	0.1	0	53	53	0	True	519.0	M450		53
224.829	213.425	-1	599.838	<BeadTracker.Bead object at 0x000001A3C8F39820>	0.1	0	54	54	0	True	523.0	M450		54
224.853	213.463	-1	594.419	<BeadTracker.Bead object at 0x000001A3C8F39A00>	0.1	0	55	55	0	True	527.0	M450		55
224.812	213.244	-1	593.898	<BeadTracker.Bead object at 0x000001A3C8F39BE0>	0.1	0	56	56	0	True	523.0	M450		56
224.924	213.435	-1	595.43	<BeadTracker.Bead object at 0x000001A3C8F39DC0>	0.1	0	57	57	0	True	523.0	M450		57
224.906	213.542	-1	604.499	<BeadTracker.Bead object at 0x000001A3C97B2160>	0.1	0	58	58	0	True	519.0	M450		58
224.904	213.488	-1	596.608	<BeadTracker.Bead object at 0x000001A3C97B21C0>	0.1	0	59	59	0	True	526.0	M450		59
224.81	213.326	-1	593.514	<BeadTracker.Bead object at 0x000001A3C97B23A0>	0.1	0	60	60	0	True	523.0	M450		60
224.906	213.425	-1	588.392	<BeadTracker.Bead object at 0x000001A3C97B2580>	0.1	0	61	61	0	True	524.0	M450		61
224.903	213.308	-1	593.881	<BeadTracker.Bead object at 0x000001A3C97B2760>	0.1	0	62	62	0	True	523.0	M450		62
224.955	213.432	-1	584.431	<BeadTracker.Bead object at 0x000001A3C97B2940>	0.1	0	63	63	0	True	524.0	M450		63
224.976	213.405	-1	592.139	<BeadTracker.Bead object at 0x000001A3C97B2B20>	0.1	0	64	64	0	True	509.0	M450		64
225.012	213.417	-1	591.617	<BeadTracker.Bead object at 0x000001A3C97B2D00>	0.1	0	65	65	0	True	524.0	M450		65
225.102	213.252	-1	612.193	<BeadTracker.Bead object at 0x000001A3C97CF040>	0.1	0	66	66	0	True	522.0	M450		66
225.098	213.44	-1	597.637	<BeadTracker.Bead object at 0x000001A3C97CF100>	0.1	0	67	67	0	True	508.0	M450		67
225.066	213.404	-1	596.142	<BeadTracker.Bead object at 0x000001A3C97CF2E0>	0.1	0	68	68	0	True	523.0	M450		68
225.035	213.418	-1	600.276	<BeadTracker.Bead object at 0x000001A3C97CF4C0>	0.1	0	69	69	0	True	510.0	M450		69
225.067	213.221	-1	606.656	<BeadTracker.Bead object at 0x000001A3C97CF6A0>	0.1	0	70	70	0	True	509.0	M450		70
225.091	213.415	-1	601.27	<BeadTracker.Bead object at 0x000001A3C97CF880>	0.1	0	71	71	0	True	523.0	M450		71
225.034	213.504	-1	593.84	<BeadTracker.Bead object at 0x000001A3C97CFA60>	0.1	0	72	72	0	True	519.0	M450		72
225.023	213.292	-1	592.225	<BeadTracker.Bead object at 0x000001A3C97CFC40>	0.1	0	73	73	0	True	519.0	M450		73
225.074	213.198	-1	613.777	<BeadTracker.Bead object at 0x000001A3C97CFE20>	0.1	0	74	74	0	True	505.0	M450		74
225.018	213.283	-1	609.509	<BeadTracker.Bead object at 0x000001A3C97B1040>	0.1	0	75	75	0	True	509.0	M450		75
225.058	213.213	-1	611.501	<BeadTracker.Bead object at 0x000001A3C97B1220>	0.1	0	76	76	0	True	520.0	M450		76
225.058	213.344	-1	578.694	<BeadTracker.Bead object at 0x000001A3C97B1400>	0.1	0	77	77	0	True	524.0	M450		77
225.107	213.266	-1	588.111	<BeadTracker.Bead object at 0x000001A3C97B15E0>	0.1	0	78	78	0	True	511.0	M450		78
225.013	213.167	-1	595.361	<BeadTracker.Bead object at 0x000001A3C97B17C0>	0.1	0	79	79	0	True	515.0	M450		79
225.022	213.01	-1	615.97	<BeadTracker.Bead object at 0x000001A3C97B19A0>	0.1	0	80	80	0	True	516.0	M450		80
225.086	213.22	-1	607.826	<BeadTracker.Bead object at 0x000001A3C97B1B80>	0.1	0	81	81	0	True	512.0	M450		81
225.004	213.221	-1	595.416	<BeadTracker.Bead object at 0x000001A3C97B1D60>	0.1	0	82	82	0	True	519.0	M450		82
225.006	213.189	-1	608.333	<BeadTracker.Bead object at 0x000001A3CCDD3040>	0.1	0	83	83	0	True	508.0	M450		83
225.044	213.045	-1	595.094	<BeadTracker.Bead object at 0x000001A3CCDD3160>	0.1	0	84	84	0	True	519.0	M450		84
225.044	213.049	-1	617.861	<BeadTracker.Bead object at 0x000001A3CCDD3340>	0.1	0	85	85	0	True	508.0	M450		85
225.04	213.218	-1	592.43	<BeadTracker.Bead object at 0x000001A3CCDD3520>	0.1	0	86	86	0	True	510.0	M450		86
225.11	213.287	-1	596.79	<BeadTracker.Bead object at 0x000001A3CCDD3700>	0.1	0	87	87	0	True	509.0	M450		87
225.069	213.206	-1	612.296	<BeadTracker.Bead object at 0x000001A3CCDD38E0>	0.1	0	88	88	0	True	510.0	M450		88
225.007	213.257	-1	601.872	<BeadTracker.Bead object at 0x000001A3CCDD3AC0>	0.1	0	89	89	0	True	511.0	M450		89
225.102	213.268	-1	602.094	<BeadTracker.Bead object at 0x000001A3CCDD3CA0>	0.1	0	90	90	0	True	508.0	M450		90
225.008	213.309	-1	594.27	<BeadTracker.Bead object at 0x000001A3CCDD3E80>	0.1	0	91	91	0	True	512.0	M450		91
225.016	213.425	-1	600.926	<BeadTracker.Bead object at 0x000001A3CCDFB0A0>	0.1	0	92	92	0	True	509.0	M450		92
225.151	213.279	-1	599.508	<BeadTracker.Bead object at 0x000001A3CCDFB280>	0.1	0	93	93	0	True	512.0	M450		93
225.08	213.129	-1	607.644	<BeadTracker.Bead object at 0x000001A3CCDFB460>	0.1	0	94	94	0	True	508.0	M450		94
225.097	213.349	-1	596.392	<BeadTracker.Bead object at 0x000001A3CCDFB640>	0.1	0	95	95	0	True	507.0	M450		95
225.108	213.315	-1	599.007	<BeadTracker.Bead object at 0x000001A3CCDFB820>	0.1	0	96	96	0	True	508.0	M450		96
225.219	213.415	-1	602.041	<BeadTracker.Bead object at 0x000001A3CCDFBA00>	0.1	0	97	97	0	True	508.0	M450		97
225.251	213.26	-1	606.34	<BeadTracker.Bead object at 0x000001A3CCDFBBE0>	0.1	0	98	98	0	True	510.0	M450		98
225.198	213.359	-1	610.495	<BeadTracker.Bead object at 0x000001A3CCDFBDC0>	0.1	0	99	99	0	True	506.0	M450		99
225.207	213.123	-1	635.292	<BeadTracker.Bead object at 0x000001A3CCDE6160>	0.1	0	100	100	0	True	503.0	M450		100
225.425	213.466	-1	615.997	<BeadTracker.Bead object at 0x000001A3CCDE61C0>	0.1	0	101	101	0	True	507.0	M450		101
225.357	213.283	-1	609.585	<BeadTracker.Bead object at 0x000001A3CCDE63A0>	0.1	0	102	102	0	True	508.0	M450		102
225.275	213.258	-1	605.441	<BeadTracker.Bead object at 0x000001A3CCDE6580>	0.1	0	103	103	0	True	504.0	M450		103
225.276	213.215	-1	629.448	<BeadTracker.Bead object at 0x000001A3CCDE6760>	0.1	0	104	104	0	True	504.0	M450		104
225.24	213.378	-1	621.84	<BeadTracker.Bead object at 0x000001A3CCDE6940>	0.1	0	105	105	0	True	505.0	M450		105
225.277	213.203	-1	625.025	<BeadTracker.Bead object at 0x000001A3CCDE6B20>	0.1	0	106	106	0	True	503.0	M450		106
225.355	213.166	-1	623.659	<BeadTracker.Bead object at 0x000001A3CCDE6D00>	0.1	0	107	107	0	True	503.0	M450		107
225.297	213.099	-1	623.804	<BeadTracker.Bead object at 0x000001A3CCDF5040>	0.1	0	108	108	0	True	502.0	M450		108
225.279	213.049	-1	632.679	<BeadTracker.Bead object at 0x000001A3CCDF5100>	0.1	0	109	109	0	True	503.0	M450		109
225.247	213.092	-1	644.15	<BeadTracker.Bead object at 0x000001A3CCDF52E0>	0.1	0	110	110	0	True	501.0	M450		110
225.355	213.155	-1	635.663	<BeadTracker.Bead object at 0x000001A3CCDF54C0>	0.1	0	111	111	0	True	502.0	M450		111
225.258	213.024	-1	624.747	<BeadTracker.Bead object at 0x000001A3CCDF56A0>	0.1	0	112	112	0	True	504.0	M450		112
225.243	212.993	-1	634.362	<BeadTracker.Bead object at 0x000001A3CCDF5880>	0.1	0	113	113	0	True	502.0	M450		113
225.242	212.95	-1	640.289	<BeadTracker.Bead object at 0x000001A3CCDF5A60>	0.1	0	114	114	0	True	501.0	M450		114
225.333	213.257	-1	618.128	<BeadTracker.Bead object at 0x000001A3CCDF5C40>	0.1	0	115	115	0	True	507.0	M450		115
225.306	213.248	-1	598.195	<BeadTracker.Bead object at 0x000001A3CCDF5E20>	0.1	0	116	116	0	True	511.0	M450		116
225.237	213.085	-1	613.701	<BeadTracker.Bead object at 0x000001A3CCE09040>	0.1	0	117	117	0	True	506.0	M450		117
225.215	213.053	-1	616.623	<BeadTracker.Bead object at 0x000001A3CCE09220>	0.1	0	118	118	0	True	511.0	M450		118
225.271	213.107	-1	610.025	<BeadTracker.Bead object at 0x000001A3CCE09400>	0.1	0	119	119	0	True	510.0	M450		119
225.159	213.137	-1	607.823	<BeadTracker.Bead object at 0x000001A3CCE095E0>	0.1	0	120	120	0	True	508.0	M450		120
225.304	213.343	-1	602.044	<BeadTracker.Bead object at 0x000001A3CCE097C0>	0.1	0	121	121	0	True	512.0	M450		121
225.201	213.223	-1	606.562	<BeadTracker.Bead object at 0x000001A3CCE099A0>	0.1	0	122	122	0	True	512.0	M450		122
225.221	213.282	-1	614.018	<BeadTracker.Bead object at 0x000001A3CCE09B80>	0.1	0	123	123	0	True	511.0	M450		123
225.184	213.22	-1	614.494	<BeadTracker.Bead object at 0x000001A3CCE09D60>	0.1	0	124	124	0	True	507.0	M450		124
225.437	213.437	-1	590.846	<BeadTracker.Bead object at 0x000001A3D0421040>	0.1	0	125	125	0	True	513.0	M450		125
225.38	213.334	-1	594.086	<BeadTracker.Bead object at 0x000001A3D0421160>	0.1	0	126	126	0	True	510.0	M450		126
225.355	213.39	-1	607.401	<BeadTracker.Bead object at 0x000001A3D0421340>	0.1	0	127	127	0	True	510.0	M450		127
225.484	213.328	-1	592.025	<BeadTracker.Bead object at 0x000001A3D0421520>	0.1	0	128	128	0	True	511.0	M450		128
225.459	213.412	-1	603.995	<BeadTracker.Bead object at 0x000001A3D0421700>	0.1	0	129	129	0	True	510.0	M450		129
225.453	213.419	-1	595.523	<BeadTracker.Bead object at 0x000001A3D04218E0>	0.1	0	130	130	0	True	510.0	M450		130
225.527	213.357	-1	596.136	<BeadTracker.Bead object at 0x000001A3D0421AC0>	0.1	0	131	131	0	True	514.0	M450		131
225.548	213.29	-1	592.314	<BeadTracker.Bead object at 0x000001A3D0421CA0>	0.1	0	132	132	0	True	498.0	M450		132
225.485	213.388	-1	616.56	<BeadTracker.Bead object at 0x000001A3D0421E80>	0.1	0	133	133	0	True	510.0	M450		133
225.533	213.302	-1	595.721	<BeadTracker.Bead object at 0x000001A3D04280A0>	0.1	0	134	134	0	True	507.0	M450		134
225.539	213.299	-1	602.105	<BeadTracker.Bead object at 0x000001A3D0428280>	0.1	0	135	135	0	True	508.0	M450		135
225.603	213.335	-1	596.805	<BeadTracker.Bead object at 0x000001A3D0428460>	0.1	0	136	136	0	True	506.0	M450		136
225.523	213.259	-1	594.374	<BeadTracker.Bead object at 0x000001A3D0428640>	0.1	0	137	137	0	True	505.0	M450		137
225.555	213.16	-1	606.379	<BeadTracker.Bead object at 0x000001A3D0428820>	0.1	0	138	138	0	True	499.0	M450		138
225.462	213.318	-1	607.488	<BeadTracker.Bead object at 0x000001A3D0428A00>	0.1	0	139	139	0	True	509.0	M450		139
225.493	213.328	-1	609.736	<BeadTracker.Bead object at 0x000001A3D0428BE0>	0.1	0	140	140	0	True	495.0	M450		140
225.517	213.318	-1	608.963	<BeadTracker.Bead object at 0x000001A3D0428DC0>	0.1	0	141	141	0	True	499.0	M450		141
225.481	213.195	-1	620.004	<BeadTracker.Bead object at 0x000001A3D0441160>	0.1	0	142	142	0	True	505.0	M450		142
225.42	213.216	-1	615.204	<BeadTracker.Bead object at 0x000001A3D04411C0>	0.1	0	143	143	0	True	510.0	M450		143
225.32	213.018	-1	610.953	<BeadTracker.Bead object at 0x000001A3D04413A0>	0.1	0	144	144	0	True	514.0	M450		144
225.454	213.152	-1	595.306	<BeadTracker.Bead object at 0x000001A3D0441580>	0.1	0	145	145	0	True	515.0	M450		145
225.458	213.256	-1	610.948	<BeadTracker.Bead object at 0x000001A3D0441760>	0.1	0	146	146	0	True	493.0	M450		146
225.302	213.217	-1	612.587	<BeadTracker.Bead object at 0x000001A3D0441940>	0.1	0	147	147	0	True	494.0	M450		147
225.43	212.823	-1	600.911	<BeadTracker.Bead object at 0x000001A3D0441B20>	0.1	0	148	148	0	True	516.0	M450		148
225.255	212.933	-1	609.345	<BeadTracker.Bead object at 0x000001A3D0441D00>	0.1	0	149	149	0	True	514.0	M450		149
225.497	213.201	-1	592.19	<BeadTracker.Bead object at 0x000001A3D044D040>	0.1	0	150	150	0	True	514.0	M450		150
225.475	213.478	1	587.612	<BeadTracker.Bead object at 0x000001A3D044D100>	0.0	0	151	151	0	True	512.0	M450		151
225.443	213.201	1	612.211	<BeadTracker.Bead object at 0x000001A3D044D2E0>	0.0	0	152	152	0	True	508.0	M450		152
225.348	213.198	1	600.662	<BeadTracker.Bead object at 0x000001A3D044D4C0>	0.0	0	153	153	0	True	514.0	M450		153
225.272	212.968	1	615.177	<BeadTracker.Bead object at 0x000001A3D044D6A0>	0.0	0	154	154	0	True	515.0	M450		154
225.304	213.018	1	611.463	<BeadTracker.Bead object at 0x000001A3D044D880>	0.0	0	155	155	0	True	515.0	M450		155
225.257	213.318	1	597.546	<BeadTracker.Bead object at 0x000001A3D044DA60>	0.0	0	156	156	0	True	513.0	M450		156
225.404	213.235	1	601.781	<BeadTracker.Bead object at 0x000001A3D044DC40>	0.0	0	157	157	0	True	514.0	M450		157
225.231	213.126	1	602.077	<BeadTracker.Bead object at 0x000001A3D044DE20>	0.0	0	158	158	0	True	515.0	M450		158
225.386	213.148	1	596.784	<BeadTracker.Bead object at 0x000001A3D045A040>	0.0	0	159	159	0	True	515.0	M450		159
225.462	213.203	1	589.396	<BeadTracker.Bead object at 0x000001A3D045A220>	0.0	0	160	160	0	True	514.0	M450		160
225.471	213.09	1	601.607	<BeadTracker.Bead object at 0x000001A3D045A400>	0.0	0	161	161	0	True	515.0	M450		161
225.467	213.361	1	579.685	<BeadTracker.Bead object at 0x000001A3D045A5E0>	0.0	0	162	162	0	True	513.0	M450		162
225.501	213.317	1	586.064	<BeadTracker.Bead object at 0x000001A3D045A7C0>	0.0	0	163	163	0	True	517.0	M450		163
225.406	213.226	1	584.953	<BeadTracker.Bead object at 0x000001A3D045A9A0>	0.0	0	164	164	0	True	514.0	M450		164
225.528	212.999	1	587.654	<BeadTracker.Bead object at 0x000001A3D045AB80>	0.0	0	165	165	0	True	518.0	M450		165
225.598	213.376	1	581.368	<BeadTracker.Bead object at 0x000001A3D045AD60>	0.0	0	166	166	0	True	519.0	M450		166
225.542	213.486	1	579.388	<BeadTracker.Bead object at 0x000001A3D0453040>	0.0	0	167	167	0	True	520.0	M450		167
225.467	212.764	1	585.009	<BeadTracker.Bead object at 0x000001A3D0453160>	0.0	0	168	168	0	True	516.0	M450		168
225.58	212.719	1	588.293	<BeadTracker.Bead object at 0x000001A3D0453340>	0.0	0	169	169	0	True	503.0	M450		169
225.572	213.137	1	584.612	<BeadTracker.Bead object at 0x000001A3D0453520>	0.0	0	170	170	0	True	518.0	M450		170
225.603	212.813	1	599.361	<BeadTracker.Bead object at 0x000001A3D0453700>	0.0	0	171	171	0	True	503.0	M450		171
225.581	212.898	1	607.338	<BeadTracker.Bead object at 0x000001A3D04538E0>	0.0	0	172	172	0	True	518.0	M450		172
225.526	212.915	1	578.011	<BeadTracker.Bead object at 0x000001A3D0453AC0>	0.0	0	173	173	0	True	518.0	M450		173
225.518	212.978	1	607.564	<BeadTracker.Bead object at 0x000001A3D0453CA0>	0.0	0	174	174	0	True	501.0	M450		174
225.534	212.955	1	605.54	<BeadTracker.Bead object at 0x000001A3D0453E80>	0.0	0	175	175	0	True	500.0	M450		175
225.612	212.886	1	604.197	<BeadTracker.Bead object at 0x000001A3D04310A0>	0.0	0	176	176	0	True	517.0	M450		176
225.399	212.859	1	602.343	<BeadTracker.Bead object at 0x000001A3D0431280>	0.0	0	177	177	0	True	517.0	M450		177
225.38	212.7	1	592.556	<BeadTracker.Bead object at 0x000001A3D0431460>	0.0	0	178	178	0	True	517.0	M450		178
225.413	212.776	1	599.965	<BeadTracker.Bead object at 0x000001A3D0431640>	0.0	0	179	179	0	True	516.0	M450		179
225.348	212.869	1	602.468	<BeadTracker.Bead object at 0x000001A3D0431820>	0.0	0	180	180	0	True	516.0	M450		180
225.272	212.88	1	594.869	<BeadTracker.Bead object at 0x000001A3D0431A00>	0.0	0	181	181	0	True	517.0	M450		181
225.321	212.955	1	599.674	<BeadTracker.Bead object at 0x000001A3D0431BE0>	0.0	0	182	182	0	True	516.0	M450		182
225.297	212.886	1	605.331	<BeadTracker.Bead object at 0x000001A3D0431DC0>	0.0	0	183	183	0	True	516.0	M450		183
225.32	212.937	1	600.617	<BeadTracker.Bead object at 0x000001A3D042A160>	0.0	0	184	184	0	True	516.0	M450		184
225.265	213.16	1	591.092	<BeadTracker.Bead object at 0x000001A3D042A1C0>	0.0	0	185	185	0	True	514.0	M450		185
225.269	212.992	1	589.504	<BeadTracker.Bead object at 0x000001A3D042A3A0>	0.0	0	186	186	0	True	517.0	M450		186
225.282	212.937	1	597.439	<BeadTracker.Bead object at 0x000001A3D042A580>	0.0	0	187	187	0	True	517.0	M450		187
225.225	212.751	1	594.234	<BeadTracker.Bead object at 0x000001A3D042A760>	0.0	0	188	188	0	True	517.0	M450		188
225.208	213.127	1	597.442	<BeadTracker.Bead object at 0x000001A3D042A940>	0.0	0	189	189	0	True	515.0	M450		189
225.373	213.255	1	586.297	<BeadTracker.Bead object at 0x000001A3D042AB20>	0.0	0	190	190	0	True	523.0	M450		190
225.278	213.11	1	606.286	<BeadTracker.Bead object at 0x000001A3D042AD00>	0.0	0	191	191	0	True	516.0	M450		191
225.274	213.082	1	599.7	<BeadTracker.Bead object at 0x000001A3C3FD6040>	0.0	0	192	192	0	True	516.0	M450		192
225.206	213.148	1	580.751	<BeadTracker.Bead object at 0x000001A3C3FD6100>	0.0	0	193	193	0	True	520.0	M450		193
225.433	213.302	1	581.264	<BeadTracker.Bead object at 0x000001A3C3FD62E0>	0.0	0	194	194	0	True	522.0	M450		194
225.337	213.429	1	594.716	<BeadTracker.Bead object at 0x000001A3C3FD64C0>	0.0	0	195	195	0	True	524.0	M450		195
225.216	213.799	1	570.706	<BeadTracker.Bead object at 0x000001A3C3FD66A0>	0.0	0	196	196	0	True	521.0	M450		196
225.159	213.279	1	561.221	<BeadTracker.Bead object at 0x000001A3C3FD6880>	0.0	0	197	197	0	True	526.0	M450		197
225.075	212.864	1	599.399	<BeadTracker.Bead object at 0x000001A3C3FD6A60>	0.0	0	198	198	0	True	520.0	M450		198
225.205	212.933	1	607.782	<BeadTracker.Bead object at 0x000001A3C3FD6C40>	0.0	0	199	199	0	True	518.0	M450		199
225.149	213.338	1	583.832	<BeadTracker.Bead object at 0x000001A3C3FD6E20>	0.0	0	200	200	0	True	523.0	M450		200
224.959	212.956	1	598.59	<BeadTracker.Bead object at 0x000001A3C3FF3040>	0.0	0	201	201	0	True	517.0	M450		201
224.999	213.003	1	576.147	<BeadTracker.Bead object at 0x000001A3C3FF3220>	0.0	0	202	202	0	True	522.0	M450		202
225.103	213.07	1	572.181	<BeadTracker.Bead object at 0x000001A3C3FF3400>	0.0	0	203	203	0	True	522.0	M450		203
224.914	213.777	1	577.077	<BeadTracker.Bead object at 0x000001A3C3FF35E0>	0.0	0	204	204	0	True	519.0	M450		204
224.905	213.003	1	582.023	<BeadTracker.Bead object at 0x000001A3C3FF37C0>	0.0	0	205	205	0	True	519.0	M450		205
224.931	212.381	1	559.01	<BeadTracker.Bead object at 0x000001A3C3FF39A0>	0.0	0	206	206	0	True	524.0	M450		206
224.735	213.316	1	556.322	<BeadTracker.Bead object at 0x000001A3C3FF3B80>	0.0	0	207	207	0	True	524.0	M450		207
224.709	213.271	1	548.138	<BeadTracker.Bead object at 0x000001A3C3FF3D60>	0.0	0	208	208	0	True	524.0	M450		208
224.847	212.849	1	544.611	<BeadTracker.Bead object at 0x000001A3C3FE9040>	0.0	0	209	209	0	True	522.0	M450		209
224.672	212.649	1	543.787	<BeadTracker.Bead object at 0x000001A3C3FE9160>	0.0	0	210	210	0	True	543.0	M450		210
224.607	212.92	1	497.328	<BeadTracker.Bead object at 0x000001A3C3FE9340>	0.0	0	211	211	0	True	557.0	M450		211
224.563	212.514	1	509.556	<BeadTracker.Bead object at 0x000001A3C3FE9520>	0.0	0	212	212	0	True	561.0	M450		212
224.466	212.589	1	486.456	<BeadTracker.Bead object at 0x000001A3C3FE9700>	0.0	0	213	213	0	True	564.0	M450		213
224.405	212.334	1	473.882	<BeadTracker.Bead object at 0x000001A3C3FE98E0>	0.0	0	214	214	0	True	552.0	M450		214
224.407	212.077	1	488.488	<BeadTracker.Bead object at 0x000001A3C3FE9AC0>	0.0	0	215	215	0	True	561.0	M450		215
224.346	212.285	1	474.7	<BeadTracker.Bead object at 0x000001A3C3FE9CA0>	0.0	0	216	216	0	True	555.0	M450		216
224.578	212.162	1	450.918	<BeadTracker.Bead object at 0x000001A3C3FE9E80>	0.0	0	217	217	0	True	568.0	M450		217
224.171	212.439	1	461.94	<BeadTracker.Bead object at 0x000001A3C3FF40A0>	0.0	0	218	218	0	True	562.0	M450		218
224.368	212.821	1	450.315	<BeadTracker.Bead object at 0x000001A3C3FF4280>	0.0	0	219	219	0	True	570.0	M450		219
224.279	212.872	1	489.427	<BeadTracker.Bead object at 0x000001A3C3FF4460>	0.0	0	220	220	0	True	565.0	M450		220
224.172	212.855	1	495.546	<BeadTracker.Bead object at 0x000001A3C3FF4640>	0.0	0	221	221	0	True	562.0	M450		221
224.309	212.782	1	500.84	<BeadTracker.Bead object at 0x000001A3C3FF4820>	0.0	0	222	222	0	True	564.0	M450		222
224.187	213.206	1	498.95	<BeadTracker.Bead object at 0x000001A3C3FF4A00>	0.0	0	223	223	0	True	552.0	M450		223
224.241	213.285	1	511.566	<BeadTracker.Bead object at 0x000001A3C3FF4BE0>	0.0	0	224	224	0	True	546.0	M450		224
224.245	212.993	1	549.379	<BeadTracker.Bead object at 0x000001A3C3FF4DC0>	0.0	0	225	225	0	True	543.0	M450		225
224.165	213.376	1	538.219	<BeadTracker.Bead object at 0x000001A3C3FD9160>	0.0	0	226	226	0	True	528.0	M450		226
224.066	213.918	1	525.951	<BeadTracker.Bead object at 0x000001A3C3FD91C0>	0.0	0	227	227	0	True	545.0	M450		227
224.012	213.472	1	521.764	<BeadTracker.Bead object at 0x000001A3C3FD93A0>	0.0	0	228	228	0	True	546.0	M450		228
224.196	213.101	1	547.314	<BeadTracker.Bead object at 0x000001A3C3FD9580>	0.0	0	229	229	0	True	544.0	M450		229
224.167	213.384	1	552.092	<BeadTracker.Bead object at 0x000001A3C3FD9760>	0.0	0	230	230	0	True	525.0	M450		230
224.044	213.732	1	558.223	<BeadTracker.Bead object at 0x000001A3C3FD9940>	0.0	0	231	231	0	True	520.0	M450		231
224.098	213.301	1	575.505	<BeadTracker.Bead object at 0x000001A3C3FD9B20>	0.0	0	232	232	0	True	524.0	M450		232
224.072	213.337	1	560.598	<BeadTracker.Bead object at 0x000001A3C3FD9D00>	0.0	0	233	233	0	True	524.0	M450		233
224.101	213.656	1	574.726	<BeadTracker.Bead object at 0x000001A3C3FED040>	0.0	0	234	234	0	True	519.0	M450		234
224.077	214.029	1	573.177	<BeadTracker.Bead object at 0x000001A3C3FED100>	0.0	0	235	235	0	True	520.0	M450		235
224.151	213.373	1	557.324	<BeadTracker.Bead object at 0x000001A3C3FED2E0>	0.0	0	236	236	0	True	526.0	M450		236
224.179	213.495	1	548.048	<BeadTracker.Bead object at 0x000001A3C3FED4C0>	0.0	0	237	237	0	True	529.0	M450		237
224.187	213.615	1	554.517	<BeadTracker.Bead object at 0x000001A3C3FED6A0>	0.0	0	238	238	0	True	522.0	M450		238
224.114	213.623	1	591.744	<BeadTracker.Bead object at 0x000001A3C3FED880>	0.0	0	239	239	0	True	519.0	M450		239
224.097	213.386	1	573.149	<BeadTracker.Bead object at 0x000001A3C3FEDA60>	0.0	0	240	240	0	True	513.0	M450		240
223.998	213.702	1	578.596	<BeadTracker.Bead object at 0x000001A3C3FEDC40>	0.0	0	241	241	0	True	519.0	M450		241
223.941	213.891	1	567.51	<BeadTracker.Bead object at 0x000001A3C3FEDE20>	0.0	0	242	242	0	True	521.0	M450		242
224.041	213.829	1	579.292	<BeadTracker.Bead object at 0x000001A3C3FFF040>	0.0	0	243	243	0	True	521.0	M450		243
224.093	213.556	1	557.172	<BeadTracker.Bead object at 0x000001A3C3FFF220>	0.0	0	244	244	0	True	521.0	M450		244
223.921	213.712	1	539.347	<BeadTracker.Bead object at 0x000001A3C3FFF400>	0.0	0	245	245	0	True	542.0	M450		245
224.119	213.317	1	552.076	<BeadTracker.Bead object at 0x000001A3C3FFF5E0>	0.0	0	246	246	0	True	523.0	M450		246
223.933	213.338	1	576.244	<BeadTracker.Bead object at 0x000001A3C3FFF7C0>	0.0	0	247	247	0	True	523.0	M450		247
224.109	213.455	1	572.577	<BeadTracker.Bead object at 0x000001A3C3FFF9A0>	0.0	0	248	248	0	True	526.0	M450		248
224.003	213.621	1	561.33	<BeadTracker.Bead object at 0x000001A3C3FFFB80>	0.0	0	249	249	0	True	521.0	M450		249
224.056	213.486	1	557.499	<BeadTracker.Bead object at 0x000001A3C3FFFD60>	0.0	0	250	250	0	True	523.0	M450		250
223.952	213.545	1	553.1	<BeadTracker.Bead object at 0x000001A3C4009040>	0.0	0	251	251	0	True	521.0	M450		251
224.05	213.333	1	549.757	<BeadTracker.Bead object at 0x000001A3C4009160>	0.0	0	252	252	0	True	525.0	M450		252
223.986	213.365	1	546.208	<BeadTracker.Bead object at 0x000001A3C4009340>	0.0	0	253	253	0	True	524.0	M450		253
224.095	213.419	1	561.561	<BeadTracker.Bead object at 0x000001A3C4009520>	0.0	0	254	254	0	True	525.0	M450		254
224.064	213.594	1	556.848	<BeadTracker.Bead object at 0x000001A3C4009700>	0.0	0	255	255	0	True	520.0	M450		255
224.059	213.202	1	567.559	<BeadTracker.Bead object at 0x000001A3C40098E0>	0.0	0	256	256	0	True	522.0	M450		256
223.955	213.331	1	579.143	<BeadTracker.Bead object at 0x000001A3C4009AC0>	0.0	0	257	257	0	True	521.0	M450		257
224.071	213.359	1	575.096	<BeadTracker.Bead object at 0x000001A3C4009CA0>	0.0	0	258	258	0	True	520.0	M450		258
224.092	213.401	1	578.244	<BeadTracker.Bead object at 0x000001A3C4009E80>	0.0	0	259	259	0	True	524.0	M450		259
224.15	213.227	1	578.233	<BeadTracker.Bead object at 0x000001A3C3FD70A0>	0.0	0	260	260	0	True	522.0	M450		260
224.019	213.309	1	568.141	<BeadTracker.Bead object at 0x000001A3C3FD7280>	0.0	0	261	261	0	True	520.0	M450		261
224.131	213.243	1	584.035	<BeadTracker.Bead object at 0x000001A3C3FD7460>	0.0	0	262	262	0	True	518.0	M450		262
224.144	213.173	1	597.515	<BeadTracker.Bead object at 0x000001A3C3FD7640>	0.0	0	263	263	0	True	516.0	M450		263
224.208	213.197	1	589.611	<BeadTracker.Bead object at 0x000001A3C3FD7820>	0.0	0	264	264	0	True	516.0	M450		264
224.086	213.291	1	581.391	<BeadTracker.Bead object at 0x000001A3C3FD7A00>	0.0	0	265	265	0	True	519.0	M450		265
224.299	213.056	1	595.395	<BeadTracker.Bead object at 0x000001A3C3FD7BE0>	0.0	0	266	266	0	True	518.0	M450		266
224.085	212.978	1	599.718	<BeadTracker.Bead object at 0x000001A3C3FD7DC0>	0.0	0	267	267	0	True	517.0	M450		267
224.145	213.082	1	597.741	<BeadTracker.Bead object at 0x000001A3C3FF6160>	0.0	0	268	268	0	True	517.0	M450		268
224.034	213.133	1	590.273	<BeadTracker.Bead object at 0x000001A3C3FF61C0>	0.0	0	269	269	0	True	517.0	M450		269
224.153	213.128	1	594.366	<BeadTracker.Bead object at 0x000001A3C3FF63A0>	0.0	0	270	270	0	True	519.0	M450		270
224.145	213.032	1	581.355	<BeadTracker.Bead object at 0x000001A3C3FF6580>	0.0	0	271	271	0	True	520.0	M450		271
223.995	212.859	1	598.24	<BeadTracker.Bead object at 0x000001A3C3FF6760>	0.0	0	272	272	0	True	518.0	M450		272
224.106	213.062	1	582.3	<BeadTracker.Bead object at 0x000001A3C3FF6940>	0.0	0	273	273	0	True	520.0	M450		273
224.143	213.29	1	573.741	<BeadTracker.Bead object at 0x000001A3C3FF6B20>	0.0	0	274	274	0	True	521.0	M450		274
224.029	213.05	1	583.571	<BeadTracker.Bead object at 0x000001A3C3FF6D00>	0.0	0	275	275	0	True	519.0	M450		275
224.049	212.967	1	591.478	<BeadTracker.Bead object at 0x000001A3C400B040>	0.0	0	276	276	0	True	519.0	M450		276
223.917	213.013	1	581.17	<BeadTracker.Bead object at 0x000001A3C400B100>	0.0	0	277	277	0	True	521.0	M450		277
223.99	213.24	1	569.044	<BeadTracker.Bead object at 0x000001A3C400B2E0>	0.0	0	278	278	0	True	519.0	M450		278
223.974	213.108	1	569.403	<BeadTracker.Bead object at 0x000001A3C400B4C0>	0.0	0	279	279	0	True	524.0	M450		279
224.091	213.163	1	572.526	<BeadTracker.Bead object at 0x000001A3C400B6A0>	0.0	0	280	280	0	True	524.0	M450		280
223.977	213.19	1	573.427	<BeadTracker.Bead object at 0x000001A3C400B880>	0.0	0	281	281	0	True	522.0	M450		281
223.979	213.12	1	559.652	<BeadTracker.Bead object at 0x000001A3C400BA60>	0.0	0	282	282	0	True	522.0	M450		282
223.948	213.094	1	568.305	<BeadTracker.Bead object at 0x000001A3C400BC40>	0.0	0	283	283	0	True	522.0	M450		283
224.043	212.502	0	1206.869	<BeadTracker.Bead object at 0x000001A3C400BE20>	1.0	7	284	284	0	True	528.0	M450		284
223.965	212.89	0	582.628	<BeadTracker.Bead object at 0x000001A3CB0E6040>	2.0	7	285	285	0	False	528.0	M450		285
223.916	212.584	0	1171.714	<BeadTracker.Bead object at 0x000001A3CB0E6400>	1.0	8	287	287	0	True	525.0	M450		287
223.808	212.749	0	571.155	<BeadTracker.Bead object at 0x000001A3CB0E65E0>	2.0	8	288	288	0	False	525.0	M450		288
223.609	212.182	0	1228.785	<BeadTracker.Bead object at 0x000001A3CB0E69A0>	1.0	9	290	290	0	True	522.0	M450		290
223.611	212.734	0	553.188	<BeadTracker.Bead object at 0x000001A3CB0E6B80>	2.0	9	291	291	0	False	522.0	M450		291
223.433	212.207	0	1210.767	<BeadTracker.Bead object at 0x000001A3CB0F4040>	1.0	10	293	293	0	True	521.0	M450		293
223.646	212.706	0	568.849	<BeadTracker.Bead object at 0x000001A3CB0F4160>	2.0	10	294	294	0	False	521.0	M450		294
223.526	212.204	0	1208.205	<BeadTracker.Bead object at 0x000001A3CB0F4520>	1.0	11	296	296	0	True	519.0	M450		296
223.694	212.572	0	584.099	<BeadTracker.Bead object at 0x000001A3CB0F4700>	2.0	11	297	297	0	False	519.0	M450		297
223.421	212.098	0	1224.949	<BeadTracker.Bead object at 0x000001A3CB0F4AC0>	1.0	12	299	299	0	True	524.0	M450		299
223.673	212.456	0	603.518	<BeadTracker.Bead object at 0x000001A3CB0F4CA0>	2.0	12	300	300	0	False	524.0	M450		300
223.589	211.538	0	1134.009	<BeadTracker.Bead object at 0x000001A3CB0EE100>	1.0	13	302	302	0	True	527.0	M450		302
223.787	211.852	0	537.29	<BeadTracker.Bead object at 0x000001A3CB0EE280>	2.0	13	303	303	0	False	527.0	M450		303
223.644	211.709	0	1069.685	<BeadTracker.Bead object at 0x000001A3CB0EE640>	1.0	14	305	305	0	True	532.0	M450		305
223.818	212.253	0	521.799	<BeadTracker.Bead object at 0x000001A3CB0EE820>	2.0	14	306	306	0	False	532.0	M450		306
223.56	212.014	0	1072.163	<BeadTracker.Bead object at 0x000001A3CB0EEBE0>	1.0	15	308	308	0	True	543.0	M450		308
223.759	212.277	0	532.417	<BeadTracker.Bead object at 0x000001A3CB0EEDC0>	2.0	15	309	309	0	False	543.0	M450		309
223.695	211.991	0	1100.723	<BeadTracker.Bead object at 0x000001A3CB1001C0>	1.0	16	311	311	0	True	547.0	M450		311
223.737	212.363	0	526.985	<BeadTracker.Bead object at 0x000001A3CB1003A0>	2.0	16	312	312	0	False	547.0	M450		312
223.528	211.798	0	1086.545	<BeadTracker.Bead object at 0x000001A3CB100760>	1.0	17	314	314	0	True	547.0	M450		314
223.546	211.9	0	535.525	<BeadTracker.Bead object at 0x000001A3CB100940>	2.0	17	315	315	0	False	547.0	M450		315
224.151	211.747	0	1124.995	<BeadTracker.Bead object at 0x000001A3CB100D00>	1.0	18	317	317	0	True	540.0	M450		317
223.901	211.96	0	519.227	<BeadTracker.Bead object at 0x000001A3CB119040>	2.0	18	318	318	0	False	540.0	M450		318
223.765	212.305	-2	356.031	<BeadTracker.Bead object at 0x000001A3CB1192E0>	0.1	0	320	320	0	True	580.0	M450		320
223.661	212.299	-2	440.581	<BeadTracker.Bead object at 0x000001A3CB1194C0>	0.1	0	321	321	0	True	551.0	M450		321
223.626	212.199	-2	503.446	<BeadTracker.Bead object at 0x000001A3CB1196A0>	0.1	0	322	322	0	True	545.0	M450		322
223.729	212.054	-2	522.997	<BeadTracker.Bead object at 0x000001A3CB119880>	0.1	0	323	323	0	True	544.0	M450		323
223.731	212.007	-2	515.959	<BeadTracker.Bead object at 0x000001A3CB119A60>	0.1	0	324	324	0	True	523.0	M450		324
223.835	211.91	-2	523.443	<BeadTracker.Bead object at 0x000001A3CB119C40>	0.1	0	325	325	0	True	543.0	M450		325
223.768	212.057	-2	518.05	<BeadTracker.Bead object at 0x000001A3CB119E20>	0.1	0	326	326	0	True	543.0	M450		326
223.835	212.134	-2	517.282	<BeadTracker.Bead object at 0x000001A3CB0F3040>	0.1	0	327	327	0	True	523.0	M450		327
223.73	212.248	-2	500.102	<BeadTracker.Bead object at 0x000001A3CB0F3220>	0.1	0	328	328	0	True	545.0	M450		328
223.852	211.904	-2	506.351	<BeadTracker.Bead object at 0x000001A3CB0F3400>	0.1	0	329	329	0	True	546.0	M450		329
223.709	211.963	-2	518.187	<BeadTracker.Bead object at 0x000001A3CB0F35E0>	0.1	0	330	330	0	True	544.0	M450		330
223.746	212.047	-2	526.445	<BeadTracker.Bead object at 0x000001A3CB0F37C0>	0.1	0	331	331	0	True	544.0	M450		331
223.719	212.079	-2	514.549	<BeadTracker.Bead object at 0x000001A3CB0F39A0>	0.1	0	332	332	0	True	544.0	M450		332
223.805	212.076	-2	517.278	<BeadTracker.Bead object at 0x000001A3CB0F3B80>	0.1	0	333	333	0	True	543.0	M450		333
223.758	212.133	-2	521.185	<BeadTracker.Bead object at 0x000001A3CB0F3D60>	0.1	0	334	334	0	True	544.0	M450		334
223.876	212.2	-2	519.714	<BeadTracker.Bead object at 0x000001A3CB0EF040>	0.1	0	335	335	0	True	545.0	M450		335
223.806	212.161	-2	517.622	<BeadTracker.Bead object at 0x000001A3CB0EF160>	0.1	0	336	336	0	True	544.0	M450		336
223.986	212.095	-2	524.494	<BeadTracker.Bead object at 0x000001A3CB0EF340>	0.1	0	337	337	0	True	544.0	M450		337
223.841	212.186	-2	512.931	<BeadTracker.Bead object at 0x000001A3CB0EF520>	0.1	0	338	338	0	True	526.0	M450		338
223.989	212.145	-2	535.496	<BeadTracker.Bead object at 0x000001A3CB0EF700>	0.1	0	339	339	0	True	526.0	M450		339
223.818	212.147	-2	523.924	<BeadTracker.Bead object at 0x000001A3CB0EF8E0>	0.1	0	340	340	0	True	524.0	M450		340
223.913	212.229	-2	516.851	<BeadTracker.Bead object at 0x000001A3CB0EFAC0>	0.1	0	341	341	0	True	525.0	M450		341
223.859	212.164	-2	529.744	<BeadTracker.Bead object at 0x000001A3CB0EFCA0>	0.1	0	342	342	0	True	525.0	M450		342
223.935	212.2	-2	532.067	<BeadTracker.Bead object at 0x000001A3CB0EFE80>	0.1	0	343	343	0	True	524.0	M450		343
223.849	212.258	-2	524.015	<BeadTracker.Bead object at 0x000001A3CB1070A0>	0.1	0	344	344	0	True	525.0	M450		344
223.859	212.109	-2	535.817	<BeadTracker.Bead object at 0x000001A3CB107280>	0.1	0	345	345	0	True	524.0	M450		345
223.907	212.179	-2	517.242	<BeadTracker.Bead object at 0x000001A3CB107460>	0.1	0	346	346	0	True	541.0	M450		346
223.986	212.158	-2	522.176	<BeadTracker.Bead object at 0x000001A3CB107640>	0.1	0	347	347	0	True	524.0	M450		347
223.878	212.006	-2	534.905	<BeadTracker.Bead object at 0x000001A3CB107820>	0.1	0	348	348	0	True	522.0	M450		348
223.997	212.029	-2	540.708	<BeadTracker.Bead object at 0x000001A3CB107A00>	0.1	0	349	349	0	True	523.0	M450		349
223.828	212.053	-2	540.091	<BeadTracker.Bead object at 0x000001A3CB107BE0>	0.1	0	350	350	0	True	517.0	M450		350
223.945	212.005	-2	549.888	<BeadTracker.Bead object at 0x000001A3CB107DC0>	0.1	0	351	351	0	True	512.0	M450		351
223.895	212.079	-2	540.265	<BeadTracker.Bead object at 0x000001A3CB0F2160>	0.1	0	352	352	0	True	522.0	M450		352
223.938	212.026	-2	533.51	<BeadTracker.Bead object at 0x000001A3CB0F21C0>	0.1	0	353	353	0	True	513.0	M450		353
223.826	212.027	-2	521.968	<BeadTracker.Bead object at 0x000001A3CB0F23A0>	0.1	0	354	354	0	True	523.0	M450		354
223.774	211.903	-2	530.047	<BeadTracker.Bead object at 0x000001A3CB0F2580>	0.1	0	355	355	0	True	522.0	M450		355
223.82	211.948	-2	533.674	<BeadTracker.Bead object at 0x000001A3CB0F2760>	0.1	0	356	356	0	True	543.0	M450		356
223.822	211.952	-2	528.035	<BeadTracker.Bead object at 0x000001A3CB0F2940>	0.1	0	357	357	0	True	521.0	M450		357
223.71	212.011	-2	517.495	<BeadTracker.Bead object at 0x000001A3CB0F2B20>	0.1	0	358	358	0	True	522.0	M450		358
223.809	211.927	-2	529.707	<BeadTracker.Bead object at 0x000001A3CB0F2D00>	0.1	0	359	359	0	True	523.0	M450		359
223.669	211.849	-2	508.629	<BeadTracker.Bead object at 0x000001A3CB0ED040>	0.1	0	360	360	0	True	519.0	M450		360
223.698	211.923	-2	523.621	<BeadTracker.Bead object at 0x000001A3CB0ED100>	0.1	0	361	361	0	True	542.0	M450		361
223.663	211.873	-2	529.049	<BeadTracker.Bead object at 0x000001A3CB0ED2E0>	0.1	0	362	362	0	True	518.0	M450		362
223.746	211.991	-2	521.934	<BeadTracker.Bead object at 0x000001A3CB0ED4C0>	0.1	0	363	363	0	True	542.0	M450		363
223.643	212.077	-2	526.442	<BeadTracker.Bead object at 0x000001A3CB0ED6A0>	0.1	0	364	364	0	True	522.0	M450		364
223.684	212.013	-2	509.723	<BeadTracker.Bead object at 0x000001A3CB0ED880>	0.1	0	365	365	0	True	544.0	M450		365
223.681	211.924	-2	524.339	<BeadTracker.Bead object at 0x000001A3CB0EDA60>	0.1	0	366	366	0	True	523.0	M450		366
223.747	211.946	-2	529.51	<BeadTracker.Bead object at 0x000001A3CB0EDC40>	0.1	0	367	367	0	True	519.0	M450		367
223.621	212.052	-2	519.609	<BeadTracker.Bead object at 0x000001A3CB0EDE20>	0.1	0	368	368	0	True	525.0	M450		368
223.663	212.024	-2	510.55	<BeadTracker.Bead object at 0x000001A3CB116040>	0.1	0	369	369	0	True	523.0	M450		369
223.604	212.005	-2	515.872	<BeadTracker.Bead object at 0x000001A3CB116220>	0.1	0	370	370	0	True	543.0	M450		370
223.691	212.038	-2	513.698	<BeadTracker.Bead object at 0x000001A3CB116400>	0.1	0	371	371	0	True	525.0	M450		371
223.64	212.115	-2	522.817	<BeadTracker.Bead object at 0x000001A3CB1165E0>	0.1	0	372	372	0	True	542.0	M450		372
223.668	212.112	-2	523.909	<BeadTracker.Bead object at 0x000001A3CB1167C0>	0.1	0	373	373	0	True	523.0	M450		373
223.627	212.129	-2	517.364	<BeadTracker.Bead object at 0x000001A3CB1169A0>	0.1	0	374	374	0	True	524.0	M450		374
223.669	212.111	-2	522.749	<BeadTracker.Bead object at 0x000001A3CB116B80>	0.1	0	375	375	0	True	522.0	M450		375
223.61	212.166	-2	525.892	<BeadTracker.Bead object at 0x000001A3CB116D60>	0.1	0	376	376	0	True	523.0	M450		376
223.682	212.223	-2	514.241	<BeadTracker.Bead object at 0x000001A3CB11C040>	0.1	0	377	377	0	True	524.0	M450		377
223.612	212.237	-2	517.071	<BeadTracker.Bead object at 0x000001A3CB11C160>	0.1	0	378	378	0	True	541.0	M450		378
223.678	212.133	-2	521.302	<BeadTracker.Bead object at 0x000001A3CB11C340>	0.1	0	379	379	0	True	523.0	M450		379
223.652	212.081	-2	522.138	<BeadTracker.Bead object at 0x000001A3CB11C520>	0.1	0	380	380	0	True	513.0	M450		380
223.712	212.141	-2	526.913	<BeadTracker.Bead object at 0x000001A3CB11C700>	0.1	0	381	381	0	True	542.0	M450		381
223.67	212.176	-2	532.989	<BeadTracker.Bead object at 0x000001A3CB11C8E0>	0.1	0	382	382	0	True	514.0	M450		382
223.736	212.21	-2	528.531	<BeadTracker.Bead object at 0x000001A3CB11CAC0>	0.1	0	383	383	0	True	524.0	M450		383
223.595	212.061	-2	525.113	<BeadTracker.Bead object at 0x000001A3CB11CCA0>	0.1	0	384	384	0	True	524.0	M450		384
223.625	211.975	-2	522.525	<BeadTracker.Bead object at 0x000001A3CB11CE80>	0.1	0	385	385	0	True	522.0	M450		385
223.542	211.956	-2	521.572	<BeadTracker.Bead object at 0x000001A3C72220A0>	0.1	0	386	386	0	True	522.0	M450		386
223.667	212.165	-2	509.723	<BeadTracker.Bead object at 0x000001A3C7222280>	0.1	0	387	387	0	True	543.0	M450		387
223.626	212.149	-2	512.847	<BeadTracker.Bead object at 0x000001A3C7222460>	0.1	0	388	388	0	True	525.0	M450		388
223.568	212.029	-2	511.905	<BeadTracker.Bead object at 0x000001A3C7222640>	0.1	0	389	389	0	True	523.0	M450		389
223.503	211.847	-2	513.815	<BeadTracker.Bead object at 0x000001A3C7222820>	0.1	0	390	390	0	True	543.0	M450		390
223.62	212.034	-2	520.937	<BeadTracker.Bead object at 0x000001A3C7222A00>	0.1	0	391	391	0	True	523.0	M450		391
223.476	211.974	-2	515.605	<BeadTracker.Bead object at 0x000001A3C7222BE0>	0.1	0	392	392	0	True	544.0	M450		392
223.673	212.115	-2	520.343	<BeadTracker.Bead object at 0x000001A3C7222DC0>	0.1	0	393	393	0	True	525.0	M450		393
223.523	211.949	-2	506.369	<BeadTracker.Bead object at 0x000001A3C724D160>	0.1	0	394	394	0	True	544.0	M450		394
223.521	211.907	-2	526.788	<BeadTracker.Bead object at 0x000001A3C724D1C0>	0.1	0	395	395	0	True	543.0	M450		395
223.466	211.949	-2	512.38	<BeadTracker.Bead object at 0x000001A3C724D3A0>	0.1	0	396	396	0	True	545.0	M450		396
223.548	211.998	-2	521.005	<BeadTracker.Bead object at 0x000001A3C724D580>	0.1	0	397	397	0	True	542.0	M450		397
223.396	212.097	-2	508.583	<BeadTracker.Bead object at 0x000001A3C724D760>	0.1	0	398	398	0	True	543.0	M450		398
223.419	212.048	-2	513.891	<BeadTracker.Bead object at 0x000001A3C724D940>	0.1	0	399	399	0	True	544.0	M450		399
223.427	212.046	-2	517.976	<BeadTracker.Bead object at 0x000001A3C724DB20>	0.1	0	400	400	0	True	544.0	M450		400
223.566	212.077	-2	508.631	<BeadTracker.Bead object at 0x000001A3C724DD00>	0.1	0	401	401	0	True	543.0	M450		401
223.462	211.993	-2	516.143	<BeadTracker.Bead object at 0x000001A3C7229040>	0.1	0	402	402	0	True	544.0	M450		402
223.626	212.261	-2	511.654	<BeadTracker.Bead object at 0x000001A3C7229100>	0.1	0	403	403	0	True	543.0	M450		403
223.41	212.092	-2	508.616	<BeadTracker.Bead object at 0x000001A3C72292E0>	0.1	0	404	404	0	True	546.0	M450		404
223.398	212.128	-2	504.977	<BeadTracker.Bead object at 0x000001A3C72294C0>	0.1	0	405	405	0	True	545.0	M450		405
223.405	212.2	-2	507.473	<BeadTracker.Bead object at 0x000001A3C72296A0>	0.1	0	406	406	0	True	528.0	M450		406
223.633	212.205	-2	488.488	<BeadTracker.Bead object at 0x000001A3C7229880>	0.1	0	407	407	0	True	544.0	M450		407
223.515	212.217	-2	506.763	<BeadTracker.Bead object at 0x000001A3C7229A60>	0.1	0	408	408	0	True	543.0	M450		408
223.517	212.122	-2	511.091	<BeadTracker.Bead object at 0x000001A3C7229C40>	0.1	0	409	409	0	True	524.0	M450		409
223.505	212.202	-2	508.572	<BeadTracker.Bead object at 0x000001A3C7229E20>	0.1	0	410	410	0	True	525.0	M450		410
223.541	212.243	-2	508.156	<BeadTracker.Bead object at 0x000001A3C7235040>	0.1	0	411	411	0	True	543.0	M450		411
223.49	212.268	-2	507.316	<BeadTracker.Bead object at 0x000001A3C7235220>	0.1	0	412	412	0	True	545.0	M450		412
223.768	212.324	-2	507.026	<BeadTracker.Bead object at 0x000001A3C7235400>	0.1	0	413	413	0	True	526.0	M450		413
223.401	212.157	-2	507.101	<BeadTracker.Bead object at 0x000001A3C72355E0>	0.1	0	414	414	0	True	545.0	M450		414
223.503	212.094	-2	509.995	<BeadTracker.Bead object at 0x000001A3C72357C0>	0.1	0	415	415	0	True	523.0	M450		415
223.431	212.12	-2	497.274	<BeadTracker.Bead object at 0x000001A3C72359A0>	0.1	0	416	416	0	True	544.0	M450		416
223.636	212.056	-2	512.244	<BeadTracker.Bead object at 0x000001A3C7235B80>	0.1	0	417	417	0	True	543.0	M450		417
223.497	212.256	-2	512.876	<BeadTracker.Bead object at 0x000001A3C7235D60>	0.1	0	418	418	0	True	529.0	M450		418
223.529	212.119	-2	493.868	<BeadTracker.Bead object at 0x000001A3C722F040>	0.1	0	419	419	0	True	543.0	M450		419
223.426	212.028	-2	521.309	<BeadTracker.Bead object at 0x000001A3C722F160>	0.1	0	420	420	0	True	543.0	M450		420
223.668	212.15	-2	505.351	<BeadTracker.Bead object at 0x000001A3C722F340>	0.1	0	421	421	0	True	525.0	M450		421
223.479	211.993	-2	511.956	<BeadTracker.Bead object at 0x000001A3C722F520>	0.1	0	422	422	0	True	544.0	M450		422
223.539	211.991	-2	518.348	<BeadTracker.Bead object at 0x000001A3C722F700>	0.1	0	423	423	0	True	522.0	M450		423
223.444	212.037	-2	527.615	<BeadTracker.Bead object at 0x000001A3C722F8E0>	0.1	0	424	424	0	True	525.0	M450		424
223.451	211.98	-2	511.333	<BeadTracker.Bead object at 0x000001A3C722FAC0>	0.1	0	425	425	0	True	525.0	M450		425
223.297	211.865	-2	513.034	<BeadTracker.Bead object at 0x000001A3C722FCA0>	0.1	0	426	426	0	True	545.0	M450		426
223.491	211.981	-2	526.017	<BeadTracker.Bead object at 0x000001A3C722FE80>	0.1	0	427	427	0	True	544.0	M450		427
223.312	211.891	-2	526.352	<BeadTracker.Bead object at 0x000001A3C724F0A0>	0.1	0	428	428	0	True	544.0	M450		428
223.391	211.961	-2	524.676	<BeadTracker.Bead object at 0x000001A3C724F280>	0.1	0	429	429	0	True	545.0	M450		429
223.251	211.952	-2	510.928	<BeadTracker.Bead object at 0x000001A3C724F460>	0.1	0	430	430	0	True	545.0	M450		430
223.361	212.019	-2	515.671	<BeadTracker.Bead object at 0x000001A3C724F640>	0.1	0	431	431	0	True	545.0	M450		431
223.143	211.979	-2	516.38	<BeadTracker.Bead object at 0x000001A3C724F820>	0.1	0	432	432	0	True	544.0	M450		432
223.258	212.004	-2	515.017	<BeadTracker.Bead object at 0x000001A3C724FA00>	0.1	0	433	433	0	True	543.0	M450		433
223.198	211.967	-2	511.113	<BeadTracker.Bead object at 0x000001A3C724FBE0>	0.1	0	434	434	0	True	545.0	M450		434
223.251	212.013	-2	509.741	<BeadTracker.Bead object at 0x000001A3C724FDC0>	0.1	0	435	435	0	True	543.0	M450		435
223.228	212.045	-2	517.923	<BeadTracker.Bead object at 0x000001A3C7211160>	0.1	0	436	436	0	True	525.0	M450		436
223.276	212.005	-2	500.51	<BeadTracker.Bead object at 0x000001A3C72111C0>	0.1	0	437	437	0	True	544.0	M450		437
223.214	212.012	-2	508.255	<BeadTracker.Bead object at 0x000001A3C72113A0>	0.1	0	438	438	0	True	545.0	M450		438
223.265	212.03	-2	508.943	<BeadTracker.Bead object at 0x000001A3C7211580>	0.1	0	439	439	0	True	545.0	M450		439
223.18	212.029	-2	507.816	<BeadTracker.Bead object at 0x000001A3C7211760>	0.1	0	440	440	0	True	545.0	M450		440
223.414	211.96	-2	503.588	<BeadTracker.Bead object at 0x000001A3C7211940>	0.1	0	441	441	0	True	545.0	M450		441
223.276	212.165	-2	515.7	<BeadTracker.Bead object at 0x000001A3C7211B20>	0.1	0	442	442	0	True	527.0	M450		442
223.318	212.106	-2	502.289	<BeadTracker.Bead object at 0x000001A3C7211D00>	0.1	0	443	443	0	True	543.0	M450		443
223.238	212.231	-2	500.542	<BeadTracker.Bead object at 0x000001A3C7239040>	0.1	0	444	444	0	True	545.0	M450		444
223.36	212.229	-2	503.938	<BeadTracker.Bead object at 0x000001A3C7239100>	0.1	0	445	445	0	True	545.0	M450		445
223.275	212.019	-2	518.156	<BeadTracker.Bead object at 0x000001A3C72392E0>	0.1	0	446	446	0	True	545.0	M450		446
223.557	212.212	-2	524.8	<BeadTracker.Bead object at 0x000001A3C72394C0>	0.1	0	447	447	0	True	525.0	M450		447
223.378	212.228	-2	514.502	<BeadTracker.Bead object at 0x000001A3C72396A0>	0.1	0	448	448	0	True	544.0	M450		448
223.413	212.211	-2	504.84	<BeadTracker.Bead object at 0x000001A3C7239880>	0.1	0	449	449	0	True	544.0	M450		449
223.354	212.118	-2	522.422	<BeadTracker.Bead object at 0x000001A3C7239A60>	0.1	0	450	450	0	True	527.0	M450		450
223.502	212.12	-2	529.224	<BeadTracker.Bead object at 0x000001A3C7239C40>	0.1	0	451	451	0	True	523.0	M450		451
223.434	212.2	-2	513.078	<BeadTracker.Bead object at 0x000001A3C7239E20>	0.1	0	452	452	0	True	543.0	M450		452
223.456	212.131	2	522.424	<BeadTracker.Bead object at 0x000001A3C7227040>	0.0	0	453	453	0	True	543.0	M450		453
223.467	212.08	2	515.379	<BeadTracker.Bead object at 0x000001A3C7227220>	0.0	0	454	454	0	True	544.0	M450		454
223.542	212.106	2	523.17	<BeadTracker.Bead object at 0x000001A3C7227400>	0.0	0	455	455	0	True	523.0	M450		455
223.51	212.023	2	524.058	<BeadTracker.Bead object at 0x000001A3C72275E0>	0.0	0	456	456	0	True	521.0	M450		456
223.672	212.093	2	533.398	<BeadTracker.Bead object at 0x000001A3C72277C0>	0.0	0	457	457	0	True	518.0	M450		457
223.487	211.957	2	528.815	<BeadTracker.Bead object at 0x000001A3C72279A0>	0.0	0	458	458	0	True	525.0	M450		458
223.522	211.924	2	524.017	<BeadTracker.Bead object at 0x000001A3C7227B80>	0.0	0	459	459	0	True	521.0	M450		459
223.471	211.835	2	522.922	<BeadTracker.Bead object at 0x000001A3C7227D60>	0.0	0	460	460	0	True	543.0	M450		460
223.535	211.961	2	523.632	<BeadTracker.Bead object at 0x000001A3C7234040>	0.0	0	461	461	0	True	521.0	M450		461
223.443	211.843	2	525.061	<BeadTracker.Bead object at 0x000001A3C7234160>	0.0	0	462	462	0	True	524.0	M450		462
223.461	211.818	2	526.53	<BeadTracker.Bead object at 0x000001A3C7234340>	0.0	0	463	463	0	True	544.0	M450		463
223.347	211.675	2	530.408	<BeadTracker.Bead object at 0x000001A3C7234520>	0.0	0	464	464	0	True	544.0	M450		464
223.504	211.818	2	526.411	<BeadTracker.Bead object at 0x000001A3C7234700>	0.0	0	465	465	0	True	520.0	M450		465
223.298	211.879	2	538.366	<BeadTracker.Bead object at 0x000001A3C72348E0>	0.0	0	466	466	0	True	543.0	M450		466
223.417	211.876	2	507.955	<BeadTracker.Bead object at 0x000001A3C7234AC0>	0.0	0	467	467	0	True	544.0	M450		467
223.317	211.754	2	524.588	<BeadTracker.Bead object at 0x000001A3C7234CA0>	0.0	0	468	468	0	True	544.0	M450		468
223.308	211.75	2	513.27	<BeadTracker.Bead object at 0x000001A3C7234E80>	0.0	0	469	469	0	True	546.0	M450		469
223.291	211.599	2	522.178	<BeadTracker.Bead object at 0x000001A3C724E0A0>	0.0	0	470	470	0	True	546.0	M450		470
223.32	211.881	2	517.06	<BeadTracker.Bead object at 0x000001A3C724E280>	0.0	0	471	471	0	True	544.0	M450		471
223.249	211.889	2	528.38	<BeadTracker.Bead object at 0x000001A3C724E460>	0.0	0	472	472	0	True	545.0	M450		472
223.304	211.822	2	511.673	<BeadTracker.Bead object at 0x000001A3C724E640>	0.0	0	473	473	0	True	546.0	M450		473
223.197	211.703	2	529.559	<BeadTracker.Bead object at 0x000001A3C724E820>	0.0	0	474	474	0	True	546.0	M450		474
223.283	211.883	2	509.764	<BeadTracker.Bead object at 0x000001A3C724EA00>	0.0	0	475	475	0	True	544.0	M450		475
223.196	211.829	2	520.856	<BeadTracker.Bead object at 0x000001A3C724EBE0>	0.0	0	476	476	0	True	545.0	M450		476
223.34	212.1	2	510.433	<BeadTracker.Bead object at 0x000001A3C724EDC0>	0.0	0	477	477	0	True	545.0	M450		477
223.196	211.812	2	509.727	<BeadTracker.Bead object at 0x000001A3C7241160>	0.0	0	478	478	0	True	546.0	M450		478
223.274	211.929	2	510.773	<BeadTracker.Bead object at 0x000001A3C72411C0>	0.0	0	479	479	0	True	544.0	M450		479
223.212	211.973	2	514.768	<BeadTracker.Bead object at 0x000001A3C72413A0>	0.0	0	480	480	0	True	543.0	M450		480
223.39	212.011	2	537.109	<BeadTracker.Bead object at 0x000001A3C7241580>	0.0	0	481	481	0	True	544.0	M450		481
223.257	211.931	2	531.591	<BeadTracker.Bead object at 0x000001A3C7241760>	0.0	0	482	482	0	True	546.0	M450		482
223.287	211.888	2	517.389	<BeadTracker.Bead object at 0x000001A3C7241940>	0.0	0	483	483	0	True	544.0	M450		483
223.276	211.854	2	527.015	<BeadTracker.Bead object at 0x000001A3C7241B20>	0.0	0	484	484	0	True	543.0	M450		484
223.393	211.977	2	521.323	<BeadTracker.Bead object at 0x000001A3C7241D00>	0.0	0	485	485	0	True	544.0	M450		485
223.336	212.084	2	522.567	<BeadTracker.Bead object at 0x000001A3C6596040>	0.0	0	486	486	0	True	545.0	M450		486
223.45	212.022	2	509.685	<BeadTracker.Bead object at 0x000001A3C6596100>	0.0	0	487	487	0	True	544.0	M450		487
223.343	211.915	2	517.991	<BeadTracker.Bead object at 0x000001A3C65962E0>	0.0	0	488	488	0	True	544.0	M450		488
223.444	211.94	2	521.849	<BeadTracker.Bead object at 0x000001A3C65964C0>	0.0	0	489	489	0	True	544.0	M450		489
223.319	211.944	2	525.443	<BeadTracker.Bead object at 0x000001A3C65966A0>	0.0	0	490	490	0	True	543.0	M450		490
223.499	212.06	2	530.08	<BeadTracker.Bead object at 0x000001A3C6596880>	0.0	0	491	491	0	True	544.0	M450		491
223.345	211.971	2	533.172	<BeadTracker.Bead object at 0x000001A3C6596A60>	0.0	0	492	492	0	True	544.0	M450		492
223.4	212.079	2	523.794	<BeadTracker.Bead object at 0x000001A3C6596C40>	0.0	0	493	493	0	True	544.0	M450		493
223.264	212.029	2	522.966	<BeadTracker.Bead object at 0x000001A3C6596E20>	0.0	0	494	494	0	True	545.0	M450		494
223.403	212.138	2	509.203	<BeadTracker.Bead object at 0x000001A3C6597040>	0.0	0	495	495	0	True	546.0	M450		495
223.252	212.064	2	503.118	<BeadTracker.Bead object at 0x000001A3C6597220>	0.0	0	496	496	0	True	546.0	M450		496
223.307	211.934	2	505.73	<BeadTracker.Bead object at 0x000001A3C6597400>	0.0	0	497	497	0	True	546.0	M450		497
223.221	212.019	2	519.067	<BeadTracker.Bead object at 0x000001A3C65975E0>	0.0	0	498	498	0	True	545.0	M450		498
223.19	212.157	2	505.156	<BeadTracker.Bead object at 0x000001A3C65977C0>	0.0	0	499	499	0	True	546.0	M450		499
223.095	212.161	2	499.324	<BeadTracker.Bead object at 0x000001A3C65979A0>	0.0	0	500	500	0	True	548.0	M450		500
223.286	212.113	2	491.381	<BeadTracker.Bead object at 0x000001A3C6597B80>	0.0	0	501	501	0	True	548.0	M450		501
223.055	212.062	2	491.579	<BeadTracker.Bead object at 0x000001A3C6597D60>	0.0	0	502	502	0	True	549.0	M450		502
223.11	212.129	2	496.034	<BeadTracker.Bead object at 0x000001A3C65AB040>	0.0	0	503	503	0	True	549.0	M450		503
222.997	212.066	2	483.081	<BeadTracker.Bead object at 0x000001A3C65AB160>	0.0	0	504	504	0	True	550.0	M450		504
223.094	212.186	2	480.596	<BeadTracker.Bead object at 0x000001A3C65AB340>	0.0	0	505	505	0	True	550.0	M450		505
223.023	212.34	2	478.721	<BeadTracker.Bead object at 0x000001A3C65AB520>	0.0	0	506	506	0	True	550.0	M450		506
223.106	212.231	2	471.797	<BeadTracker.Bead object at 0x000001A3C65AB700>	0.0	0	507	507	0	True	551.0	M450		507
222.818	212.141	2	487.186	<BeadTracker.Bead object at 0x000001A3C65AB8E0>	0.0	0	508	508	0	True	551.0	M450		508
223.032	212.267	2	453.546	<BeadTracker.Bead object at 0x000001A3C65ABAC0>	0.0	0	509	509	0	True	569.0	M450		509
222.972	212.107	2	466.912	<BeadTracker.Bead object at 0x000001A3C65ABCA0>	0.0	0	510	510	0	True	569.0	M450		510
223.14	212.271	2	443.739	<BeadTracker.Bead object at 0x000001A3C65ABE80>	0.0	0	511	511	0	True	570.0	M450		511
222.842	212.151	2	435.897	<BeadTracker.Bead object at 0x000001A3C65860A0>	0.0	0	512	512	0	True	572.0	M450		512
222.855	211.968	2	426.081	<BeadTracker.Bead object at 0x000001A3C6586280>	0.0	0	513	513	0	True	572.0	M450		513
222.839	211.924	2	427.22	<BeadTracker.Bead object at 0x000001A3C6586460>	0.0	0	514	514	0	True	573.0	M450		514
223.03	211.797	2	417.763	<BeadTracker.Bead object at 0x000001A3C6586640>	0.0	0	515	515	0	True	583.0	M450		515
222.722	211.674	2	405.075	<BeadTracker.Bead object at 0x000001A3C6586820>	0.0	0	516	516	0	True	586.0	M450		516
222.839	211.516	2	400.243	<BeadTracker.Bead object at 0x000001A3C6586A00>	0.0	0	517	517	0	True	616.0	M450		517
222.734	211.455	2	403.187	<BeadTracker.Bead object at 0x000001A3C6586BE0>	0.0	0	518	518	0	True	646.0	M450		518
223.266	211.468	2	390.083	<BeadTracker.Bead object at 0x000001A3C6586DC0>	0.0	0	519	519	0	True	637.0	M450		519
222.647	211.567	2	399.693	<BeadTracker.Bead object at 0x000001A3C6595160>	0.0	0	520	520	0	True	636.0	M450		520
223.09	211.925	2	405.932	<BeadTracker.Bead object at 0x000001A3C65951C0>	0.0	0	521	521	0	True	639.0	M450		521
222.804	212.119	2	424.139	<BeadTracker.Bead object at 0x000001A3C65953A0>	0.0	0	522	522	0	True	640.0	M450		522
222.798	212.103	2	424.05	<BeadTracker.Bead object at 0x000001A3C6595580>	0.0	0	523	523	0	True	640.0	M450		523
222.763	212.252	2	432.867	<BeadTracker.Bead object at 0x000001A3C6595760>	0.0	0	524	524	0	True	642.0	M450		524
222.805	212.41	2	422.74	<BeadTracker.Bead object at 0x000001A3C6595940>	0.0	0	525	525	0	True	642.0	M450		525
222.787	212.392	2	447.286	<BeadTracker.Bead object at 0x000001A3C6595B20>	0.0	0	526	526	0	True	642.0	M450		526
222.786	212.528	2	441.19	<BeadTracker.Bead object at 0x000001A3C6595D00>	0.0	0	527	527	0	True	640.0	M450		527
222.647	212.625	2	447.373	<BeadTracker.Bead object at 0x000001A3C6583040>	0.0	0	528	528	0	True	640.0	M450		528
222.698	212.706	2	446.806	<BeadTracker.Bead object at 0x000001A3C6583100>	0.0	0	529	529	0	True	640.0	M450		529
222.697	212.662	2	454.493	<BeadTracker.Bead object at 0x000001A3C65832E0>	0.0	0	530	530	0	True	640.0	M450		530
222.775	212.712	2	470.152	<BeadTracker.Bead object at 0x000001A3C65834C0>	0.0	0	531	531	0	True	641.0	M450		531
222.622	212.784	2	481.958	<BeadTracker.Bead object at 0x000001A3C65836A0>	0.0	0	532	532	0	True	641.0	M450		532
222.637	212.858	2	469.928	<BeadTracker.Bead object at 0x000001A3C6583880>	0.0	0	533	533	0	True	641.0	M450		533
222.553	212.785	2	469.814	<BeadTracker.Bead object at 0x000001A3C6583A60>	0.0	0	534	534	0	True	640.0	M450		534
222.689	212.763	2	460.761	<BeadTracker.Bead object at 0x000001A3C6583C40>	0.0	0	535	535	0	True	641.0	M450		535
222.584	212.711	2	482.258	<BeadTracker.Bead object at 0x000001A3C6583E20>	0.0	0	536	536	0	True	641.0	M450		536
222.554	212.785	2	483.902	<BeadTracker.Bead object at 0x000001A3C658D040>	0.0	0	537	537	0	True	641.0	M450		537
222.53	212.888	2	479.398	<BeadTracker.Bead object at 0x000001A3C658D220>	0.0	0	538	538	0	True	641.0	M450		538
222.512	212.889	2	470.601	<BeadTracker.Bead object at 0x000001A3C658D400>	0.0	0	539	539	0	True	641.0	M450		539
222.452	212.696	2	489.456	<BeadTracker.Bead object at 0x000001A3C658D5E0>	0.0	0	540	540	0	True	641.0	M450		540
222.614	212.857	2	488.924	<BeadTracker.Bead object at 0x000001A3C658D7C0>	0.0	0	541	541	0	True	641.0	M450		541
222.453	212.836	2	480.074	<BeadTracker.Bead object at 0x000001A3C658D9A0>	0.0	0	542	542	0	True	641.0	M450		542
222.608	212.856	2	479.631	<BeadTracker.Bead object at 0x000001A3C658DB80>	0.0	0	543	543	0	True	641.0	M450		543
222.517	212.769	2	500.738	<BeadTracker.Bead object at 0x000001A3C658DD60>	0.0	0	544	544	0	True	641.0	M450		544
222.697	212.906	2	498.25	<BeadTracker.Bead object at 0x000001A3C6577040>	0.0	0	545	545	0	True	641.0	M450		545
222.615	212.905	2	497.843	<BeadTracker.Bead object at 0x000001A3C6577160>	0.0	0	546	546	0	True	641.0	M450		546
222.647	212.942	2	501.36	<BeadTracker.Bead object at 0x000001A3C6577340>	0.0	0	547	547	0	True	641.0	M450		547
222.618	212.839	2	495.883	<BeadTracker.Bead object at 0x000001A3C6577520>	0.0	0	548	548	0	True	641.0	M450		548
222.732	212.902	2	503.486	<BeadTracker.Bead object at 0x000001A3C6577700>	0.0	0	549	549	0	True	641.0	M450		549
222.607	212.918	2	502.875	<BeadTracker.Bead object at 0x000001A3C65778E0>	0.0	0	550	550	0	True	641.0	M450		550
222.731	212.94	2	498.893	<BeadTracker.Bead object at 0x000001A3C6577AC0>	0.0	0	551	551	0	True	642.0	M450		551
222.693	212.897	2	498.461	<BeadTracker.Bead object at 0x000001A3C6577CA0>	0.0	0	552	552	0	True	641.0	M450		552
222.735	212.862	2	511.234	<BeadTracker.Bead object at 0x000001A3C6577E80>	0.0	0	553	553	0	True	641.0	M450		553
222.727	212.638	2	495.397	<BeadTracker.Bead object at 0x000001A3C65A50A0>	0.0	0	554	554	0	True	641.0	M450		554
222.765	212.869	2	513.389	<BeadTracker.Bead object at 0x000001A3C65A5280>	0.0	0	555	555	0	True	641.0	M450		555
222.771	212.874	2	519.082	<BeadTracker.Bead object at 0x000001A3C65A5460>	0.0	0	556	556	0	True	641.0	M450		556
222.835	212.761	2	509.12	<BeadTracker.Bead object at 0x000001A3C65A5640>	0.0	0	557	557	0	True	641.0	M450		557
222.728	212.649	2	500.18	<BeadTracker.Bead object at 0x000001A3C65A5820>	0.0	0	558	558	0	True	641.0	M450		558
222.852	212.725	2	501.025	<BeadTracker.Bead object at 0x000001A3C65A5A00>	0.0	0	559	559	0	True	641.0	M450		559
222.809	212.741	2	512.786	<BeadTracker.Bead object at 0x000001A3C65A5BE0>	0.0	0	560	560	0	True	641.0	M450		560
222.913	212.766	2	501.775	<BeadTracker.Bead object at 0x000001A3C65A5DC0>	0.0	0	561	561	0	True	641.0	M450		561
222.773	212.676	2	507.606	<BeadTracker.Bead object at 0x000001A3C657C160>	0.0	0	562	562	0	True	641.0	M450		562
222.847	212.655	2	514.302	<BeadTracker.Bead object at 0x000001A3C657C1C0>	0.0	0	563	563	0	True	641.0	M450		563
222.805	212.663	2	520.768	<BeadTracker.Bead object at 0x000001A3C657C3A0>	0.0	0	564	564	0	True	641.0	M450		564
222.892	212.693	2	512.291	<BeadTracker.Bead object at 0x000001A3C657C580>	0.0	0	565	565	0	True	641.0	M450		565
222.867	212.658	2	514.442	<BeadTracker.Bead object at 0x000001A3C657C760>	0.0	0	566	566	0	True	641.0	M450		566
222.898	212.633	2	508.108	<BeadTracker.Bead object at 0x000001A3C657C940>	0.0	0	567	567	0	True	641.0	M450		567
222.847	212.495	2	503.218	<BeadTracker.Bead object at 0x000001A3C657CB20>	0.0	0	568	568	0	True	643.0	M450		568
222.855	212.716	2	503.209	<BeadTracker.Bead object at 0x000001A3C657CD00>	0.0	0	569	569	0	True	641.0	M450		569
222.792	212.661	2	498.499	<BeadTracker.Bead object at 0x000001A3C6594040>	0.0	0	570	570	0	True	641.0	M450		570
222.866	212.666	2	511.312	<BeadTracker.Bead object at 0x000001A3C6594100>	0.0	0	571	571	0	True	641.0	M450		571
222.85	212.585	2	493.223	<BeadTracker.Bead object at 0x000001A3C65942E0>	0.0	0	572	572	0	True	641.0	M450		572
222.889	212.66	2	500.374	<BeadTracker.Bead object at 0x000001A3C65944C0>	0.0	0	573	573	0	True	641.0	M450		573
222.807	212.812	2	505.634	<BeadTracker.Bead object at 0x000001A3C65946A0>	0.0	0	574	574	0	True	641.0	M450		574
222.919	212.756	2	484.641	<BeadTracker.Bead object at 0x000001A3C6594880>	0.0	0	575	575	0	True	641.0	M450		575
222.902	212.664	2	491.585	<BeadTracker.Bead object at 0x000001A3C6594A60>	0.0	0	576	576	0	True	641.0	M450		576
222.86	212.678	2	490.041	<BeadTracker.Bead object at 0x000001A3C6594C40>	0.0	0	577	577	0	True	641.0	M450		577
222.854	212.561	2	491.066	<BeadTracker.Bead object at 0x000001A3C6594E20>	0.0	0	578	578	0	True	641.0	M450		578
222.939	212.768	2	497.269	<BeadTracker.Bead object at 0x000001A3C941C040>	0.0	0	579	579	0	True	641.0	M450		579
222.867	212.673	2	505.244	<BeadTracker.Bead object at 0x000001A3C941C220>	0.0	0	580	580	0	True	641.0	M450		580
222.9	212.648	2	503.025	<BeadTracker.Bead object at 0x000001A3C941C400>	0.0	0	581	581	0	True	641.0	M450		581
222.897	212.614	2	498.682	<BeadTracker.Bead object at 0x000001A3C941C5E0>	0.0	0	582	582	0	True	641.0	M450		582
222.95	212.682	2	494.997	<BeadTracker.Bead object at 0x000001A3C941C7C0>	0.0	0	583	583	0	True	641.0	M450		583
222.92	212.754	2	520.91	<BeadTracker.Bead object at 0x000001A3C941C9A0>	0.0	0	584	584	0	True	641.0	M450		584
222.991	212.766	2	502.7	<BeadTracker.Bead object at 0x000001A3C941CB80>	0.0	0	585	585	0	True	641.0	M450		585
223.405	212.157	0	1091.616	<BeadTracker.Bead object at 0x000001A3C941CD60>	1.0	19	586	586	0	True	606.0	M450		586
223.086	212.664	0	491.526	<BeadTracker.Bead object at 0x000001A3C940C040>	2.0	19	587	587	0	False	606.0	M450		587
223.116	212.105	0	1069.569	<BeadTracker.Bead object at 0x000001A3C940C340>	1.0	20	589	589	0	True	568.0	M450		589
222.854	212.798	0	511.381	<BeadTracker.Bead object at 0x000001A3C940C520>	2.0	20	590	590	0	False	568.0	M450		590
222.775	212.138	0	1037.375	<BeadTracker.Bead object at 0x000001A3C940C8E0>	1.0	21	592	592	0	True	552.0	M450		592
222.79	212.427	0	537.077	<BeadTracker.Bead object at 0x000001A3C940CAC0>	2.0	21	593	593	0	False	552.0	M450		593
222.547	211.8	0	1042.001	<BeadTracker.Bead object at 0x000001A3C940CE80>	1.0	22	595	595	0	True	555.0	M450		595
222.628	212.0	0	539.874	<BeadTracker.Bead object at 0x000001A3C94130A0>	2.0	22	596	596	0	False	555.0	M450		596
222.48	211.666	0	1016.767	<BeadTracker.Bead object at 0x000001A3C9413460>	1.0	23	598	598	0	True	559.0	M450		598
222.695	211.94	0	521.0	<BeadTracker.Bead object at 0x000001A3C9413640>	2.0	23	599	599	0	False	559.0	M450		599
222.66	211.995	0	1063.326	<BeadTracker.Bead object at 0x000001A3C9413A00>	1.0	24	601	601	0	True	548.0	M450		601
222.755	212.431	0	519.202	<BeadTracker.Bead object at 0x000001A3C9413BE0>	2.0	24	602	602	0	False	548.0	M450		602
222.506	211.891	0	1086.561	<BeadTracker.Bead object at 0x000001A3C9410160>	1.0	25	604	604	0	True	533.0	M450		604
222.48	212.412	0	547.948	<BeadTracker.Bead object at 0x000001A3C94101C0>	2.0	25	605	605	0	False	533.0	M450		605
222.425	212.332	0	1069.154	<BeadTracker.Bead object at 0x000001A3C9410580>	1.0	26	607	607	0	True	542.0	M450		607
222.326	212.45	0	558.321	<BeadTracker.Bead object at 0x000001A3C9410760>	2.0	26	608	608	0	False	542.0	M450		608
222.879	212.432	0	1135.931	<BeadTracker.Bead object at 0x000001A3C9410B20>	1.0	27	610	610	0	True	546.0	M450		610
222.524	212.912	0	556.265	<BeadTracker.Bead object at 0x000001A3C9410D00>	2.0	27	611	611	0	False	546.0	M450		611
222.987	212.733	0	1172.177	<BeadTracker.Bead object at 0x000001A3C9412100>	1.0	28	613	613	0	True	517.0	M450		613
222.665	213.067	0	563.815	<BeadTracker.Bead object at 0x000001A3C94122E0>	2.0	28	614	614	0	False	517.0	M450		614
223.169	212.695	0	1238.735	<BeadTracker.Bead object at 0x000001A3C94126A0>	1.0	29	616	616	0	True	514.0	M450		616
222.831	213.231	0	573.992	<BeadTracker.Bead object at 0x000001A3C9412880>	2.0	29	617	617	0	False	514.0	M450		617
223.431	212.629	0	1224.411	<BeadTracker.Bead object at 0x000001A3C9412C40>	1.0	30	619	619	0	True	521.0	M450		619
223.172	213.318	0	590.347	<BeadTracker.Bead object at 0x000001A3C9412E20>	2.0	30	620	620	0	False	521.0	M450		620
222.78	213.716	-3	392.329	<BeadTracker.Bead object at 0x000001A3C93E6220>	0.1	0	622	622	0	True	561.0	M450		622
222.747	213.648	-3	520.591	<BeadTracker.Bead object at 0x000001A3C93E6400>	0.1	0	623	623	0	True	561.0	M450		623
222.793	213.536	-3	572.946	<BeadTracker.Bead object at 0x000001A3C93E65E0>	0.1	0	624	624	0	True	522.0	M450		624
222.95	213.497	-3	589.085	<BeadTracker.Bead object at 0x000001A3C93E67C0>	0.1	0	625	625	0	True	508.0	M450		625
222.917	213.544	-3	579.731	<BeadTracker.Bead object at 0x000001A3C93E69A0>	0.1	0	626	626	0	True	518.0	M450		626
223.039	213.491	-3	582.151	<BeadTracker.Bead object at 0x000001A3C93E6B80>	0.1	0	627	627	0	True	526.0	M450		627
222.907	213.318	-3	577.261	<BeadTracker.Bead object at 0x000001A3C93E6D60>	0.1	0	628	628	0	True	508.0	M450		628
222.964	213.518	-3	592.977	<BeadTracker.Bead object at 0x000001A3C9411040>	0.1	0	629	629	0	True	518.0	M450		629
222.965	213.421	-3	576.958	<BeadTracker.Bead object at 0x000001A3C9411160>	0.1	0	630	630	0	True	509.0	M450		630
223.168	213.456	-3	578.031	<BeadTracker.Bead object at 0x000001A3C9411340>	0.1	0	631	631	0	True	509.0	M450		631
223.017	213.458	-3	586.446	<BeadTracker.Bead object at 0x000001A3C9411520>	0.1	0	632	632	0	True	511.0	M450		632
223.049	213.492	-3	591.591	<BeadTracker.Bead object at 0x000001A3C9411700>	0.1	0	633	633	0	True	509.0	M450		633
222.993	213.622	-3	591.749	<BeadTracker.Bead object at 0x000001A3C94118E0>	0.1	0	634	634	0	True	517.0	M450		634
223.087	213.643	-3	588.987	<BeadTracker.Bead object at 0x000001A3C9411AC0>	0.1	0	635	635	0	True	517.0	M450		635
223.114	213.534	-3	589.456	<BeadTracker.Bead object at 0x000001A3C9411CA0>	0.1	0	636	636	0	True	518.0	M450		636
223.186	213.464	-3	595.239	<BeadTracker.Bead object at 0x000001A3C9411E80>	0.1	0	637	637	0	True	510.0	M450		637
223.093	213.517	-3	586.625	<BeadTracker.Bead object at 0x000001A3C94050A0>	0.1	0	638	638	0	True	519.0	M450		638
223.161	213.471	-3	589.276	<BeadTracker.Bead object at 0x000001A3C9405280>	0.1	0	639	639	0	True	510.0	M450		639
223.057	213.477	-3	595.467	<BeadTracker.Bead object at 0x000001A3C9405460>	0.1	0	640	640	0	True	525.0	M450		640
223.281	213.616	-3	600.824	<BeadTracker.Bead object at 0x000001A3C9405640>	0.1	0	641	641	0	True	517.0	M450		641
223.098	213.477	-3	599.879	<BeadTracker.Bead object at 0x000001A3C9405820>	0.1	0	642	642	0	True	509.0	M450		642
223.159	213.485	-3	598.165	<BeadTracker.Bead object at 0x000001A3C9405A00>	0.1	0	643	643	0	True	509.0	M450		643
223.029	213.577	-3	585.254	<BeadTracker.Bead object at 0x000001A3C9405BE0>	0.1	0	644	644	0	True	519.0	M450		644
223.158	213.616	-3	575.56	<BeadTracker.Bead object at 0x000001A3C9405DC0>	0.1	0	645	645	0	True	518.0	M450		645
223.07	213.528	-3	592.152	<BeadTracker.Bead object at 0x000001A3C9402160>	0.1	0	646	646	0	True	518.0	M450		646
223.056	213.501	-3	582.855	<BeadTracker.Bead object at 0x000001A3C94021C0>	0.1	0	647	647	0	True	518.0	M450		647
223.008	213.576	-3	596.958	<BeadTracker.Bead object at 0x000001A3C94023A0>	0.1	0	648	648	0	True	518.0	M450		648
223.062	213.649	-3	584.306	<BeadTracker.Bead object at 0x000001A3C9402580>	0.1	0	649	649	0	True	518.0	M450		649
222.956	213.522	-3	603.052	<BeadTracker.Bead object at 0x000001A3C9402760>	0.1	0	650	650	0	True	518.0	M450		650
223.082	213.434	-3	594.063	<BeadTracker.Bead object at 0x000001A3C9402940>	0.1	0	651	651	0	True	509.0	M450		651
222.825	213.393	-3	584.275	<BeadTracker.Bead object at 0x000001A3C9402B20>	0.1	0	652	652	0	True	505.0	M450		652
222.939	213.563	-3	579.919	<BeadTracker.Bead object at 0x000001A3C9402D00>	0.1	0	653	653	0	True	518.0	M450		653
222.859	213.434	-3	565.236	<BeadTracker.Bead object at 0x000001A3C941B040>	0.1	0	654	654	0	True	510.0	M450		654
223.014	213.491	-3	574.235	<BeadTracker.Bead object at 0x000001A3C941B100>	0.1	0	655	655	0	True	508.0	M450		655
222.946	213.447	-3	590.84	<BeadTracker.Bead object at 0x000001A3C941B2E0>	0.1	0	656	656	0	True	506.0	M450		656
222.929	213.409	-3	577.524	<BeadTracker.Bead object at 0x000001A3C941B4C0>	0.1	0	657	657	0	True	525.0	M450		657
222.847	213.515	-3	579.375	<BeadTracker.Bead object at 0x000001A3C941B6A0>	0.1	0	658	658	0	True	518.0	M450		658
222.883	213.524	-3	569.083	<BeadTracker.Bead object at 0x000001A3C941B880>	0.1	0	659	659	0	True	519.0	M450		659
222.898	213.49	-3	576.152	<BeadTracker.Bead object at 0x000001A3C941BA60>	0.1	0	660	660	0	True	506.0	M450		660
222.943	213.497	-3	579.029	<BeadTracker.Bead object at 0x000001A3C941BC40>	0.1	0	661	661	0	True	526.0	M450		661
222.908	213.393	-3	574.527	<BeadTracker.Bead object at 0x000001A3C941BE20>	0.1	0	662	662	0	True	506.0	M450		662
222.958	213.578	-3	570.792	<BeadTracker.Bead object at 0x000001A3C9401040>	0.1	0	663	663	0	True	518.0	M450		663
222.98	213.51	-3	574.271	<BeadTracker.Bead object at 0x000001A3C9401220>	0.1	0	664	664	0	True	520.0	M450		664
223.124	213.509	-3	586.623	<BeadTracker.Bead object at 0x000001A3C9401400>	0.1	0	665	665	0	True	517.0	M450		665
223.013	213.468	-3	589.01	<BeadTracker.Bead object at 0x000001A3C94015E0>	0.1	0	666	666	0	True	509.0	M450		666
223.033	213.605	-3	589.339	<BeadTracker.Bead object at 0x000001A3C94017C0>	0.1	0	667	667	0	True	517.0	M450		667
223.003	213.541	-3	586.118	<BeadTracker.Bead object at 0x000001A3C94019A0>	0.1	0	668	668	0	True	518.0	M450		668
223.082	213.606	-3	572.621	<BeadTracker.Bead object at 0x000001A3C9401B80>	0.1	0	669	669	0	True	517.0	M450		669
223.109	213.473	-3	579.365	<BeadTracker.Bead object at 0x000001A3C9401D60>	0.1	0	670	670	0	True	510.0	M450		670
223.199	213.512	-3	585.146	<BeadTracker.Bead object at 0x000001A3C8773040>	0.1	0	671	671	0	True	519.0	M450		671
223.117	213.462	-3	584.974	<BeadTracker.Bead object at 0x000001A3C8773160>	0.1	0	672	672	0	True	509.0	M450		672
223.175	213.569	-3	582.974	<BeadTracker.Bead object at 0x000001A3C8773340>	0.1	0	673	673	0	True	519.0	M450		673
223.201	213.483	-3	586.516	<BeadTracker.Bead object at 0x000001A3C8773520>	0.1	0	674	674	0	True	528.0	M450		674
223.406	213.598	-3	588.39	<BeadTracker.Bead object at 0x000001A3C8773700>	0.1	0	675	675	0	True	519.0	M450		675
223.226	213.441	-3	579.594	<BeadTracker.Bead object at 0x000001A3C87738E0>	0.1	0	676	676	0	True	508.0	M450		676
223.218	213.524	-3	571.731	<BeadTracker.Bead object at 0x000001A3C8773AC0>	0.1	0	677	677	0	True	520.0	M450		677
223.155	213.451	-3	568.559	<BeadTracker.Bead object at 0x000001A3C8773CA0>	0.1	0	678	678	0	True	510.0	M450		678
223.326	213.398	-3	579.715	<BeadTracker.Bead object at 0x000001A3C8773E80>	0.1	0	679	679	0	True	526.0	M450		679
223.258	213.294	-3	574.249	<BeadTracker.Bead object at 0x000001A3C87630A0>	0.1	0	680	680	0	True	523.0	M450		680
223.269	213.372	-3	565.434	<BeadTracker.Bead object at 0x000001A3C8763280>	0.1	0	681	681	0	True	524.0	M450		681
223.123	213.314	-3	568.625	<BeadTracker.Bead object at 0x000001A3C8763460>	0.1	0	682	682	0	True	523.0	M450		682
223.186	213.336	-3	584.982	<BeadTracker.Bead object at 0x000001A3C8763640>	0.1	0	683	683	0	True	523.0	M450		683
223.254	213.158	-3	573.285	<BeadTracker.Bead object at 0x000001A3C8763820>	0.1	0	684	684	0	True	508.0	M450		684
223.23	213.457	-3	581.423	<BeadTracker.Bead object at 0x000001A3C8763A00>	0.1	0	685	685	0	True	509.0	M450		685
223.155	213.528	-3	574.238	<BeadTracker.Bead object at 0x000001A3C8763BE0>	0.1	0	686	686	0	True	542.0	M450		686
223.116	213.322	-3	563.916	<BeadTracker.Bead object at 0x000001A3C8763DC0>	0.1	0	687	687	0	True	511.0	M450		687
223.041	213.232	-3	567.466	<BeadTracker.Bead object at 0x000001A3C8786160>	0.1	0	688	688	0	True	509.0	M450		688
223.228	213.165	-3	553.46	<BeadTracker.Bead object at 0x000001A3C87861C0>	0.1	0	689	689	0	True	523.0	M450		689
223.143	213.279	-3	575.314	<BeadTracker.Bead object at 0x000001A3C87863A0>	0.1	0	690	690	0	True	524.0	M450		690
223.176	213.37	-3	559.19	<BeadTracker.Bead object at 0x000001A3C8786580>	0.1	0	691	691	0	True	525.0	M450		691
223.101	213.291	-3	558.594	<BeadTracker.Bead object at 0x000001A3C8786760>	0.1	0	692	692	0	True	526.0	M450		692
223.129	213.292	-3	565.672	<BeadTracker.Bead object at 0x000001A3C8786940>	0.1	0	693	693	0	True	526.0	M450		693
223.143	213.282	-3	569.678	<BeadTracker.Bead object at 0x000001A3C8786B20>	0.1	0	694	694	0	True	511.0	M450		694
223.265	213.495	-3	563.417	<BeadTracker.Bead object at 0x000001A3C8786D00>	0.1	0	695	695	0	True	531.0	M450		695
223.088	213.504	-3	561.765	<BeadTracker.Bead object at 0x000001A3C878F040>	0.1	0	696	696	0	True	543.0	M450		696
223.132	213.411	-3	562.648	<BeadTracker.Bead object at 0x000001A3C878F100>	0.1	0	697	697	0	True	526.0	M450		697
223.116	213.383	-3	561.514	<BeadTracker.Bead object at 0x000001A3C878F2E0>	0.1	0	698	698	0	True	524.0	M450		698
223.194	213.386	-3	573.202	<BeadTracker.Bead object at 0x000001A3C878F4C0>	0.1	0	699	699	0	True	527.0	M450		699
223.138	213.512	-3	554.542	<BeadTracker.Bead object at 0x000001A3C878F6A0>	0.1	0	700	700	0	True	542.0	M450		700
223.313	213.487	-3	574.645	<BeadTracker.Bead object at 0x000001A3C878F880>	0.1	0	701	701	0	True	530.0	M450		701
223.229	213.535	-3	569.107	<BeadTracker.Bead object at 0x000001A3C878FA60>	0.1	0	702	702	0	True	520.0	M450		702
223.353	213.449	-3	563.411	<BeadTracker.Bead object at 0x000001A3C878FC40>	0.1	0	703	703	0	True	527.0	M450		703
223.207	213.524	-3	573.595	<BeadTracker.Bead object at 0x000001A3C878FE20>	0.1	0	704	704	0	True	520.0	M450		704
223.512	213.691	-3	577.764	<BeadTracker.Bead object at 0x000001A3C8798040>	0.1	0	705	705	0	True	542.0	M450		705
223.362	213.374	-3	567.782	<BeadTracker.Bead object at 0x000001A3C8798220>	0.1	0	706	706	0	True	530.0	M450		706
223.402	213.454	-3	571.709	<BeadTracker.Bead object at 0x000001A3C8798400>	0.1	0	707	707	0	True	527.0	M450		707
223.321	213.415	-3	571.23	<BeadTracker.Bead object at 0x000001A3C87985E0>	0.1	0	708	708	0	True	529.0	M450		708
223.579	213.65	-3	564.359	<BeadTracker.Bead object at 0x000001A3C87987C0>	0.1	0	709	709	0	True	542.0	M450		709
223.503	213.588	-3	580.875	<BeadTracker.Bead object at 0x000001A3C87989A0>	0.1	0	710	710	0	True	519.0	M450		710
223.517	213.487	-3	564.286	<BeadTracker.Bead object at 0x000001A3C8798B80>	0.1	0	711	711	0	True	505.0	M450		711
223.508	213.386	-3	564.396	<BeadTracker.Bead object at 0x000001A3C8798D60>	0.1	0	712	712	0	True	505.0	M450		712
223.527	213.471	-3	575.325	<BeadTracker.Bead object at 0x000001A3C876B040>	0.1	0	713	713	0	True	506.0	M450		713
223.551	213.516	-3	584.336	<BeadTracker.Bead object at 0x000001A3C876B160>	0.1	0	714	714	0	True	518.0	M450		714
223.678	213.598	-3	561.957	<BeadTracker.Bead object at 0x000001A3C876B340>	0.1	0	715	715	0	True	541.0	M450		715
223.519	213.365	-3	578.794	<BeadTracker.Bead object at 0x000001A3C876B520>	0.1	0	716	716	0	True	504.0	M450		716
223.574	213.346	-3	567.803	<BeadTracker.Bead object at 0x000001A3C876B700>	0.1	0	717	717	0	True	505.0	M450		717
223.518	213.321	-3	574.332	<BeadTracker.Bead object at 0x000001A3C876B8E0>	0.1	0	718	718	0	True	505.0	M450		718
223.637	213.6	-3	574.742	<BeadTracker.Bead object at 0x000001A3C876BAC0>	0.1	0	719	719	0	True	519.0	M450		719
223.574	213.555	-3	568.332	<BeadTracker.Bead object at 0x000001A3C876BCA0>	0.1	0	720	720	0	True	520.0	M450		720
223.569	213.403	-3	569.268	<BeadTracker.Bead object at 0x000001A3C876BE80>	0.1	0	721	721	0	True	505.0	M450		721
223.367	213.359	-3	574.8	<BeadTracker.Bead object at 0x000001A3C87650A0>	0.1	0	722	722	0	True	509.0	M450		722
223.615	213.407	-3	568.681	<BeadTracker.Bead object at 0x000001A3C8765280>	0.1	0	723	723	0	True	505.0	M450		723
223.49	213.437	-3	562.219	<BeadTracker.Bead object at 0x000001A3C8765460>	0.1	0	724	724	0	True	528.0	M450		724
223.49	213.377	-3	559.789	<BeadTracker.Bead object at 0x000001A3C8765640>	0.1	0	725	725	0	True	526.0	M450		725
223.386	213.327	-3	562.088	<BeadTracker.Bead object at 0x000001A3C8765820>	0.1	0	726	726	0	True	526.0	M450		726
223.398	213.355	-3	571.647	<BeadTracker.Bead object at 0x000001A3C8765A00>	0.1	0	727	727	0	True	528.0	M450		727
223.459	213.328	-3	572.727	<BeadTracker.Bead object at 0x000001A3C8765BE0>	0.1	0	728	728	0	True	527.0	M450		728
223.533	213.53	-3	554.975	<BeadTracker.Bead object at 0x000001A3C8765DC0>	0.1	0	729	729	0	True	543.0	M450		729
223.374	213.521	-3	563.095	<BeadTracker.Bead object at 0x000001A3C879B160>	0.1	0	730	730	0	True	543.0	M450		730
223.36	213.366	-3	569.705	<BeadTracker.Bead object at 0x000001A3C879B1C0>	0.1	0	731	731	0	True	526.0	M450		731
223.332	213.429	-3	554.268	<BeadTracker.Bead object at 0x000001A3C879B3A0>	0.1	0	732	732	0	True	532.0	M450		732
223.458	213.559	-3	572.942	<BeadTracker.Bead object at 0x000001A3C879B580>	0.1	0	733	733	0	True	520.0	M450		733
223.468	213.461	-3	579.473	<BeadTracker.Bead object at 0x000001A3C879B760>	0.1	0	734	734	0	True	529.0	M450		734
223.675	213.521	-3	561.526	<BeadTracker.Bead object at 0x000001A3C879B940>	0.1	0	735	735	0	True	543.0	M450		735
223.352	213.479	-3	553.084	<BeadTracker.Bead object at 0x000001A3C879BB20>	0.1	0	736	736	0	True	533.0	M450		736
223.438	213.541	-3	568.773	<BeadTracker.Bead object at 0x000001A3C879BD00>	0.1	0	737	737	0	True	521.0	M450		737
223.578	213.507	-3	573.865	<BeadTracker.Bead object at 0x000001A3C8775040>	0.1	0	738	738	0	True	542.0	M450		738
223.82	213.672	-3	582.956	<BeadTracker.Bead object at 0x000001A3C8775100>	0.1	0	739	739	0	True	520.0	M450		739
223.661	213.597	-3	567.678	<BeadTracker.Bead object at 0x000001A3C87752E0>	0.1	0	740	740	0	True	542.0	M450		740
223.711	213.564	-3	575.893	<BeadTracker.Bead object at 0x000001A3C87754C0>	0.1	0	741	741	0	True	519.0	M450		741
223.589	213.587	-3	580.927	<BeadTracker.Bead object at 0x000001A3C87756A0>	0.1	0	742	742	0	True	543.0	M450		742
223.831	213.6	-3	581.794	<BeadTracker.Bead object at 0x000001A3C8775880>	0.1	0	743	743	0	True	520.0	M450		743
223.763	213.598	-3	573.828	<BeadTracker.Bead object at 0x000001A3C8775A60>	0.1	0	744	744	0	True	520.0	M450		744
223.872	213.56	-3	586.036	<BeadTracker.Bead object at 0x000001A3C8775C40>	0.1	0	745	745	0	True	519.0	M450		745
223.779	213.586	-3	581.43	<BeadTracker.Bead object at 0x000001A3C8775E20>	0.1	0	746	746	0	True	519.0	M450		746
223.882	213.646	-3	570.65	<BeadTracker.Bead object at 0x000001A3C8770040>	0.1	0	747	747	0	True	541.0	M450		747
223.889	213.532	-3	590.487	<BeadTracker.Bead object at 0x000001A3C8770220>	0.1	0	748	748	0	True	519.0	M450		748
224.039	213.571	-3	583.319	<BeadTracker.Bead object at 0x000001A3C8770400>	0.1	0	749	749	0	True	518.0	M450		749
223.919	213.495	-3	601.128	<BeadTracker.Bead object at 0x000001A3C87705E0>	0.1	0	750	750	0	True	538.0	M450		750
223.95	213.501	-3	592.807	<BeadTracker.Bead object at 0x000001A3C87707C0>	0.1	0	751	751	0	True	518.0	M450		751
223.874	213.527	-3	589.406	<BeadTracker.Bead object at 0x000001A3C87709A0>	0.1	0	752	752	0	True	519.0	M450		752
223.962	213.515	-3	594.494	<BeadTracker.Bead object at 0x000001A3C8770B80>	0.1	0	753	753	0	True	520.0	M450		753
223.915	213.517	-3	587.035	<BeadTracker.Bead object at 0x000001A3C8770D60>	0.1	0	754	754	0	True	519.0	M450		754
223.921	213.524	3	591.745	<BeadTracker.Bead object at 0x000001A3C8780040>	0.0	0	755	755	0	True	518.0	M450		755
223.854	213.534	3	584.614	<BeadTracker.Bead object at 0x000001A3C8780160>	0.0	0	756	756	0	True	518.0	M450		756
223.894	213.499	3	577.644	<BeadTracker.Bead object at 0x000001A3C8780340>	0.0	0	757	757	0	True	506.0	M450		757
223.882	213.383	3	590.86	<BeadTracker.Bead object at 0x000001A3C8780520>	0.0	0	758	758	0	True	526.0	M450		758
224.011	213.476	3	592.215	<BeadTracker.Bead object at 0x000001A3C8780700>	0.0	0	759	759	0	True	506.0	M450		759
223.805	213.358	3	586.95	<BeadTracker.Bead object at 0x000001A3C87808E0>	0.0	0	760	760	0	True	504.0	M450		760
223.858	213.544	3	600.734	<BeadTracker.Bead object at 0x000001A3C8780AC0>	0.0	0	761	761	0	True	518.0	M450		761
223.874	213.456	3	571.554	<BeadTracker.Bead object at 0x000001A3C8780CA0>	0.0	0	762	762	0	True	506.0	M450		762
223.986	213.458	3	577.791	<BeadTracker.Bead object at 0x000001A3C8780E80>	0.0	0	763	763	0	True	506.0	M450		763
223.888	213.487	3	590.41	<BeadTracker.Bead object at 0x000001A3C93110A0>	0.0	0	764	764	0	True	506.0	M450		764
223.9	213.626	3	574.801	<BeadTracker.Bead object at 0x000001A3C9311280>	0.0	0	765	765	0	True	518.0	M450		765
223.815	213.621	3	575.917	<BeadTracker.Bead object at 0x000001A3C9311460>	0.0	0	766	766	0	True	506.0	M450		766
223.859	213.669	3	571.149	<BeadTracker.Bead object at 0x000001A3C9311640>	0.0	0	767	767	0	True	518.0	M450		767
223.83	213.579	3	577.112	<BeadTracker.Bead object at 0x000001A3C9311820>	0.0	0	768	768	0	True	519.0	M450		768
223.913	213.564	3	580.548	<BeadTracker.Bead object at 0x000001A3C9311A00>	0.0	0	769	769	0	True	518.0	M450		769
223.858	213.612	3	580.994	<BeadTracker.Bead object at 0x000001A3C9311BE0>	0.0	0	770	770	0	True	506.0	M450		770
223.912	213.654	3	580.189	<BeadTracker.Bead object at 0x000001A3C9311DC0>	0.0	0	771	771	0	True	519.0	M450		771
223.85	213.696	3	587.605	<BeadTracker.Bead object at 0x000001A3C9305160>	0.0	0	772	772	0	True	518.0	M450		772
223.986	213.781	3	584.252	<BeadTracker.Bead object at 0x000001A3C93051C0>	0.0	0	773	773	0	True	517.0	M450		773
223.874	213.706	3	578.595	<BeadTracker.Bead object at 0x000001A3C93053A0>	0.0	0	774	774	0	True	517.0	M450		774
223.911	213.843	3	568.316	<BeadTracker.Bead object at 0x000001A3C9305580>	0.0	0	775	775	0	True	518.0	M450		775
223.915	213.75	3	567.903	<BeadTracker.Bead object at 0x000001A3C9305760>	0.0	0	776	776	0	True	517.0	M450		776
224.021	213.857	3	564.589	<BeadTracker.Bead object at 0x000001A3C9305940>	0.0	0	777	777	0	True	517.0	M450		777
223.926	213.895	3	576.953	<BeadTracker.Bead object at 0x000001A3C9305B20>	0.0	0	778	778	0	True	508.0	M450		778
224.066	213.89	3	579.501	<BeadTracker.Bead object at 0x000001A3C9305D00>	0.0	0	779	779	0	True	517.0	M450		779
223.984	213.869	3	572.84	<BeadTracker.Bead object at 0x000001A3C92FA040>	0.0	0	780	780	0	True	517.0	M450		780
224.072	213.864	3	581.562	<BeadTracker.Bead object at 0x000001A3C92FA100>	0.0	0	781	781	0	True	508.0	M450		781
224.038	213.795	3	573.06	<BeadTracker.Bead object at 0x000001A3C92FA2E0>	0.0	0	782	782	0	True	516.0	M450		782
224.169	213.937	3	563.642	<BeadTracker.Bead object at 0x000001A3C92FA4C0>	0.0	0	783	783	0	True	510.0	M450		783
224.024	213.853	3	587.244	<BeadTracker.Bead object at 0x000001A3C92FA6A0>	0.0	0	784	784	0	True	515.0	M450		784
224.107	213.842	3	584.579	<BeadTracker.Bead object at 0x000001A3C92FA880>	0.0	0	785	785	0	True	508.0	M450		785
224.066	213.755	3	591.804	<BeadTracker.Bead object at 0x000001A3C92FAA60>	0.0	0	786	786	0	True	515.0	M450		786
224.179	213.805	3	589.501	<BeadTracker.Bead object at 0x000001A3C92FAC40>	0.0	0	787	787	0	True	508.0	M450		787
224.05	213.901	3	582.553	<BeadTracker.Bead object at 0x000001A3C92FAE20>	0.0	0	788	788	0	True	506.0	M450		788
224.042	213.911	3	574.066	<BeadTracker.Bead object at 0x000001A3C9308040>	0.0	0	789	789	0	True	508.0	M450		789
224.002	213.71	3	592.156	<BeadTracker.Bead object at 0x000001A3C9308220>	0.0	0	790	790	0	True	506.0	M450		790
224.081	213.812	3	585.893	<BeadTracker.Bead object at 0x000001A3C9308400>	0.0	0	791	791	0	True	510.0	M450		791
223.937	213.721	3	605.522	<BeadTracker.Bead object at 0x000001A3C93085E0>	0.0	0	792	792	0	True	505.0	M450		792
224.1	213.922	3	581.064	<BeadTracker.Bead object at 0x000001A3C93087C0>	0.0	0	793	793	0	True	511.0	M450		793
223.931	213.896	3	562.516	<BeadTracker.Bead object at 0x000001A3C93089A0>	0.0	0	794	794	0	True	507.0	M450		794
223.94	213.85	3	570.785	<BeadTracker.Bead object at 0x000001A3C9308B80>	0.0	0	795	795	0	True	516.0	M450		795
223.841	213.838	3	585.538	<BeadTracker.Bead object at 0x000001A3C9308D60>	0.0	0	796	796	0	True	510.0	M450		796
223.883	214.017	3	574.801	<BeadTracker.Bead object at 0x000001A3C92EA040>	0.0	0	797	797	0	True	511.0	M450		797
223.835	213.941	3	572.596	<BeadTracker.Bead object at 0x000001A3C92EA160>	0.0	0	798	798	0	True	516.0	M450		798
223.815	213.96	3	570.747	<BeadTracker.Bead object at 0x000001A3C92EA340>	0.0	0	799	799	0	True	509.0	M450		799
223.764	213.986	3	567.611	<BeadTracker.Bead object at 0x000001A3C92EA520>	0.0	0	800	800	0	True	513.0	M450		800
223.773	214.086	3	571.069	<BeadTracker.Bead object at 0x000001A3C92EA700>	0.0	0	801	801	0	True	510.0	M450		801
223.651	214.103	3	549.725	<BeadTracker.Bead object at 0x000001A3C92EA8E0>	0.0	0	802	802	0	True	511.0	M450		802
223.639	214.079	3	555.289	<BeadTracker.Bead object at 0x000001A3C92EAAC0>	0.0	0	803	803	0	True	511.0	M450		803
223.521	213.94	3	554.877	<BeadTracker.Bead object at 0x000001A3C92EACA0>	0.0	0	804	804	0	True	513.0	M450		804
223.583	214.089	3	557.639	<BeadTracker.Bead object at 0x000001A3C92EAE80>	0.0	0	805	805	0	True	522.0	M450		805
223.381	214.019	3	567.069	<BeadTracker.Bead object at 0x000001A3C931A0A0>	0.0	0	806	806	0	True	525.0	M450		806
223.574	214.26	3	554.335	<BeadTracker.Bead object at 0x000001A3C931A280>	0.0	0	807	807	0	True	523.0	M450		807
223.299	214.259	3	538.701	<BeadTracker.Bead object at 0x000001A3C931A460>	0.0	0	808	808	0	True	528.0	M450		808
223.406	214.117	3	539.239	<BeadTracker.Bead object at 0x000001A3C931A640>	0.0	0	809	809	0	True	528.0	M450		809
223.234	213.97	3	552.319	<BeadTracker.Bead object at 0x000001A3C931A820>	0.0	0	810	810	0	True	526.0	M450		810
223.325	214.006	3	536.652	<BeadTracker.Bead object at 0x000001A3C931AA00>	0.0	0	811	811	0	True	529.0	M450		811
223.199	213.991	3	531.591	<BeadTracker.Bead object at 0x000001A3C931ABE0>	0.0	0	812	812	0	True	545.0	M450		812
223.265	213.987	3	527.389	<BeadTracker.Bead object at 0x000001A3C931ADC0>	0.0	0	813	813	0	True	545.0	M450		813
223.077	213.887	3	519.286	<BeadTracker.Bead object at 0x000001A3C92E8160>	0.0	0	814	814	0	True	547.0	M450		814
223.124	213.757	3	521.532	<BeadTracker.Bead object at 0x000001A3C92E81C0>	0.0	0	815	815	0	True	546.0	M450		815
223.124	213.577	3	507.822	<BeadTracker.Bead object at 0x000001A3C92E83A0>	0.0	0	816	816	0	True	548.0	M450		816
223.1	213.66	3	500.652	<BeadTracker.Bead object at 0x000001A3C92E8580>	0.0	0	817	817	0	True	565.0	M450		817
222.986	213.432	3	493.754	<BeadTracker.Bead object at 0x000001A3C92E8760>	0.0	0	818	818	0	True	551.0	M450		818
222.961	213.38	3	498.488	<BeadTracker.Bead object at 0x000001A3C92E8940>	0.0	0	819	819	0	True	551.0	M450		819
222.885	212.99	3	467.544	<BeadTracker.Bead object at 0x000001A3C92E8B20>	0.0	0	820	820	0	True	568.0	M450		820
223.234	213.141	3	476.914	<BeadTracker.Bead object at 0x000001A3C92E8D00>	0.0	0	821	821	0	True	570.0	M450		821
222.659	213.263	3	471.497	<BeadTracker.Bead object at 0x000001A3C9304040>	0.0	0	822	822	0	True	553.0	M450		822
223.088	213.518	3	478.754	<BeadTracker.Bead object at 0x000001A3C9304100>	0.0	0	823	823	0	True	569.0	M450		823
222.813	213.556	3	490.947	<BeadTracker.Bead object at 0x000001A3C93042E0>	0.0	0	824	824	0	True	567.0	M450		824
222.841	213.696	3	496.842	<BeadTracker.Bead object at 0x000001A3C93044C0>	0.0	0	825	825	0	True	565.0	M450		825
222.838	213.742	3	500.994	<BeadTracker.Bead object at 0x000001A3C93046A0>	0.0	0	826	826	0	True	564.0	M450		826
222.876	213.9	3	518.188	<BeadTracker.Bead object at 0x000001A3C9304880>	0.0	0	827	827	0	True	551.0	M450		827
222.783	214.091	3	504.532	<BeadTracker.Bead object at 0x000001A3C9304A60>	0.0	0	828	828	0	True	549.0	M450		828
222.8	213.989	3	513.448	<BeadTracker.Bead object at 0x000001A3C9304C40>	0.0	0	829	829	0	True	548.0	M450		829
222.692	213.986	3	512.578	<BeadTracker.Bead object at 0x000001A3C9304E20>	0.0	0	830	830	0	True	547.0	M450		830
222.737	214.171	3	532.875	<BeadTracker.Bead object at 0x000001A3C92E1040>	0.0	0	831	831	0	True	544.0	M450		831
222.737	214.138	3	521.689	<BeadTracker.Bead object at 0x000001A3C92E1220>	0.0	0	832	832	0	True	545.0	M450		832
222.827	214.244	3	539.052	<BeadTracker.Bead object at 0x000001A3C92E1400>	0.0	0	833	833	0	True	544.0	M450		833
222.719	214.152	3	529.279	<BeadTracker.Bead object at 0x000001A3C92E15E0>	0.0	0	834	834	0	True	544.0	M450		834
222.79	214.282	3	532.684	<BeadTracker.Bead object at 0x000001A3C92E17C0>	0.0	0	835	835	0	True	544.0	M450		835
222.62	214.257	3	541.665	<BeadTracker.Bead object at 0x000001A3C92E19A0>	0.0	0	836	836	0	True	531.0	M450		836
222.726	214.449	3	539.166	<BeadTracker.Bead object at 0x000001A3C92E1B80>	0.0	0	837	837	0	True	545.0	M450		837
222.728	214.281	3	556.62	<BeadTracker.Bead object at 0x000001A3C92E1D60>	0.0	0	838	838	0	True	544.0	M450		838
222.751	214.425	3	547.356	<BeadTracker.Bead object at 0x000001A3C92F7040>	0.0	0	839	839	0	True	544.0	M450		839
222.774	214.239	3	548.387	<BeadTracker.Bead object at 0x000001A3C92F7160>	0.0	0	840	840	0	True	530.0	M450		840
222.875	214.494	3	550.666	<BeadTracker.Bead object at 0x000001A3C92F7340>	0.0	0	841	841	0	True	532.0	M450		841
222.857	214.344	3	552.278	<BeadTracker.Bead object at 0x000001A3C92F7520>	0.0	0	842	842	0	True	530.0	M450		842
222.795	214.386	3	544.29	<BeadTracker.Bead object at 0x000001A3C92F7700>	0.0	0	843	843	0	True	529.0	M450		843
222.78	214.324	3	559.576	<BeadTracker.Bead object at 0x000001A3C92F78E0>	0.0	0	844	844	0	True	527.0	M450		844
222.927	214.439	3	552.691	<BeadTracker.Bead object at 0x000001A3C92F7AC0>	0.0	0	845	845	0	True	530.0	M450		845
222.93	214.336	3	550.55	<BeadTracker.Bead object at 0x000001A3C92F7CA0>	0.0	0	846	846	0	True	529.0	M450		846
223.133	214.511	3	558.021	<BeadTracker.Bead object at 0x000001A3C92F7E80>	0.0	0	847	847	0	True	544.0	M450		847
222.939	214.234	3	557.002	<BeadTracker.Bead object at 0x000001A3C93070A0>	0.0	0	848	848	0	True	526.0	M450		848
223.071	214.449	3	565.413	<BeadTracker.Bead object at 0x000001A3C9307280>	0.0	0	849	849	0	True	528.0	M450		849
222.998	214.328	3	574.222	<BeadTracker.Bead object at 0x000001A3C9307460>	0.0	0	850	850	0	True	526.0	M450		850
223.182	214.46	3	590.002	<BeadTracker.Bead object at 0x000001A3C9307640>	0.0	0	851	851	0	True	529.0	M450		851
223.199	214.379	3	587.612	<BeadTracker.Bead object at 0x000001A3C9307820>	0.0	0	852	852	0	True	527.0	M450		852
223.161	214.39	3	570.901	<BeadTracker.Bead object at 0x000001A3C9307A00>	0.0	0	853	853	0	True	528.0	M450		853
223.155	214.279	3	559.615	<BeadTracker.Bead object at 0x000001A3C9307BE0>	0.0	0	854	854	0	True	525.0	M450		854
223.267	214.388	3	586.336	<BeadTracker.Bead object at 0x000001A3C9307DC0>	0.0	0	855	855	0	True	527.0	M450		855
223.222	214.195	3	564.918	<BeadTracker.Bead object at 0x000001A3C9312160>	0.0	0	856	856	0	True	526.0	M450		856
223.267	214.283	3	580.544	<BeadTracker.Bead object at 0x000001A3C93121C0>	0.0	0	857	857	0	True	524.0	M450		857
223.235	214.309	3	587.099	<BeadTracker.Bead object at 0x000001A3C93123A0>	0.0	0	858	858	0	True	526.0	M450		858
223.25	214.256	3	590.449	<BeadTracker.Bead object at 0x000001A3C9312580>	0.0	0	859	859	0	True	528.0	M450		859
223.135	214.136	3	578.285	<BeadTracker.Bead object at 0x000001A3C9312760>	0.0	0	860	860	0	True	523.0	M450		860
223.33	214.235	3	581.399	<BeadTracker.Bead object at 0x000001A3C9312940>	0.0	0	861	861	0	True	527.0	M450		861
223.208	214.174	3	571.749	<BeadTracker.Bead object at 0x000001A3C9312B20>	0.0	0	862	862	0	True	514.0	M450		862
223.247	214.222	3	583.924	<BeadTracker.Bead object at 0x000001A3C9312D00>	0.0	0	863	863	0	True	525.0	M450		863
223.133	214.096	3	582.109	<BeadTracker.Bead object at 0x000001A3C5287040>	0.0	0	864	864	0	True	513.0	M450		864
223.201	214.197	3	574.868	<BeadTracker.Bead object at 0x000001A3C5287100>	0.0	0	865	865	0	True	525.0	M450		865
223.112	214.155	3	564.531	<BeadTracker.Bead object at 0x000001A3C52872E0>	0.0	0	866	866	0	True	526.0	M450		866
223.144	214.119	3	572.704	<BeadTracker.Bead object at 0x000001A3C52874C0>	0.0	0	867	867	0	True	526.0	M450		867
222.991	214.024	3	582.062	<BeadTracker.Bead object at 0x000001A3C52876A0>	0.0	0	868	868	0	True	523.0	M450		868
223.081	214.186	3	579.762	<BeadTracker.Bead object at 0x000001A3C5287880>	0.0	0	869	869	0	True	524.0	M450		869
223.022	213.977	3	572.181	<BeadTracker.Bead object at 0x000001A3C5287A60>	0.0	0	870	870	0	True	526.0	M450		870
223.169	214.178	3	564.489	<BeadTracker.Bead object at 0x000001A3C5287C40>	0.0	0	871	871	0	True	527.0	M450		871
223.033	214.105	3	586.336	<BeadTracker.Bead object at 0x000001A3C5287E20>	0.0	0	872	872	0	True	523.0	M450		872
222.983	214.185	3	575.301	<BeadTracker.Bead object at 0x000001A3C5270040>	0.0	0	873	873	0	True	526.0	M450		873
222.976	214.155	3	570.282	<BeadTracker.Bead object at 0x000001A3C5270220>	0.0	0	874	874	0	True	526.0	M450		874
223.1	214.255	3	562.963	<BeadTracker.Bead object at 0x000001A3C5270400>	0.0	0	875	875	0	True	527.0	M450		875
223.1	214.244	3	564.908	<BeadTracker.Bead object at 0x000001A3C52705E0>	0.0	0	876	876	0	True	526.0	M450		876
223.079	214.294	3	558.844	<BeadTracker.Bead object at 0x000001A3C52707C0>	0.0	0	877	877	0	True	529.0	M450		877
223.009	214.153	3	564.667	<BeadTracker.Bead object at 0x000001A3C52709A0>	0.0	0	878	878	0	True	529.0	M450		878
223.083	214.286	3	567.236	<BeadTracker.Bead object at 0x000001A3C5270B80>	0.0	0	879	879	0	True	529.0	M450		879
223.021	214.067	3	584.298	<BeadTracker.Bead object at 0x000001A3C5270D60>	0.0	0	880	880	0	True	528.0	M450		880
223.241	214.375	3	570.343	<BeadTracker.Bead object at 0x000001A3C526E040>	0.0	0	881	881	0	True	530.0	M450		881
223.152	214.346	3	560.997	<BeadTracker.Bead object at 0x000001A3C526E160>	0.0	0	882	882	0	True	529.0	M450		882
223.148	214.266	3	551.261	<BeadTracker.Bead object at 0x000001A3C526E340>	0.0	0	883	883	0	True	531.0	M450		883
223.085	214.199	3	568.833	<BeadTracker.Bead object at 0x000001A3C526E520>	0.0	0	884	884	0	True	528.0	M450		884
223.274	214.166	3	573.628	<BeadTracker.Bead object at 0x000001A3C526E700>	0.0	0	885	885	0	True	527.0	M450		885
223.167	214.257	3	578.12	<BeadTracker.Bead object at 0x000001A3C526E8E0>	0.0	0	886	886	0	True	528.0	M450		886
223.319	214.385	3	574.674	<BeadTracker.Bead object at 0x000001A3C526EAC0>	0.0	0	887	887	0	True	528.0	M450		887
223.681	213.364	0	1225.642	<BeadTracker.Bead object at 0x000001A3C526ECA0>	1.0	31	888	888	0	True	542.0	M450		888
223.39	213.958	0	590.37	<BeadTracker.Bead object at 0x000001A3C526EE80>	2.0	31	889	889	0	False	542.0	M450		889
223.391	213.231	0	1207.669	<BeadTracker.Bead object at 0x000001A3C525C280>	1.0	32	891	891	0	True	520.0	M450		891
223.212	213.806	0	601.524	<BeadTracker.Bead object at 0x000001A3C525C460>	2.0	32	892	892	0	False	520.0	M450		892
223.109	213.268	0	1221.978	<BeadTracker.Bead object at 0x000001A3C525C820>	1.0	33	894	894	0	True	529.0	M450		894
223.106	213.871	0	618.974	<BeadTracker.Bead object at 0x000001A3C525CA00>	2.0	33	895	895	0	False	529.0	M450		895
223.085	213.398	0	1207.726	<BeadTracker.Bead object at 0x000001A3C525CDC0>	1.0	34	897	897	0	True	519.0	M450		897
223.054	213.633	0	618.923	<BeadTracker.Bead object at 0x000001A3C5272160>	2.0	34	898	898	0	False	519.0	M450		898
223.024	213.105	0	1252.018	<BeadTracker.Bead object at 0x000001A3C52723A0>	1.0	35	900	900	0	True	518.0	M450		900
223.097	213.525	0	637.083	<BeadTracker.Bead object at 0x000001A3C5272580>	2.0	35	901	901	0	False	518.0	M450		901
223.419	213.343	0	1309.005	<BeadTracker.Bead object at 0x000001A3C5272940>	1.0	36	903	903	0	True	520.0	M450		903
223.138	213.596	0	648.736	<BeadTracker.Bead object at 0x000001A3C5272B20>	2.0	36	904	904	0	False	520.0	M450		904
222.94	212.44	0	1272.702	<BeadTracker.Bead object at 0x000001A3C5254040>	1.0	37	906	906	0	True	537.0	M450		906
222.905	212.881	0	661.795	<BeadTracker.Bead object at 0x000001A3C5254100>	2.0	37	907	907	0	False	537.0	M450		907
222.716	212.555	0	1291.68	<BeadTracker.Bead object at 0x000001A3C52544C0>	1.0	38	909	909	0	True	521.0	M450		909
222.722	213.013	0	645.192	<BeadTracker.Bead object at 0x000001A3C52546A0>	2.0	38	910	910	0	False	521.0	M450		910
222.593	212.485	0	1268.995	<BeadTracker.Bead object at 0x000001A3C5254A60>	1.0	39	912	912	0	True	542.0	M450		912
222.415	212.978	0	594.08	<BeadTracker.Bead object at 0x000001A3C5254C40>	2.0	39	913	913	0	False	542.0	M450		913
222.865	212.6	0	1204.889	<BeadTracker.Bead object at 0x000001A3C5264040>	1.0	40	915	915	0	True	526.0	M450		915
222.651	213.21	0	585.598	<BeadTracker.Bead object at 0x000001A3C5264220>	2.0	40	916	916	0	False	526.0	M450		916
222.989	212.27	0	1210.249	<BeadTracker.Bead object at 0x000001A3C52645E0>	1.0	41	918	918	0	True	548.0	M450		918
222.84	213.182	0	591.431	<BeadTracker.Bead object at 0x000001A3C52647C0>	2.0	41	919	919	0	False	548.0	M450		919
222.805	212.284	0	1194.884	<BeadTracker.Bead object at 0x000001A3C5264B80>	1.0	42	921	921	0	True	550.0	M450		921
222.951	212.947	0	580.639	<BeadTracker.Bead object at 0x000001A3C5264D60>	2.0	42	922	922	0	False	550.0	M450		922
222.473	213.619	-4	413.199	<BeadTracker.Bead object at 0x000001A3C526F160>	0.1	0	924	924	0	True	590.0	M450		924
222.306	213.465	-4	499.023	<BeadTracker.Bead object at 0x000001A3C526F340>	0.1	0	925	925	0	True	552.0	M450		925
222.488	213.366	-4	554.405	<BeadTracker.Bead object at 0x000001A3C526F520>	0.1	0	926	926	0	True	545.0	M450		926
222.49	213.267	-4	567.791	<BeadTracker.Bead object at 0x000001A3C526F700>	0.1	0	927	927	0	True	543.0	M450		927
222.586	213.294	-4	563.895	<BeadTracker.Bead object at 0x000001A3C526F8E0>	0.1	0	928	928	0	True	541.0	M450		928
222.629	213.282	-4	577.97	<BeadTracker.Bead object at 0x000001A3C526FAC0>	0.1	0	929	929	0	True	541.0	M450		929
222.681	213.263	-4	569.275	<BeadTracker.Bead object at 0x000001A3C526FCA0>	0.1	0	930	930	0	True	542.0	M450		930
222.704	213.089	-4	583.325	<BeadTracker.Bead object at 0x000001A3C526FE80>	0.1	0	931	931	0	True	525.0	M450		931
222.761	213.199	-4	572.328	<BeadTracker.Bead object at 0x000001A3C527A0A0>	0.1	0	932	932	0	True	541.0	M450		932
222.72	213.105	-4	577.158	<BeadTracker.Bead object at 0x000001A3C527A280>	0.1	0	933	933	0	True	543.0	M450		933
222.779	213.159	-4	574.368	<BeadTracker.Bead object at 0x000001A3C527A460>	0.1	0	934	934	0	True	543.0	M450		934
222.7	213.155	-4	567.665	<BeadTracker.Bead object at 0x000001A3C527A640>	0.1	0	935	935	0	True	541.0	M450		935
222.803	213.052	-4	569.242	<BeadTracker.Bead object at 0x000001A3C527A820>	0.1	0	936	936	0	True	542.0	M450		936
222.77	213.098	-4	570.418	<BeadTracker.Bead object at 0x000001A3C527AA00>	0.1	0	937	937	0	True	525.0	M450		937
222.826	213.051	-4	579.493	<BeadTracker.Bead object at 0x000001A3C527ABE0>	0.1	0	938	938	0	True	543.0	M450		938
222.669	212.882	-4	591.535	<BeadTracker.Bead object at 0x000001A3C527ADC0>	0.1	0	939	939	0	True	523.0	M450		939
222.813	212.913	-4	581.745	<BeadTracker.Bead object at 0x000001A3C527B160>	0.1	0	940	940	0	True	542.0	M450		940
222.743	212.992	-4	594.713	<BeadTracker.Bead object at 0x000001A3C527B1C0>	0.1	0	941	941	0	True	523.0	M450		941
222.881	213.012	-4	594.894	<BeadTracker.Bead object at 0x000001A3C527B3A0>	0.1	0	942	942	0	True	520.0	M450		942
222.777	213.024	-4	585.972	<BeadTracker.Bead object at 0x000001A3C527B580>	0.1	0	943	943	0	True	522.0	M450		943
222.758	212.948	-4	582.666	<BeadTracker.Bead object at 0x000001A3C527B760>	0.1	0	944	944	0	True	518.0	M450		944
222.749	212.922	-4	588.807	<BeadTracker.Bead object at 0x000001A3C527B940>	0.1	0	945	945	0	True	520.0	M450		945
222.717	212.885	-4	582.43	<BeadTracker.Bead object at 0x000001A3C527BB20>	0.1	0	946	946	0	True	519.0	M450		946
222.617	212.973	-4	588.728	<BeadTracker.Bead object at 0x000001A3C527BD00>	0.1	0	947	947	0	True	522.0	M450		947
222.634	212.968	-4	569.028	<BeadTracker.Bead object at 0x000001A3C5267040>	0.1	0	948	948	0	True	522.0	M450		948
222.543	212.88	-4	574.871	<BeadTracker.Bead object at 0x000001A3C5267100>	0.1	0	949	949	0	True	521.0	M450		949
222.657	212.959	-4	585.629	<BeadTracker.Bead object at 0x000001A3C52672E0>	0.1	0	950	950	0	True	521.0	M450		950
222.566	212.965	-4	571.046	<BeadTracker.Bead object at 0x000001A3C52674C0>	0.1	0	951	951	0	True	523.0	M450		951
222.651	213.094	-4	577.904	<BeadTracker.Bead object at 0x000001A3C52676A0>	0.1	0	952	952	0	True	541.0	M450		952
222.517	213.051	-4	561.99	<BeadTracker.Bead object at 0x000001A3C5267880>	0.1	0	953	953	0	True	523.0	M450		953
222.639	212.993	-4	585.452	<BeadTracker.Bead object at 0x000001A3C5267A60>	0.1	0	954	954	0	True	521.0	M450		954
222.66	213.047	-4	575.515	<BeadTracker.Bead object at 0x000001A3C5267C40>	0.1	0	955	955	0	True	523.0	M450		955
222.725	213.0	-4	578.866	<BeadTracker.Bead object at 0x000001A3C5267E20>	0.1	0	956	956	0	True	524.0	M450		956
222.569	213.15	-4	563.887	<BeadTracker.Bead object at 0x000001A3C6C63040>	0.1	0	957	957	0	True	524.0	M450		957
222.742	213.084	-4	575.579	<BeadTracker.Bead object at 0x000001A3C6C63220>	0.1	0	958	958	0	True	524.0	M450		958
222.705	213.113	-4	572.588	<BeadTracker.Bead object at 0x000001A3C6C63400>	0.1	0	959	959	0	True	540.0	M450		959
222.759	213.195	-4	571.579	<BeadTracker.Bead object at 0x000001A3C6C635E0>	0.1	0	960	960	0	True	522.0	M450		960
222.696	213.125	-4	575.2	<BeadTracker.Bead object at 0x000001A3C6C637C0>	0.1	0	961	961	0	True	523.0	M450		961
222.813	213.168	-4	567.832	<BeadTracker.Bead object at 0x000001A3C6C639A0>	0.1	0	962	962	0	True	523.0	M450		962
222.742	213.09	-4	572.446	<BeadTracker.Bead object at 0x000001A3C6C63B80>	0.1	0	963	963	0	True	518.0	M450		963
222.83	213.157	-4	577.271	<BeadTracker.Bead object at 0x000001A3C6C63D60>	0.1	0	964	964	0	True	524.0	M450		964
222.846	213.084	-4	578.795	<BeadTracker.Bead object at 0x000001A3C6C91040>	0.1	0	965	965	0	True	523.0	M450		965
222.925	213.185	-4	572.952	<BeadTracker.Bead object at 0x000001A3C6C91160>	0.1	0	966	966	0	True	524.0	M450		966
222.797	213.204	-4	575.863	<BeadTracker.Bead object at 0x000001A3C6C91340>	0.1	0	967	967	0	True	525.0	M450		967
222.921	213.039	-4	584.214	<BeadTracker.Bead object at 0x000001A3C6C91520>	0.1	0	968	968	0	True	522.0	M450		968
222.885	212.95	-4	586.473	<BeadTracker.Bead object at 0x000001A3C6C91700>	0.1	0	969	969	0	True	523.0	M450		969
222.903	212.969	-4	586.693	<BeadTracker.Bead object at 0x000001A3C6C918E0>	0.1	0	970	970	0	True	522.0	M450		970
222.858	213.064	-4	588.935	<BeadTracker.Bead object at 0x000001A3C6C91AC0>	0.1	0	971	971	0	True	522.0	M450		971
222.913	212.96	-4	578.295	<BeadTracker.Bead object at 0x000001A3C6C91CA0>	0.1	0	972	972	0	True	522.0	M450		972
222.844	213.002	-4	588.313	<BeadTracker.Bead object at 0x000001A3C6C91E80>	0.1	0	973	973	0	True	521.0	M450		973
222.991	212.876	-4	587.33	<BeadTracker.Bead object at 0x000001A3C6C860A0>	0.1	0	974	974	0	True	542.0	M450		974
222.867	212.99	-4	586.198	<BeadTracker.Bead object at 0x000001A3C6C86280>	0.1	0	975	975	0	True	522.0	M450		975
222.951	213.03	-4	591.632	<BeadTracker.Bead object at 0x000001A3C6C86460>	0.1	0	976	976	0	True	523.0	M450		976
222.858	212.95	-4	580.065	<BeadTracker.Bead object at 0x000001A3C6C86640>	0.1	0	977	977	0	True	521.0	M450		977
222.945	212.865	-4	592.257	<BeadTracker.Bead object at 0x000001A3C6C86820>	0.1	0	978	978	0	True	522.0	M450		978
222.897	212.983	-4	586.991	<BeadTracker.Bead object at 0x000001A3C6C86A00>	0.1	0	979	979	0	True	522.0	M450		979
222.952	213.186	-4	572.809	<BeadTracker.Bead object at 0x000001A3C6C86BE0>	0.1	0	980	980	0	True	524.0	M450		980
222.805	213.097	-4	573.468	<BeadTracker.Bead object at 0x000001A3C6C86DC0>	0.1	0	981	981	0	True	524.0	M450		981
222.897	212.935	-4	581.749	<BeadTracker.Bead object at 0x000001A3C6C70160>	0.1	0	982	982	0	True	542.0	M450		982
222.868	212.842	-4	586.158	<BeadTracker.Bead object at 0x000001A3C6C701C0>	0.1	0	983	983	0	True	543.0	M450		983
222.898	212.977	-4	578.391	<BeadTracker.Bead object at 0x000001A3C6C703A0>	0.1	0	984	984	0	True	524.0	M450		984
222.871	213.09	-4	577.208	<BeadTracker.Bead object at 0x000001A3C6C70580>	0.1	0	985	985	0	True	543.0	M450		985
222.906	213.024	-4	574.415	<BeadTracker.Bead object at 0x000001A3C6C70760>	0.1	0	986	986	0	True	542.0	M450		986
222.859	213.054	-4	567.562	<BeadTracker.Bead object at 0x000001A3C6C70940>	0.1	0	987	987	0	True	524.0	M450		987
222.893	213.007	-4	574.457	<BeadTracker.Bead object at 0x000001A3C6C70B20>	0.1	0	988	988	0	True	542.0	M450		988
222.896	213.17	-4	579.284	<BeadTracker.Bead object at 0x000001A3C6C70D00>	0.1	0	989	989	0	True	525.0	M450		989
222.96	213.151	-4	568.874	<BeadTracker.Bead object at 0x000001A3C6C85040>	0.1	0	990	990	0	True	542.0	M450		990
222.803	213.135	-4	559.463	<BeadTracker.Bead object at 0x000001A3C6C85100>	0.1	0	991	991	0	True	543.0	M450		991
222.977	213.09	-4	566.185	<BeadTracker.Bead object at 0x000001A3C6C852E0>	0.1	0	992	992	0	True	542.0	M450		992
222.889	212.939	-4	575.133	<BeadTracker.Bead object at 0x000001A3C6C854C0>	0.1	0	993	993	0	True	544.0	M450		993
222.985	213.18	-4	571.062	<BeadTracker.Bead object at 0x000001A3C6C856A0>	0.1	0	994	994	0	True	527.0	M450		994
223.003	213.302	-4	564.788	<BeadTracker.Bead object at 0x000001A3C6C85880>	0.1	0	995	995	0	True	541.0	M450		995
223.072	213.218	-4	569.714	<BeadTracker.Bead object at 0x000001A3C6C85A60>	0.1	0	996	996	0	True	544.0	M450		996
222.97	213.11	-4	567.998	<BeadTracker.Bead object at 0x000001A3C6C85C40>	0.1	0	997	997	0	True	542.0	M450		997
223.024	213.064	-4	578.761	<BeadTracker.Bead object at 0x000001A3C6C85E20>	0.1	0	998	998	0	True	525.0	M450		998
223.03	213.211	-4	550.942	<BeadTracker.Bead object at 0x000001A3C6C7F040>	0.1	0	999	999	0	True	543.0	M450		999
223.221	213.311	-4	561.844	<BeadTracker.Bead object at 0x000001A3C6C7F220>	0.1	0	1000	1000	0	True	528.0	M450		1000
223.093	213.199	-4	574.237	<BeadTracker.Bead object at 0x000001A3C6C7F400>	0.1	0	1001	1001	0	True	541.0	M450		1001
223.161	213.147	-4	565.804	<BeadTracker.Bead object at 0x000001A3C6C7F5E0>	0.1	0	1002	1002	0	True	525.0	M450		1002
223.122	213.152	-4	584.609	<BeadTracker.Bead object at 0x000001A3C6C7F7C0>	0.1	0	1003	1003	0	True	541.0	M450		1003
223.279	213.204	-4	568.804	<BeadTracker.Bead object at 0x000001A3C6C7F9A0>	0.1	0	1004	1004	0	True	542.0	M450		1004
223.205	213.253	-4	579.087	<BeadTracker.Bead object at 0x000001A3C6C7FB80>	0.1	0	1005	1005	0	True	542.0	M450		1005
223.297	213.208	-4	570.827	<BeadTracker.Bead object at 0x000001A3C6C7FD60>	0.1	0	1006	1006	0	True	541.0	M450		1006
223.233	213.074	-4	572.45	<BeadTracker.Bead object at 0x000001A3C6C87040>	0.1	0	1007	1007	0	True	525.0	M450		1007
223.358	213.126	-4	580.322	<BeadTracker.Bead object at 0x000001A3C6C87160>	0.1	0	1008	1008	0	True	523.0	M450		1008
223.205	213.23	-4	576.25	<BeadTracker.Bead object at 0x000001A3C6C87340>	0.1	0	1009	1009	0	True	528.0	M450		1009
223.322	213.165	-4	580.001	<BeadTracker.Bead object at 0x000001A3C6C87520>	0.1	0	1010	1010	0	True	527.0	M450		1010
223.204	213.229	-4	576.506	<BeadTracker.Bead object at 0x000001A3C6C87700>	0.1	0	1011	1011	0	True	527.0	M450		1011
223.209	213.076	-4	592.606	<BeadTracker.Bead object at 0x000001A3C6C878E0>	0.1	0	1012	1012	0	True	523.0	M450		1012
223.202	213.207	-4	574.784	<BeadTracker.Bead object at 0x000001A3C6C87AC0>	0.1	0	1013	1013	0	True	526.0	M450		1013
223.244	213.086	-4	574.915	<BeadTracker.Bead object at 0x000001A3C6C87CA0>	0.1	0	1014	1014	0	True	526.0	M450		1014
223.135	213.133	-4	569.441	<BeadTracker.Bead object at 0x000001A3C6C87E80>	0.1	0	1015	1015	0	True	541.0	M450		1015
223.223	213.07	-4	569.184	<BeadTracker.Bead object at 0x000001A3C6C940A0>	0.1	0	1016	1016	0	True	541.0	M450		1016
223.106	213.025	-4	567.868	<BeadTracker.Bead object at 0x000001A3C6C94280>	0.1	0	1017	1017	0	True	543.0	M450		1017
223.257	213.155	-4	560.575	<BeadTracker.Bead object at 0x000001A3C6C94460>	0.1	0	1018	1018	0	True	542.0	M450		1018
223.184	213.143	-4	569.721	<BeadTracker.Bead object at 0x000001A3C6C94640>	0.1	0	1019	1019	0	True	543.0	M450		1019
223.232	213.214	-4	552.517	<BeadTracker.Bead object at 0x000001A3C6C94820>	0.1	0	1020	1020	0	True	542.0	M450		1020
223.179	213.231	-4	558.283	<BeadTracker.Bead object at 0x000001A3C6C94A00>	0.1	0	1021	1021	0	True	543.0	M450		1021
223.249	213.191	-4	554.622	<BeadTracker.Bead object at 0x000001A3C6C94BE0>	0.1	0	1022	1022	0	True	544.0	M450		1022
223.214	213.281	-4	564.737	<BeadTracker.Bead object at 0x000001A3C6C94DC0>	0.1	0	1023	1023	0	True	542.0	M450		1023
223.229	213.365	-4	555.076	<BeadTracker.Bead object at 0x000001A3C6C75160>	0.1	0	1024	1024	0	True	544.0	M450		1024
223.169	213.291	-4	573.509	<BeadTracker.Bead object at 0x000001A3C6C751C0>	0.1	0	1025	1025	0	True	543.0	M450		1025
223.337	213.246	-4	572.908	<BeadTracker.Bead object at 0x000001A3C6C753A0>	0.1	0	1026	1026	0	True	544.0	M450		1026
223.204	213.244	-4	543.288	<BeadTracker.Bead object at 0x000001A3C6C75580>	0.1	0	1027	1027	0	True	544.0	M450		1027
223.292	213.336	-4	547.968	<BeadTracker.Bead object at 0x000001A3C6C75760>	0.1	0	1028	1028	0	True	545.0	M450		1028
223.343	213.406	-4	547.906	<BeadTracker.Bead object at 0x000001A3C6C75940>	0.1	0	1029	1029	0	True	545.0	M450		1029
223.515	213.254	-4	549.217	<BeadTracker.Bead object at 0x000001A3C6C75B20>	0.1	0	1030	1030	0	True	543.0	M450		1030
223.378	213.409	-4	560.407	<BeadTracker.Bead object at 0x000001A3C6C75D00>	0.1	0	1031	1031	0	True	531.0	M450		1031
223.393	213.468	-4	561.953	<BeadTracker.Bead object at 0x000001A3C6C8D040>	0.1	0	1032	1032	0	True	531.0	M450		1032
223.257	213.484	-4	559.864	<BeadTracker.Bead object at 0x000001A3C6C8D100>	0.1	0	1033	1033	0	True	543.0	M450		1033
223.507	213.361	-4	556.568	<BeadTracker.Bead object at 0x000001A3C6C8D2E0>	0.1	0	1034	1034	0	True	542.0	M450		1034
223.375	213.374	-4	574.018	<BeadTracker.Bead object at 0x000001A3C6C8D4C0>	0.1	0	1035	1035	0	True	529.0	M450		1035
223.526	213.403	-4	555.549	<BeadTracker.Bead object at 0x000001A3C6C8D6A0>	0.1	0	1036	1036	0	True	541.0	M450		1036
223.402	213.383	-4	559.551	<BeadTracker.Bead object at 0x000001A3C6C8D880>	0.1	0	1037	1037	0	True	532.0	M450		1037
223.498	213.396	-4	555.549	<BeadTracker.Bead object at 0x000001A3C6C8DA60>	0.1	0	1038	1038	0	True	532.0	M450		1038
223.455	213.261	-4	566.65	<BeadTracker.Bead object at 0x000001A3C6C8DC40>	0.1	0	1039	1039	0	True	530.0	M450		1039
223.551	213.329	-4	558.542	<BeadTracker.Bead object at 0x000001A3C6C8DE20>	0.1	0	1040	1040	0	True	525.0	M450		1040
223.423	213.291	-4	575.468	<BeadTracker.Bead object at 0x000001A3C6C7C040>	0.1	0	1041	1041	0	True	542.0	M450		1041
223.584	213.248	-4	574.176	<BeadTracker.Bead object at 0x000001A3C6C7C220>	0.1	0	1042	1042	0	True	542.0	M450		1042
223.464	213.185	-4	581.155	<BeadTracker.Bead object at 0x000001A3C6C7C400>	0.1	0	1043	1043	0	True	529.0	M450		1043
223.627	213.342	-4	559.598	<BeadTracker.Bead object at 0x000001A3C6C7C5E0>	0.1	0	1044	1044	0	True	541.0	M450		1044
223.449	213.218	-4	567.766	<BeadTracker.Bead object at 0x000001A3C6C7C7C0>	0.1	0	1045	1045	0	True	528.0	M450		1045
223.578	213.179	-4	564.806	<BeadTracker.Bead object at 0x000001A3C6C7C9A0>	0.1	0	1046	1046	0	True	542.0	M450		1046
223.526	213.228	-4	568.413	<BeadTracker.Bead object at 0x000001A3C6C7CB80>	0.1	0	1047	1047	0	True	541.0	M450		1047
223.571	213.233	-4	563.839	<BeadTracker.Bead object at 0x000001A3C6C7CD60>	0.1	0	1048	1048	0	True	541.0	M450		1048
223.536	213.154	-4	561.694	<BeadTracker.Bead object at 0x000001A3C6C62040>	0.1	0	1049	1049	0	True	541.0	M450		1049
223.587	213.163	-4	574.783	<BeadTracker.Bead object at 0x000001A3C6C62160>	0.1	0	1050	1050	0	True	542.0	M450		1050
223.409	213.125	-4	562.581	<BeadTracker.Bead object at 0x000001A3C6C62340>	0.1	0	1051	1051	0	True	543.0	M450		1051
223.498	213.222	-4	556.787	<BeadTracker.Bead object at 0x000001A3C6C62520>	0.1	0	1052	1052	0	True	545.0	M450		1052
223.486	213.12	-4	564.266	<BeadTracker.Bead object at 0x000001A3C6C62700>	0.1	0	1053	1053	0	True	544.0	M450		1053
223.55	213.164	-4	552.399	<BeadTracker.Bead object at 0x000001A3C6C628E0>	0.1	0	1054	1054	0	True	542.0	M450		1054
223.421	213.285	-4	546.518	<BeadTracker.Bead object at 0x000001A3C6C62AC0>	0.1	0	1055	1055	0	True	543.0	M450		1055
223.442	213.193	-4	554.292	<BeadTracker.Bead object at 0x000001A3C6C62CA0>	0.1	0	1056	1056	0	True	546.0	M450		1056
223.357	213.083	4	543.429	<BeadTracker.Bead object at 0x000001A3C6C62E80>	0.0	0	1057	1057	0	True	545.0	M450		1057
223.606	213.042	4	549.976	<BeadTracker.Bead object at 0x000001A3CB3500A0>	0.0	0	1058	1058	0	True	543.0	M450		1058
223.454	213.051	4	550.859	<BeadTracker.Bead object at 0x000001A3CB350280>	0.0	0	1059	1059	0	True	544.0	M450		1059
223.618	213.147	4	557.639	<BeadTracker.Bead object at 0x000001A3CB350460>	0.0	0	1060	1060	0	True	544.0	M450		1060
223.43	213.182	4	564.191	<BeadTracker.Bead object at 0x000001A3CB350640>	0.0	0	1061	1061	0	True	545.0	M450		1061
223.474	213.094	4	555.401	<BeadTracker.Bead object at 0x000001A3CB350820>	0.0	0	1062	1062	0	True	545.0	M450		1062
223.462	213.061	4	561.97	<BeadTracker.Bead object at 0x000001A3CB350A00>	0.0	0	1063	1063	0	True	544.0	M450		1063
223.653	213.152	4	567.7	<BeadTracker.Bead object at 0x000001A3CB350BE0>	0.0	0	1064	1064	0	True	540.0	M450		1064
223.487	213.113	4	564.888	<BeadTracker.Bead object at 0x000001A3CB350DC0>	0.0	0	1065	1065	0	True	544.0	M450		1065
223.56	213.109	4	563.427	<BeadTracker.Bead object at 0x000001A3CB343160>	0.0	0	1066	1066	0	True	542.0	M450		1066
223.461	213.088	4	554.56	<BeadTracker.Bead object at 0x000001A3CB3431C0>	0.0	0	1067	1067	0	True	544.0	M450		1067
223.675	212.986	4	560.954	<BeadTracker.Bead object at 0x000001A3CB3433A0>	0.0	0	1068	1068	0	True	542.0	M450		1068
223.542	213.124	4	559.908	<BeadTracker.Bead object at 0x000001A3CB343580>	0.0	0	1069	1069	0	True	542.0	M450		1069
223.706	213.093	4	573.324	<BeadTracker.Bead object at 0x000001A3CB343760>	0.0	0	1070	1070	0	True	541.0	M450		1070
223.558	213.045	4	568.491	<BeadTracker.Bead object at 0x000001A3CB343940>	0.0	0	1071	1071	0	True	543.0	M450		1071
223.738	213.143	4	560.502	<BeadTracker.Bead object at 0x000001A3CB343B20>	0.0	0	1072	1072	0	True	542.0	M450		1072
223.649	213.163	4	555.931	<BeadTracker.Bead object at 0x000001A3CB343D00>	0.0	0	1073	1073	0	True	543.0	M450		1073
223.768	213.241	4	563.583	<BeadTracker.Bead object at 0x000001A3CB326040>	0.0	0	1074	1074	0	True	541.0	M450		1074
223.663	213.137	4	573.513	<BeadTracker.Bead object at 0x000001A3CB326100>	0.0	0	1075	1075	0	True	541.0	M450		1075
223.694	213.19	4	563.303	<BeadTracker.Bead object at 0x000001A3CB3262E0>	0.0	0	1076	1076	0	True	541.0	M450		1076
223.631	213.046	4	546.295	<BeadTracker.Bead object at 0x000001A3CB3264C0>	0.0	0	1077	1077	0	True	542.0	M450		1077
223.728	213.099	4	562.53	<BeadTracker.Bead object at 0x000001A3CB3266A0>	0.0	0	1078	1078	0	True	542.0	M450		1078
223.561	213.223	4	549.45	<BeadTracker.Bead object at 0x000001A3CB326880>	0.0	0	1079	1079	0	True	543.0	M450		1079
223.714	213.231	4	544.993	<BeadTracker.Bead object at 0x000001A3CB326A60>	0.0	0	1080	1080	0	True	542.0	M450		1080
223.591	213.174	4	539.496	<BeadTracker.Bead object at 0x000001A3CB326C40>	0.0	0	1081	1081	0	True	544.0	M450		1081
223.61	213.127	4	563.226	<BeadTracker.Bead object at 0x000001A3CB326E20>	0.0	0	1082	1082	0	True	542.0	M450		1082
223.573	213.115	4	556.383	<BeadTracker.Bead object at 0x000001A3CB330040>	0.0	0	1083	1083	0	True	545.0	M450		1083
223.713	213.087	4	552.445	<BeadTracker.Bead object at 0x000001A3CB330220>	0.0	0	1084	1084	0	True	543.0	M450		1084
223.566	213.148	4	549.816	<BeadTracker.Bead object at 0x000001A3CB330400>	0.0	0	1085	1085	0	True	543.0	M450		1085
223.598	213.11	4	544.212	<BeadTracker.Bead object at 0x000001A3CB3305E0>	0.0	0	1086	1086	0	True	544.0	M450		1086
223.414	213.264	4	534.294	<BeadTracker.Bead object at 0x000001A3CB3307C0>	0.0	0	1087	1087	0	True	546.0	M450		1087
223.574	213.237	4	544.887	<BeadTracker.Bead object at 0x000001A3CB3309A0>	0.0	0	1088	1088	0	True	544.0	M450		1088
223.548	213.229	4	538.167	<BeadTracker.Bead object at 0x000001A3CB330B80>	0.0	0	1089	1089	0	True	545.0	M450		1089
223.617	213.14	4	547.547	<BeadTracker.Bead object at 0x000001A3CB330D60>	0.0	0	1090	1090	0	True	546.0	M450		1090
223.415	213.201	4	554.067	<BeadTracker.Bead object at 0x000001A3CB34D040>	0.0	0	1091	1091	0	True	545.0	M450		1091
223.616	213.281	4	533.828	<BeadTracker.Bead object at 0x000001A3CB34D160>	0.0	0	1092	1092	0	True	546.0	M450		1092
223.516	213.219	4	545.381	<BeadTracker.Bead object at 0x000001A3CB34D340>	0.0	0	1093	1093	0	True	546.0	M450		1093
223.762	213.427	4	547.763	<BeadTracker.Bead object at 0x000001A3CB34D520>	0.0	0	1094	1094	0	True	547.0	M450		1094
223.548	213.198	4	543.414	<BeadTracker.Bead object at 0x000001A3CB34D700>	0.0	0	1095	1095	0	True	546.0	M450		1095
223.584	213.313	4	536.209	<BeadTracker.Bead object at 0x000001A3CB34D8E0>	0.0	0	1096	1096	0	True	546.0	M450		1096
223.551	213.394	4	558.484	<BeadTracker.Bead object at 0x000001A3CB34DAC0>	0.0	0	1097	1097	0	True	544.0	M450		1097
223.672	213.342	4	527.958	<BeadTracker.Bead object at 0x000001A3CB34DCA0>	0.0	0	1098	1098	0	True	545.0	M450		1098
223.67	213.336	4	533.163	<BeadTracker.Bead object at 0x000001A3CB34DE80>	0.0	0	1099	1099	0	True	545.0	M450		1099
223.683	213.217	4	552.2	<BeadTracker.Bead object at 0x000001A3CB3530A0>	0.0	0	1100	1100	0	True	545.0	M450		1100
223.593	213.382	4	552.297	<BeadTracker.Bead object at 0x000001A3CB353280>	0.0	0	1101	1101	0	True	543.0	M450		1101
223.716	213.41	4	537.414	<BeadTracker.Bead object at 0x000001A3CB353460>	0.0	0	1102	1102	0	True	546.0	M450		1102
223.669	213.371	4	545.669	<BeadTracker.Bead object at 0x000001A3CB353640>	0.0	0	1103	1103	0	True	546.0	M450		1103
223.816	213.478	4	532.751	<BeadTracker.Bead object at 0x000001A3CB353820>	0.0	0	1104	1104	0	True	547.0	M450		1104
223.411	213.307	4	531.065	<BeadTracker.Bead object at 0x000001A3CB353A00>	0.0	0	1105	1105	0	True	548.0	M450		1105
223.519	213.427	4	525.419	<BeadTracker.Bead object at 0x000001A3CB353BE0>	0.0	0	1106	1106	0	True	545.0	M450		1106
223.347	213.384	4	522.011	<BeadTracker.Bead object at 0x000001A3CB353DC0>	0.0	0	1107	1107	0	True	548.0	M450		1107
223.678	213.373	4	510.528	<BeadTracker.Bead object at 0x000001A3CB34B160>	0.0	0	1108	1108	0	True	548.0	M450		1108
223.417	213.402	4	522.098	<BeadTracker.Bead object at 0x000001A3CB34B1C0>	0.0	0	1109	1109	0	True	549.0	M450		1109
223.497	213.386	4	507.418	<BeadTracker.Bead object at 0x000001A3CB34B3A0>	0.0	0	1110	1110	0	True	550.0	M450		1110
223.299	213.373	4	507.58	<BeadTracker.Bead object at 0x000001A3CB34B580>	0.0	0	1111	1111	0	True	550.0	M450		1111
223.29	213.262	4	503.311	<BeadTracker.Bead object at 0x000001A3CB34B760>	0.0	0	1112	1112	0	True	554.0	M450		1112
223.251	213.117	4	503.153	<BeadTracker.Bead object at 0x000001A3CB34B940>	0.0	0	1113	1113	0	True	566.0	M450		1113
223.374	213.15	4	497.816	<BeadTracker.Bead object at 0x000001A3CB34BB20>	0.0	0	1114	1114	0	True	569.0	M450		1114
223.055	213.222	4	484.737	<BeadTracker.Bead object at 0x000001A3CB34BD00>	0.0	0	1115	1115	0	True	569.0	M450		1115
222.992	213.215	4	484.549	<BeadTracker.Bead object at 0x000001A3CB354040>	0.0	0	1116	1116	0	True	582.0	M450		1116
222.853	213.126	4	461.188	<BeadTracker.Bead object at 0x000001A3CB354100>	0.0	0	1117	1117	0	True	584.0	M450		1117
223.158	212.949	4	461.556	<BeadTracker.Bead object at 0x000001A3CB3542E0>	0.0	0	1118	1118	0	True	585.0	M450		1118
222.875	212.778	4	443.041	<BeadTracker.Bead object at 0x000001A3CB3544C0>	0.0	0	1119	1119	0	True	588.0	M450		1119
222.913	212.707	4	438.9	<BeadTracker.Bead object at 0x000001A3CB3546A0>	0.0	0	1120	1120	0	True	590.0	M450		1120
222.8	212.5	4	430.772	<BeadTracker.Bead object at 0x000001A3CB354880>	0.0	0	1121	1121	0	True	592.0	M450		1121
222.883	212.32	4	430.355	<BeadTracker.Bead object at 0x000001A3CB354A60>	0.0	0	1122	1122	0	True	632.0	M450		1122
223.069	212.451	4	426.554	<BeadTracker.Bead object at 0x000001A3CB354C40>	0.0	0	1123	1123	0	True	672.0	M450		1123
222.637	212.726	4	419.368	<BeadTracker.Bead object at 0x000001A3CB354E20>	0.0	0	1124	1124	0	True	669.0	M450		1124
222.868	212.858	4	419.902	<BeadTracker.Bead object at 0x000001A3CB33E040>	0.0	0	1125	1125	0	True	667.0	M450		1125
222.825	213.098	4	425.421	<BeadTracker.Bead object at 0x000001A3CB33E220>	0.0	0	1126	1126	0	True	667.0	M450		1126
222.735	212.976	4	438.268	<BeadTracker.Bead object at 0x000001A3CB33E400>	0.0	0	1127	1127	0	True	635.0	M450		1127
222.852	213.344	4	440.976	<BeadTracker.Bead object at 0x000001A3CB33E5E0>	0.0	0	1128	1128	0	True	638.0	M450		1128
222.728	213.353	4	445.105	<BeadTracker.Bead object at 0x000001A3CB33E7C0>	0.0	0	1129	1129	0	True	638.0	M450		1129
222.789	213.515	4	450.657	<BeadTracker.Bead object at 0x000001A3CB33E9A0>	0.0	0	1130	1130	0	True	638.0	M450		1130
222.69	213.433	4	447.846	<BeadTracker.Bead object at 0x000001A3CB33EB80>	0.0	0	1131	1131	0	True	643.0	M450		1131
222.778	213.586	4	464.324	<BeadTracker.Bead object at 0x000001A3CB33ED60>	0.0	0	1132	1132	0	True	639.0	M450		1132
222.715	213.595	4	484.994	<BeadTracker.Bead object at 0x000001A3CB320040>	0.0	0	1133	1133	0	True	640.0	M450		1133
222.784	213.697	4	480.815	<BeadTracker.Bead object at 0x000001A3CB320160>	0.0	0	1134	1134	0	True	640.0	M450		1134
222.701	213.754	4	492.18	<BeadTracker.Bead object at 0x000001A3CB320340>	0.0	0	1135	1135	0	True	641.0	M450		1135
222.834	213.725	4	490.758	<BeadTracker.Bead object at 0x000001A3CB320520>	0.0	0	1136	1136	0	True	641.0	M450		1136
222.801	213.632	4	505.421	<BeadTracker.Bead object at 0x000001A3CB320700>	0.0	0	1137	1137	0	True	640.0	M450		1137
222.918	213.74	4	512.014	<BeadTracker.Bead object at 0x000001A3CB3208E0>	0.0	0	1138	1138	0	True	641.0	M450		1138
222.758	213.815	4	520.405	<BeadTracker.Bead object at 0x000001A3CB320AC0>	0.0	0	1139	1139	0	True	641.0	M450		1139
222.873	213.793	4	516.453	<BeadTracker.Bead object at 0x000001A3CB320CA0>	0.0	0	1140	1140	0	True	641.0	M450		1140
222.792	213.755	4	528.404	<BeadTracker.Bead object at 0x000001A3CB320E80>	0.0	0	1141	1141	0	True	641.0	M450		1141
222.909	213.768	4	525.009	<BeadTracker.Bead object at 0x000001A3CB32B0A0>	0.0	0	1142	1142	0	True	641.0	M450		1142
222.813	213.722	4	532.13	<BeadTracker.Bead object at 0x000001A3CB32B280>	0.0	0	1143	1143	0	True	641.0	M450		1143
222.949	213.76	4	517.826	<BeadTracker.Bead object at 0x000001A3CB32B460>	0.0	0	1144	1144	0	True	641.0	M450		1144
222.741	213.693	4	514.29	<BeadTracker.Bead object at 0x000001A3CB32B640>	0.0	0	1145	1145	0	True	641.0	M450		1145
222.947	213.712	4	537.417	<BeadTracker.Bead object at 0x000001A3CB32B820>	0.0	0	1146	1146	0	True	641.0	M450		1146
222.823	213.653	4	528.557	<BeadTracker.Bead object at 0x000001A3CB32BA00>	0.0	0	1147	1147	0	True	641.0	M450		1147
222.941	213.706	4	534.346	<BeadTracker.Bead object at 0x000001A3CB32BBE0>	0.0	0	1148	1148	0	True	641.0	M450		1148
222.75	213.663	4	532.338	<BeadTracker.Bead object at 0x000001A3CB32BDC0>	0.0	0	1149	1149	0	True	641.0	M450		1149
222.896	213.652	4	545.299	<BeadTracker.Bead object at 0x000001A3C45B51F0>	0.0	0	1150	1150	0	True	641.0	M450		1150
222.793	213.625	4	539.982	<BeadTracker.Bead object at 0x000001A3C45B5070>	0.0	0	1151	1151	0	True	641.0	M450		1151
222.907	213.627	4	541.473	<BeadTracker.Bead object at 0x000001A3C45B55E0>	0.0	0	1152	1152	0	True	641.0	M450		1152
222.842	213.722	4	541.384	<BeadTracker.Bead object at 0x000001A3C45B56A0>	0.0	0	1153	1153	0	True	641.0	M450		1153
222.864	213.71	4	529.309	<BeadTracker.Bead object at 0x000001A3C45B59A0>	0.0	0	1154	1154	0	True	641.0	M450		1154
222.871	213.609	4	529.235	<BeadTracker.Bead object at 0x000001A3C45B5880>	0.0	0	1155	1155	0	True	641.0	M450		1155
222.942	213.644	4	534.463	<BeadTracker.Bead object at 0x000001A3C45B5520>	0.0	0	1156	1156	0	True	641.0	M450		1156
222.885	213.673	4	531.243	<BeadTracker.Bead object at 0x000001A3C45B5FD0>	0.0	0	1157	1157	0	True	641.0	M450		1157
222.986	213.805	4	531.405	<BeadTracker.Bead object at 0x000001A3C45A1040>	0.0	0	1158	1158	0	True	641.0	M450		1158
222.831	213.591	4	525.773	<BeadTracker.Bead object at 0x000001A3C45A1100>	0.0	0	1159	1159	0	True	641.0	M450		1159
223.011	213.719	4	529.302	<BeadTracker.Bead object at 0x000001A3C45A12E0>	0.0	0	1160	1160	0	True	641.0	M450		1160
222.996	213.566	4	518.172	<BeadTracker.Bead object at 0x000001A3C45A14C0>	0.0	0	1161	1161	0	True	641.0	M450		1161
223.031	213.711	4	535.189	<BeadTracker.Bead object at 0x000001A3C45A16A0>	0.0	0	1162	1162	0	True	641.0	M450		1162
222.992	213.694	4	539.735	<BeadTracker.Bead object at 0x000001A3C45A1880>	0.0	0	1163	1163	0	True	641.0	M450		1163
223.109	213.667	4	530.824	<BeadTracker.Bead object at 0x000001A3C45A1A60>	0.0	0	1164	1164	0	True	641.0	M450		1164
223.065	213.578	4	537.867	<BeadTracker.Bead object at 0x000001A3C45A1C40>	0.0	0	1165	1165	0	True	641.0	M450		1165
223.114	213.67	4	546.113	<BeadTracker.Bead object at 0x000001A3C45A1E20>	0.0	0	1166	1166	0	True	641.0	M450		1166
223.108	213.619	4	538.763	<BeadTracker.Bead object at 0x000001A3C45AF040>	0.0	0	1167	1167	0	True	641.0	M450		1167
223.204	213.682	4	529.482	<BeadTracker.Bead object at 0x000001A3C45AF220>	0.0	0	1168	1168	0	True	641.0	M450		1168
223.087	213.517	4	539.48	<BeadTracker.Bead object at 0x000001A3C45AF400>	0.0	0	1169	1169	0	True	641.0	M450		1169
223.165	213.581	4	547.022	<BeadTracker.Bead object at 0x000001A3C45AF5E0>	0.0	0	1170	1170	0	True	641.0	M450		1170
223.143	213.58	4	546.462	<BeadTracker.Bead object at 0x000001A3C45AF7C0>	0.0	0	1171	1171	0	True	641.0	M450		1171
223.36	213.635	4	530.24	<BeadTracker.Bead object at 0x000001A3C45AF9A0>	0.0	0	1172	1172	0	True	641.0	M450		1172
223.204	213.565	4	542.954	<BeadTracker.Bead object at 0x000001A3C45AFB80>	0.0	0	1173	1173	0	True	641.0	M450		1173
223.29	213.462	4	550.917	<BeadTracker.Bead object at 0x000001A3C45AFD60>	0.0	0	1174	1174	0	True	642.0	M450		1174
223.124	213.459	4	562.551	<BeadTracker.Bead object at 0x000001A3C45B8040>	0.0	0	1175	1175	0	True	642.0	M450		1175
223.24	213.48	4	548.012	<BeadTracker.Bead object at 0x000001A3C45B8160>	0.0	0	1176	1176	0	True	643.0	M450		1176
223.222	213.434	4	563.847	<BeadTracker.Bead object at 0x000001A3C45B8340>	0.0	0	1177	1177	0	True	642.0	M450		1177
223.336	213.397	4	551.148	<BeadTracker.Bead object at 0x000001A3C45B8520>	0.0	0	1178	1178	0	True	642.0	M450		1178
223.178	213.302	4	554.774	<BeadTracker.Bead object at 0x000001A3C45B8700>	0.0	0	1179	1179	0	True	642.0	M450		1179
223.167	213.409	4	555.624	<BeadTracker.Bead object at 0x000001A3C45B88E0>	0.0	0	1180	1180	0	True	642.0	M450		1180
223.217	213.338	4	553.66	<BeadTracker.Bead object at 0x000001A3C45B8AC0>	0.0	0	1181	1181	0	True	642.0	M450		1181
223.322	213.499	4	543.744	<BeadTracker.Bead object at 0x000001A3C45B8CA0>	0.0	0	1182	1182	0	True	643.0	M450		1182
223.156	213.36	4	557.158	<BeadTracker.Bead object at 0x000001A3C45B8E80>	0.0	0	1183	1183	0	True	642.0	M450		1183
223.191	213.344	4	557.012	<BeadTracker.Bead object at 0x000001A3C45A30A0>	0.0	0	1184	1184	0	True	642.0	M450		1184
223.078	213.336	4	552.644	<BeadTracker.Bead object at 0x000001A3C45A3280>	0.0	0	1185	1185	0	True	642.0	M450		1185
223.208	213.375	4	551.716	<BeadTracker.Bead object at 0x000001A3C45A3460>	0.0	0	1186	1186	0	True	642.0	M450		1186
223.128	213.274	4	552.477	<BeadTracker.Bead object at 0x000001A3C45A3640>	0.0	0	1187	1187	0	True	642.0	M450		1187
223.233	213.24	4	547.088	<BeadTracker.Bead object at 0x000001A3C45A3820>	0.0	0	1188	1188	0	True	642.0	M450		1188
223.089	213.322	4	539.141	<BeadTracker.Bead object at 0x000001A3C45A3A00>	0.0	0	1189	1189	0	True	642.0	M450		1189
223.416	212.89	0	1043.748	<BeadTracker.Bead object at 0x000001A3C45A3BE0>	1.0	43	1190	1190	0	True	610.0	M450		1190
223.535	213.246	0	582.324	<BeadTracker.Bead object at 0x000001A3C45A3DC0>	2.0	43	1191	1191	0	False	610.0	M450		1191
223.332	213.034	0	1055.564	<BeadTracker.Bead object at 0x000001A3C45C41C0>	1.0	44	1193	1193	0	True	574.0	M450		1193
223.231	213.49	0	559.01	<BeadTracker.Bead object at 0x000001A3C45C43A0>	2.0	44	1194	1194	0	False	574.0	M450		1194
223.217	213.096	0	954.947	<BeadTracker.Bead object at 0x000001A3C45C4760>	1.0	45	1196	1196	0	True	575.0	M450		1196
222.986	213.77	0	513.326	<BeadTracker.Bead object at 0x000001A3C45C4940>	2.0	45	1197	1197	0	False	575.0	M450		1197
223.773	213.115	0	961.705	<BeadTracker.Bead object at 0x000001A3C45C4D00>	1.0	46	1199	1199	0	True	573.0	M450		1199
223.49	213.764	0	511.192	<BeadTracker.Bead object at 0x000001A3C45A2040>	2.0	46	1200	1200	0	False	573.0	M450		1200
223.409	213.124	0	873.871	<BeadTracker.Bead object at 0x000001A3C45A22E0>	1.0	47	1202	1202	0	True	577.0	M450		1202
223.359	213.847	0	482.795	<BeadTracker.Bead object at 0x000001A3C45A24C0>	2.0	47	1203	1203	0	False	577.0	M450		1203
223.528	213.062	0	906.68	<BeadTracker.Bead object at 0x000001A3C45A2880>	1.0	48	1205	1205	0	True	573.0	M450		1205
223.667	213.791	0	514.252	<BeadTracker.Bead object at 0x000001A3C45A2A60>	2.0	48	1206	1206	0	False	573.0	M450		1206
222.512	212.155	0	863.283	<BeadTracker.Bead object at 0x000001A3C45A2E20>	1.0	49	1208	1208	0	True	580.0	M450		1208
222.702	212.788	0	482.039	<BeadTracker.Bead object at 0x000001A3C459E040>	2.0	49	1209	1209	0	False	580.0	M450		1209
221.857	212.514	0	838.847	<BeadTracker.Bead object at 0x000001A3C459E400>	1.0	50	1211	1211	0	True	581.0	M450		1211
221.99	212.962	0	460.709	<BeadTracker.Bead object at 0x000001A3C459E5E0>	2.0	50	1212	1212	0	False	581.0	M450		1212
220.994	213.213	0	805.642	<BeadTracker.Bead object at 0x000001A3C459E9A0>	1.0	51	1214	1214	0	True	616.0	M450		1214
221.085	213.597	0	451.125	<BeadTracker.Bead object at 0x000001A3C459EB80>	2.0	51	1215	1215	0	False	616.0	M450		1215
220.519	214.036	0	723.326	<BeadTracker.Bead object at 0x000001A3C45BC040>	1.0	52	1217	1217	0	True	639.0	M450		1217
220.978	213.856	0	411.75	<BeadTracker.Bead object at 0x000001A3C45BC160>	2.0	52	1218	1218	0	False	639.0	M450		1218
221.08	213.548	0	1850.399	<BeadTracker.Bead object at 0x000001A3C45BC520>	1.0	53	1220	1220	0	True	600.0	M450		1220
221.315	213.07	0	1088.9	<BeadTracker.Bead object at 0x000001A3C45BC700>	2.0	53	1221	1221	0	False	600.0	M450		1221
221.408	213.831	0	549.903	<BeadTracker.Bead object at 0x000001A3C45BC8E0>	3.0	53	1222	1222	0	False	600.0	M450		1222
223.28	213.155	0	1876.908	<BeadTracker.Bead object at 0x000001A3C45BCAC0>	1.0	54	1223	1223	0	True	561.0	M450		1223
223.777	212.787	0	1258.76	<BeadTracker.Bead object at 0x000001A3C45BCCA0>	2.0	54	1224	1224	0	False	561.0	M450		1224
223.469	213.502	0	597.506	<BeadTracker.Bead object at 0x000001A3C45BCE80>	3.0	54	1225	1225	0	False	561.0	M450		1225
222.84	213.557	-5	749.766	<BeadTracker.Bead object at 0x000001A3C45BA0A0>	0.1	0	1226	1226	0	True	522.0	M450		1226
223.22	213.257	-5	1003.5	<BeadTracker.Bead object at 0x000001A3C45BA280>	0.1	0	1227	1227	0	True	483.0	M450		1227
223.323	212.804	-5	1167.455	<BeadTracker.Bead object at 0x000001A3C45BA460>	0.1	0	1228	1228	0	True	444.0	M450		1228
223.528	212.65	-5	1220.738	<BeadTracker.Bead object at 0x000001A3C45BA640>	0.1	0	1229	1229	0	True	405.0	M450		1229
223.53	212.744	-5	1219.382	<BeadTracker.Bead object at 0x000001A3C45BA820>	0.1	0	1230	1230	0	True	366.0	M450		1230
223.508	212.753	-5	1217.132	<BeadTracker.Bead object at 0x000001A3C45BAA00>	0.1	0	1231	1231	0	True	327.0	M450		1231
223.525	212.725	-5	1231.944	<BeadTracker.Bead object at 0x000001A3C45BABE0>	0.1	0	1232	1232	0	True	288.0	M450		1232
223.595	212.718	-5	1213.819	<BeadTracker.Bead object at 0x000001A3C45BADC0>	0.1	0	1233	1233	0	True	270.0	M450		1233
223.495	212.6	-5	1203.689	<BeadTracker.Bead object at 0x000001A3C4594160>	0.1	0	1234	1234	0	True	270.0	M450		1234
223.544	212.471	-5	1215.633	<BeadTracker.Bead object at 0x000001A3C45941C0>	0.1	0	1235	1235	0	True	291.0	M450		1235
223.545	212.39	-5	1216.902	<BeadTracker.Bead object at 0x000001A3C45943A0>	0.1	0	1236	1236	0	True	290.0	M450		1236
223.741	212.715	-5	1214.714	<BeadTracker.Bead object at 0x000001A3C4594580>	0.1	0	1237	1237	0	True	269.0	M450		1237
223.693	212.529	-5	1241.978	<BeadTracker.Bead object at 0x000001A3C4594760>	0.1	0	1238	1238	0	True	267.0	M450		1238
223.647	212.719	-5	1224.036	<BeadTracker.Bead object at 0x000001A3C4594940>	0.1	0	1239	1239	0	True	284.0	M450		1239
223.76	212.553	-5	1242.744	<BeadTracker.Bead object at 0x000001A3C4594B20>	0.1	0	1240	1240	0	True	267.0	M450		1240
223.748	212.505	-5	1227.997	<BeadTracker.Bead object at 0x000001A3C4594D00>	0.1	0	1241	1241	0	True	270.0	M450		1241
223.735	212.497	-5	1233.602	<BeadTracker.Bead object at 0x000001A3CAF3B040>	0.1	0	1242	1242	0	True	291.0	M450		1242
223.683	212.499	-5	1252.461	<BeadTracker.Bead object at 0x000001A3CAF3B100>	0.1	0	1243	1243	0	True	290.0	M450		1243
223.48	212.429	-5	1241.403	<BeadTracker.Bead object at 0x000001A3CAF3B2E0>	0.1	0	1244	1244	0	True	268.0	M450		1244
223.737	212.408	-5	1217.751	<BeadTracker.Bead object at 0x000001A3CAF3B4C0>	0.1	0	1245	1245	0	True	290.0	M450		1245
223.681	212.484	-5	1243.345	<BeadTracker.Bead object at 0x000001A3CAF3B6A0>	0.1	0	1246	1246	0	True	290.0	M450		1246
223.891	212.48	-5	1236.986	<BeadTracker.Bead object at 0x000001A3CAF3B880>	0.1	0	1247	1247	0	True	289.0	M450		1247
223.728	212.413	-5	1262.811	<BeadTracker.Bead object at 0x000001A3CAF3BA60>	0.1	0	1248	1248	0	True	289.0	M450		1248
223.674	212.432	-5	1285.857	<BeadTracker.Bead object at 0x000001A3CAF3BC40>	0.1	0	1249	1249	0	True	268.0	M450		1249
223.586	212.252	-5	1281.352	<BeadTracker.Bead object at 0x000001A3CAF3BE20>	0.1	0	1250	1250	0	True	286.0	M450		1250
223.774	212.328	-5	1268.936	<BeadTracker.Bead object at 0x000001A3CAF2FF40>	0.1	0	1251	1251	0	True	286.0	M450		1251
223.684	212.243	-5	1282.181	<BeadTracker.Bead object at 0x000001A3CAF2F2B0>	0.1	0	1252	1252	0	True	268.0	M450		1252
223.604	212.287	-5	1280.256	<BeadTracker.Bead object at 0x000001A3CAF2F5E0>	0.1	0	1253	1253	0	True	269.0	M450		1253
223.637	212.076	-5	1291.809	<BeadTracker.Bead object at 0x000001A3CAF2F520>	0.1	0	1254	1254	0	True	267.0	M450		1254
223.758	212.236	-5	1265.231	<BeadTracker.Bead object at 0x000001A3CAF2FA00>	0.1	0	1255	1255	0	True	269.0	M450		1255
223.667	212.306	-5	1284.708	<BeadTracker.Bead object at 0x000001A3CAF2F730>	0.1	0	1256	1256	0	True	269.0	M450		1256
223.924	212.299	-5	1274.647	<BeadTracker.Bead object at 0x000001A3CAF2FDF0>	0.1	0	1257	1257	0	True	268.0	M450		1257
223.807	212.409	-5	1265.788	<BeadTracker.Bead object at 0x000001A3CAF2FEB0>	0.1	0	1258	1258	0	True	287.0	M450		1258
223.926	212.428	-5	1278.451	<BeadTracker.Bead object at 0x000001A3CAF30040>	0.1	0	1259	1259	0	True	288.0	M450		1259
223.88	212.346	-5	1257.345	<BeadTracker.Bead object at 0x000001A3CAF30160>	0.1	0	1260	1260	0	True	289.0	M450		1260
224.033	212.421	-5	1262.206	<BeadTracker.Bead object at 0x000001A3CAF30340>	0.1	0	1261	1261	0	True	287.0	M450		1261
223.92	212.466	-5	1260.156	<BeadTracker.Bead object at 0x000001A3CAF30520>	0.1	0	1262	1262	0	True	288.0	M450		1262
223.957	212.359	-5	1252.455	<BeadTracker.Bead object at 0x000001A3CAF30700>	0.1	0	1263	1263	0	True	288.0	M450		1263
223.909	212.377	-5	1249.185	<BeadTracker.Bead object at 0x000001A3CAF308E0>	0.1	0	1264	1264	0	True	288.0	M450		1264
223.989	212.463	-5	1254.618	<BeadTracker.Bead object at 0x000001A3CAF30AC0>	0.1	0	1265	1265	0	True	289.0	M450		1265
223.959	212.561	-5	1265.405	<BeadTracker.Bead object at 0x000001A3CAF30CA0>	0.1	0	1266	1266	0	True	266.0	M450		1266
224.397	212.274	-5	1251.826	<BeadTracker.Bead object at 0x000001A3CAF30E80>	0.1	0	1267	1267	0	True	267.0	M450		1267
224.021	212.045	-5	1353.596	<BeadTracker.Bead object at 0x000001A3CAF5A0A0>	0.1	0	1268	1268	0	True	260.0	M450		1268
224.166	212.408	-5	1265.832	<BeadTracker.Bead object at 0x000001A3CAF5A280>	0.1	0	1269	1269	0	True	269.0	M450		1269
224.084	212.255	-5	1319.606	<BeadTracker.Bead object at 0x000001A3CAF5A460>	0.1	0	1270	1270	0	True	263.0	M450		1270
224.133	212.36	-5	1369.41	<BeadTracker.Bead object at 0x000001A3CAF5A640>	0.1	0	1271	1271	0	True	261.0	M450		1271
224.146	212.261	-5	1319.692	<BeadTracker.Bead object at 0x000001A3CAF5A820>	0.1	0	1272	1272	0	True	261.0	M450		1272
223.971	211.932	-5	1285.407	<BeadTracker.Bead object at 0x000001A3CAF5AA00>	0.1	0	1273	1273	0	True	265.0	M450		1273
223.864	212.695	-5	1360.203	<BeadTracker.Bead object at 0x000001A3CAF5ABE0>	0.1	0	1274	1274	0	True	257.0	M450		1274
224.231	212.658	-5	1405.486	<BeadTracker.Bead object at 0x000001A3CAF5ADC0>	0.1	0	1275	1275	0	True	245.0	M450		1275
223.907	212.074	-5	1355.38	<BeadTracker.Bead object at 0x000001A3CAF3E160>	0.1	0	1276	1276	0	True	257.0	M450		1276
224.068	212.083	-5	1356.745	<BeadTracker.Bead object at 0x000001A3CAF3E1C0>	0.1	0	1277	1277	0	True	255.0	M450		1277
223.738	212.538	-5	1234.553	<BeadTracker.Bead object at 0x000001A3CAF3E3A0>	0.1	0	1278	1278	0	True	268.0	M450		1278
224.178	212.033	-5	1371.384	<BeadTracker.Bead object at 0x000001A3CAF3E580>	0.1	0	1279	1279	0	True	253.0	M450		1279
224.002	211.612	-5	1344.763	<BeadTracker.Bead object at 0x000001A3CAF3E760>	0.1	0	1280	1280	0	True	255.0	M450		1280
224.069	212.073	-5	1365.96	<BeadTracker.Bead object at 0x000001A3CAF3E940>	0.1	0	1281	1281	0	True	254.0	M450		1281
223.876	212.208	-5	1306.236	<BeadTracker.Bead object at 0x000001A3CAF3EB20>	0.1	0	1282	1282	0	True	265.0	M450		1282
223.884	212.083	-5	1342.388	<BeadTracker.Bead object at 0x000001A3CAF3ED00>	0.1	0	1283	1283	0	True	261.0	M450		1283
223.908	211.603	-5	1350.081	<BeadTracker.Bead object at 0x000001A3CAF3D040>	0.1	0	1284	1284	0	True	257.0	M450		1284
223.991	211.978	-5	1374.178	<BeadTracker.Bead object at 0x000001A3CAF3D100>	0.1	0	1285	1285	0	True	256.0	M450		1285
223.919	212.455	-5	1335.204	<BeadTracker.Bead object at 0x000001A3CAF3D2E0>	0.1	0	1286	1286	0	True	265.0	M450		1286
224.048	212.215	-5	1347.576	<BeadTracker.Bead object at 0x000001A3CAF3D4C0>	0.1	0	1287	1287	0	True	261.0	M450		1287
223.846	211.774	-5	1346.099	<BeadTracker.Bead object at 0x000001A3CAF3D6A0>	0.1	0	1288	1288	0	True	256.0	M450		1288
223.847	211.918	-5	1341.333	<BeadTracker.Bead object at 0x000001A3CAF3D880>	0.1	0	1289	1289	0	True	260.0	M450		1289
223.895	212.164	-5	1316.078	<BeadTracker.Bead object at 0x000001A3CAF3DA60>	0.1	0	1290	1290	0	True	264.0	M450		1290
224.101	211.934	-5	1329.177	<BeadTracker.Bead object at 0x000001A3CAF3DC40>	0.1	0	1291	1291	0	True	257.0	M450		1291
223.902	211.93	-5	1298.638	<BeadTracker.Bead object at 0x000001A3CAF3DE20>	0.1	0	1292	1292	0	True	263.0	M450		1292
224.012	212.108	-5	1345.402	<BeadTracker.Bead object at 0x000001A3CAF3A040>	0.1	0	1293	1293	0	True	260.0	M450		1293
223.886	211.969	-5	1322.521	<BeadTracker.Bead object at 0x000001A3CAF3A220>	0.1	0	1294	1294	0	True	264.0	M450		1294
224.026	211.842	-5	1343.99	<BeadTracker.Bead object at 0x000001A3CAF3A400>	0.1	0	1295	1295	0	True	257.0	M450		1295
223.93	212.026	-5	1297.575	<BeadTracker.Bead object at 0x000001A3CAF3A5E0>	0.1	0	1296	1296	0	True	264.0	M450		1296
224.135	212.248	-5	1315.538	<BeadTracker.Bead object at 0x000001A3CAF3A7C0>	0.1	0	1297	1297	0	True	264.0	M450		1297
223.899	211.934	-5	1356.316	<BeadTracker.Bead object at 0x000001A3CAF3A9A0>	0.1	0	1298	1298	0	True	256.0	M450		1298
224.066	211.909	-5	1379.975	<BeadTracker.Bead object at 0x000001A3CAF3AB80>	0.1	0	1299	1299	0	True	248.0	M450		1299
224.051	212.192	-5	1338.735	<BeadTracker.Bead object at 0x000001A3CAF3AD60>	0.1	0	1300	1300	0	True	258.0	M450		1300
224.164	212.258	-5	1314.7	<BeadTracker.Bead object at 0x000001A3CAF2A040>	0.1	0	1301	1301	0	True	261.0	M450		1301
224.105	212.007	-5	1345.828	<BeadTracker.Bead object at 0x000001A3CAF2A160>	0.1	0	1302	1302	0	True	252.0	M450		1302
224.122	212.306	-5	1373.771	<BeadTracker.Bead object at 0x000001A3CAF2A340>	0.1	0	1303	1303	0	True	259.0	M450		1303
224.039	212.018	-5	1267.013	<BeadTracker.Bead object at 0x000001A3CAF2A520>	0.1	0	1304	1304	0	True	266.0	M450		1304
224.134	211.92	-5	1351.387	<BeadTracker.Bead object at 0x000001A3CAF2A700>	0.1	0	1305	1305	0	True	255.0	M450		1305
224.087	212.212	-5	1316.198	<BeadTracker.Bead object at 0x000001A3CAF2A8E0>	0.1	0	1306	1306	0	True	263.0	M450		1306
224.165	211.897	-5	1364.733	<BeadTracker.Bead object at 0x000001A3CAF2AAC0>	0.1	0	1307	1307	0	True	253.0	M450		1307
224.085	212.203	-5	1352.923	<BeadTracker.Bead object at 0x000001A3CAF2ACA0>	0.1	0	1308	1308	0	True	260.0	M450		1308
224.095	212.048	-5	1354.182	<BeadTracker.Bead object at 0x000001A3CAF2AE80>	0.1	0	1309	1309	0	True	260.0	M450		1309
224.098	212.127	-5	1292.081	<BeadTracker.Bead object at 0x000001A3CAF320A0>	0.1	0	1310	1310	0	True	264.0	M450		1310
224.289	212.002	-5	1382.262	<BeadTracker.Bead object at 0x000001A3CAF32280>	0.1	0	1311	1311	0	True	251.0	M450		1311
224.035	211.925	-5	1349.333	<BeadTracker.Bead object at 0x000001A3CAF32460>	0.1	0	1312	1312	0	True	257.0	M450		1312
224.123	211.924	-5	1368.673	<BeadTracker.Bead object at 0x000001A3CAF32640>	0.1	0	1313	1313	0	True	250.0	M450		1313
223.999	212.019	-5	1313.19	<BeadTracker.Bead object at 0x000001A3CAF32820>	0.1	0	1314	1314	0	True	261.0	M450		1314
224.222	212.051	-5	1342.93	<BeadTracker.Bead object at 0x000001A3CAF32A00>	0.1	0	1315	1315	0	True	254.0	M450		1315
224.072	211.912	-5	1340.703	<BeadTracker.Bead object at 0x000001A3CAF32BE0>	0.1	0	1316	1316	0	True	257.0	M450		1316
224.235	211.817	-5	1386.732	<BeadTracker.Bead object at 0x000001A3CAF32DC0>	0.1	0	1317	1317	0	True	247.0	M450		1317
224.159	211.886	-5	1362.35	<BeadTracker.Bead object at 0x000001A3CAF35160>	0.1	0	1318	1318	0	True	250.0	M450		1318
224.168	211.73	-5	1358.433	<BeadTracker.Bead object at 0x000001A3CAF351C0>	0.1	0	1319	1319	0	True	249.0	M450		1319
224.123	211.99	-5	1360.104	<BeadTracker.Bead object at 0x000001A3CAF353A0>	0.1	0	1320	1320	0	True	252.0	M450		1320
224.225	211.824	-5	1389.701	<BeadTracker.Bead object at 0x000001A3CAF35580>	0.1	0	1321	1321	0	True	243.0	M450		1321
224.027	211.755	-5	1363.952	<BeadTracker.Bead object at 0x000001A3CAF35760>	0.1	0	1322	1322	0	True	248.0	M450		1322
224.121	211.832	-5	1374.633	<BeadTracker.Bead object at 0x000001A3CAF35940>	0.1	0	1323	1323	0	True	247.0	M450		1323
224.066	211.809	-5	1365.674	<BeadTracker.Bead object at 0x000001A3CAF35B20>	0.1	0	1324	1324	0	True	250.0	M450		1324
224.148	211.865	-5	1377.774	<BeadTracker.Bead object at 0x000001A3CAF35D00>	0.1	0	1325	1325	0	True	247.0	M450		1325
224.075	211.916	-5	1364.179	<BeadTracker.Bead object at 0x000001A3CAF2E040>	0.1	0	1326	1326	0	True	253.0	M450		1326
224.199	211.803	-5	1363.274	<BeadTracker.Bead object at 0x000001A3CAF2E100>	0.1	0	1327	1327	0	True	250.0	M450		1327
224.051	211.968	-5	1382.247	<BeadTracker.Bead object at 0x000001A3CAF2E2E0>	0.1	0	1328	1328	0	True	251.0	M450		1328
224.278	211.911	-5	1360.035	<BeadTracker.Bead object at 0x000001A3CAF2E4C0>	0.1	0	1329	1329	0	True	251.0	M450		1329
224.149	211.923	-5	1371.161	<BeadTracker.Bead object at 0x000001A3CAF2E6A0>	0.1	0	1330	1330	0	True	247.0	M450		1330
224.362	211.921	-5	1372.308	<BeadTracker.Bead object at 0x000001A3CAF2E880>	0.1	0	1331	1331	0	True	247.0	M450		1331
224.128	211.855	-5	1355.359	<BeadTracker.Bead object at 0x000001A3CAF2EA60>	0.1	0	1332	1332	0	True	248.0	M450		1332
224.239	211.892	-5	1382.087	<BeadTracker.Bead object at 0x000001A3CAF2EC40>	0.1	0	1333	1333	0	True	244.0	M450		1333
224.28	211.809	-5	1391.068	<BeadTracker.Bead object at 0x000001A3CAF2EE20>	0.1	0	1334	1334	0	True	243.0	M450		1334
224.399	211.897	-5	1400.562	<BeadTracker.Bead object at 0x000001A3CAF29040>	0.1	0	1335	1335	0	True	243.0	M450		1335
224.268	212.039	-5	1382.562	<BeadTracker.Bead object at 0x000001A3CAF29220>	0.1	0	1336	1336	0	True	248.0	M450		1336
224.328	211.827	-5	1403.637	<BeadTracker.Bead object at 0x000001A3CAF29400>	0.1	0	1337	1337	0	True	239.0	M450		1337
224.258	211.817	-5	1398.309	<BeadTracker.Bead object at 0x000001A3CAF295E0>	0.1	0	1338	1338	0	True	243.0	M450		1338
224.377	211.994	-5	1393.951	<BeadTracker.Bead object at 0x000001A3CAF297C0>	0.1	0	1339	1339	0	True	243.0	M450		1339
224.39	211.928	-5	1397.943	<BeadTracker.Bead object at 0x000001A3CAF299A0>	0.1	0	1340	1340	0	True	242.0	M450		1340
224.501	211.994	-5	1421.185	<BeadTracker.Bead object at 0x000001A3CAF29B80>	0.1	0	1341	1341	0	True	247.0	M450		1341
224.215	211.885	-5	1400.008	<BeadTracker.Bead object at 0x000001A3CAF29D60>	0.1	0	1342	1342	0	True	238.0	M450		1342
224.294	211.914	-5	1404.721	<BeadTracker.Bead object at 0x000001A3D1F79040>	0.1	0	1343	1343	0	True	234.0	M450		1343
224.289	211.785	-5	1403.001	<BeadTracker.Bead object at 0x000001A3D1F79160>	0.1	0	1344	1344	0	True	241.0	M450		1344
224.435	211.944	-5	1417.159	<BeadTracker.Bead object at 0x000001A3D1F79340>	0.1	0	1345	1345	0	True	236.0	M450		1345
224.322	211.922	-5	1392.958	<BeadTracker.Bead object at 0x000001A3D1F79520>	0.1	0	1346	1346	0	True	243.0	M450		1346
224.285	211.83	-5	1422.838	<BeadTracker.Bead object at 0x000001A3D1F79700>	0.1	0	1347	1347	0	True	233.0	M450		1347
224.189	211.894	-5	1386.551	<BeadTracker.Bead object at 0x000001A3D1F798E0>	0.1	0	1348	1348	0	True	243.0	M450		1348
224.346	211.857	-5	1414.621	<BeadTracker.Bead object at 0x000001A3D1F79AC0>	0.1	0	1349	1349	0	True	237.0	M450		1349
224.277	211.716	-5	1401.333	<BeadTracker.Bead object at 0x000001A3D1F79CA0>	0.1	0	1350	1350	0	True	238.0	M450		1350
224.314	211.867	-5	1414.149	<BeadTracker.Bead object at 0x000001A3D1F79E80>	0.1	0	1351	1351	0	True	239.0	M450		1351
224.167	211.842	-5	1355.747	<BeadTracker.Bead object at 0x000001A3D1F460A0>	0.1	0	1352	1352	0	True	246.0	M450		1352
224.381	211.678	-5	1384.866	<BeadTracker.Bead object at 0x000001A3D1F46280>	0.1	0	1353	1353	0	True	242.0	M450		1353
224.295	211.856	-5	1386.755	<BeadTracker.Bead object at 0x000001A3D1F46460>	0.1	0	1354	1354	0	True	244.0	M450		1354
224.393	211.95	-5	1391.333	<BeadTracker.Bead object at 0x000001A3D1F46640>	0.1	0	1355	1355	0	True	242.0	M450		1355
224.31	211.889	-5	1382.757	<BeadTracker.Bead object at 0x000001A3D1F46820>	0.1	0	1356	1356	0	True	243.0	M450		1356
224.411	211.851	-5	1379.943	<BeadTracker.Bead object at 0x000001A3D1F46A00>	0.1	0	1357	1357	0	True	239.0	M450		1357
224.283	211.726	-5	1363.459	<BeadTracker.Bead object at 0x000001A3D1F46BE0>	0.1	0	1358	1358	0	True	246.0	M450		1358
224.413	211.876	5	1401.493	<BeadTracker.Bead object at 0x000001A3D1F46DC0>	0.0	0	1359	1359	0	True	237.0	M450		1359
224.368	211.903	5	1385.605	<BeadTracker.Bead object at 0x000001A3D1F78AC0>	0.0	0	1360	1360	0	True	242.0	M450		1360
224.393	211.803	5	1381.258	<BeadTracker.Bead object at 0x000001A3D1F781F0>	0.0	0	1361	1361	0	True	240.0	M450		1361
224.337	211.848	5	1393.224	<BeadTracker.Bead object at 0x000001A3D1F789D0>	0.0	0	1362	1362	0	True	237.0	M450		1362
224.449	211.832	5	1382.859	<BeadTracker.Bead object at 0x000001A3D1F78F40>	0.0	0	1363	1363	0	True	238.0	M450		1363
224.358	211.97	5	1389.426	<BeadTracker.Bead object at 0x000001A3D1F78580>	0.0	0	1364	1364	0	True	241.0	M450		1364
224.598	211.972	5	1408.325	<BeadTracker.Bead object at 0x000001A3D1F78490>	0.0	0	1365	1365	0	True	244.0	M450		1365
224.367	211.758	5	1379.566	<BeadTracker.Bead object at 0x000001A3D1F78E80>	0.0	0	1366	1366	0	True	241.0	M450		1366
224.513	211.879	5	1398.083	<BeadTracker.Bead object at 0x000001A3D1F78760>	0.0	0	1367	1367	0	True	246.0	M450		1367
224.487	211.873	5	1408.789	<BeadTracker.Bead object at 0x000001A3D1F64040>	0.0	0	1368	1368	0	True	237.0	M450		1368
224.579	211.846	5	1421.185	<BeadTracker.Bead object at 0x000001A3D1F64100>	0.0	0	1369	1369	0	True	238.0	M450		1369
224.508	211.98	5	1376.92	<BeadTracker.Bead object at 0x000001A3D1F642E0>	0.0	0	1370	1370	0	True	252.0	M450		1370
224.488	211.934	5	1393.287	<BeadTracker.Bead object at 0x000001A3D1F644C0>	0.0	0	1371	1371	0	True	236.0	M450		1371
224.574	211.775	5	1380.404	<BeadTracker.Bead object at 0x000001A3D1F646A0>	0.0	0	1372	1372	0	True	247.0	M450		1372
224.561	211.842	5	1397.192	<BeadTracker.Bead object at 0x000001A3D1F64880>	0.0	0	1373	1373	0	True	242.0	M450		1373
224.422	211.805	5	1406.222	<BeadTracker.Bead object at 0x000001A3D1F64A60>	0.0	0	1374	1374	0	True	236.0	M450		1374
224.606	212.016	5	1398.663	<BeadTracker.Bead object at 0x000001A3D1F64C40>	0.0	0	1375	1375	0	True	245.0	M450		1375
224.385	211.878	5	1396.473	<BeadTracker.Bead object at 0x000001A3D1F64E20>	0.0	0	1376	1376	0	True	237.0	M450		1376
224.6	211.784	5	1406.445	<BeadTracker.Bead object at 0x000001A3D1F4F040>	0.0	0	1377	1377	0	True	241.0	M450		1377
224.351	211.729	5	1395.282	<BeadTracker.Bead object at 0x000001A3D1F4F220>	0.0	0	1378	1378	0	True	235.0	M450		1378
224.574	211.79	5	1402.4	<BeadTracker.Bead object at 0x000001A3D1F4F400>	0.0	0	1379	1379	0	True	244.0	M450		1379
224.452	212.043	5	1390.494	<BeadTracker.Bead object at 0x000001A3D1F4F5E0>	0.0	0	1380	1380	0	True	241.0	M450		1380
224.515	211.913	5	1368.848	<BeadTracker.Bead object at 0x000001A3D1F4F7C0>	0.0	0	1381	1381	0	True	249.0	M450		1381
224.375	211.903	5	1378.809	<BeadTracker.Bead object at 0x000001A3D1F4F9A0>	0.0	0	1382	1382	0	True	241.0	M450		1382
224.467	211.74	5	1374.778	<BeadTracker.Bead object at 0x000001A3D1F4FD60>	0.0	0	1384	1384	0	True	241.0	M450		1384
224.498	211.79	5	1386.185	<BeadTracker.Bead object at 0x000001A3D1F5ACD0>	0.0	0	1385	1385	0	True	236.0	M450		1385
224.399	211.831	5	1360.693	<BeadTracker.Bead object at 0x000001A3D1F5A280>	0.0	0	1386	1386	0	True	244.0	M450		1386
224.269	211.687	5	1342.106	<BeadTracker.Bead object at 0x000001A3D1F5A580>	0.0	0	1388	1388	0	True	248.0	M450		1388
224.452	211.897	5	1357.082	<BeadTracker.Bead object at 0x000001A3D1F5A340>	0.0	0	1389	1389	0	True	246.0	M450		1389
224.247	211.746	5	1344.918	<BeadTracker.Bead object at 0x000001A3D1F5AB50>	0.0	0	1390	1390	0	True	245.0	M450		1390
224.381	211.744	5	1349.476	<BeadTracker.Bead object at 0x000001A3D1F5AA90>	0.0	0	1391	1391	0	True	245.0	M450		1391
224.316	211.849	5	1354.411	<BeadTracker.Bead object at 0x000001A3D1F5AF40>	0.0	0	1392	1392	0	True	244.0	M450		1392
224.386	211.857	5	1342.979	<BeadTracker.Bead object at 0x000001A3D1F5AE50>	0.0	0	1393	1393	0	True	248.0	M450		1393
224.274	211.832	5	1337.689	<BeadTracker.Bead object at 0x000001A3D1F6D0A0>	0.0	0	1394	1394	0	True	248.0	M450		1394
224.46	211.846	5	1326.291	<BeadTracker.Bead object at 0x000001A3D1F6D280>	0.0	0	1395	1395	0	True	250.0	M450		1395
224.31	211.769	5	1342.003	<BeadTracker.Bead object at 0x000001A3D1F6D460>	0.0	0	1396	1396	0	True	249.0	M450		1396
224.376	211.836	5	1345.068	<BeadTracker.Bead object at 0x000001A3D1F6D640>	0.0	0	1397	1397	0	True	244.0	M450		1397
224.255	211.837	5	1337.174	<BeadTracker.Bead object at 0x000001A3D1F6D820>	0.0	0	1398	1398	0	True	247.0	M450		1398
224.503	212.03	5	1332.951	<BeadTracker.Bead object at 0x000001A3D1F6DA00>	0.0	0	1399	1399	0	True	257.0	M450		1399
224.409	211.943	5	1322.761	<BeadTracker.Bead object at 0x000001A3D1F6DBE0>	0.0	0	1400	1400	0	True	250.0	M450		1400
224.428	211.872	5	1358.316	<BeadTracker.Bead object at 0x000001A3D1F6DDC0>	0.0	0	1401	1401	0	True	245.0	M450		1401
224.291	211.899	5	1340.516	<BeadTracker.Bead object at 0x000001A3D1F6E160>	0.0	0	1402	1402	0	True	251.0	M450		1402
224.414	211.996	5	1351.452	<BeadTracker.Bead object at 0x000001A3D1F6E1C0>	0.0	0	1403	1403	0	True	248.0	M450		1403
224.319	211.918	5	1328.562	<BeadTracker.Bead object at 0x000001A3D1F6E3A0>	0.0	0	1404	1404	0	True	254.0	M450		1404
224.453	212.115	5	1313.027	<BeadTracker.Bead object at 0x000001A3D1F6E580>	0.0	0	1405	1405	0	True	253.0	M450		1405
224.318	211.948	5	1336.723	<BeadTracker.Bead object at 0x000001A3D1F6E760>	0.0	0	1406	1406	0	True	251.0	M450		1406
224.237	212.064	5	1327.096	<BeadTracker.Bead object at 0x000001A3D1F6E940>	0.0	0	1407	1407	0	True	254.0	M450		1407
224.223	212.04	5	1327.997	<BeadTracker.Bead object at 0x000001A3D1F6EB20>	0.0	0	1408	1408	0	True	255.0	M450		1408
224.346	212.121	5	1319.163	<BeadTracker.Bead object at 0x000001A3D1F6ED00>	0.0	0	1409	1409	0	True	255.0	M450		1409
224.166	212.107	5	1306.618	<BeadTracker.Bead object at 0x000001A3D1F53040>	0.0	0	1410	1410	0	True	257.0	M450		1410
224.251	212.063	5	1315.592	<BeadTracker.Bead object at 0x000001A3D1F53100>	0.0	0	1411	1411	0	True	255.0	M450		1411
224.007	212.146	5	1283.583	<BeadTracker.Bead object at 0x000001A3D1F532E0>	0.0	0	1412	1412	0	True	261.0	M450		1412
224.064	212.068	5	1270.685	<BeadTracker.Bead object at 0x000001A3D1F534C0>	0.0	0	1413	1413	0	True	263.0	M450		1413
223.888	211.949	5	1256.627	<BeadTracker.Bead object at 0x000001A3D1F536A0>	0.0	0	1414	1414	0	True	263.0	M450		1414
223.943	211.99	5	1236.995	<BeadTracker.Bead object at 0x000001A3D1F53880>	0.0	0	1415	1415	0	True	264.0	M450		1415
223.827	211.971	5	1240.081	<BeadTracker.Bead object at 0x000001A3D1F53A60>	0.0	0	1416	1416	0	True	266.0	M450		1416
223.769	211.952	5	1231.793	<BeadTracker.Bead object at 0x000001A3D1F53C40>	0.0	0	1417	1417	0	True	265.0	M450		1417
223.606	211.848	5	1182.748	<BeadTracker.Bead object at 0x000001A3D1F53E20>	0.0	0	1418	1418	0	True	283.0	M450		1418
223.702	211.859	5	1174.247	<BeadTracker.Bead object at 0x000001A3D1F4A040>	0.0	0	1419	1419	0	True	284.0	M450		1419
223.504	211.697	5	1167.388	<BeadTracker.Bead object at 0x000001A3D1F4A220>	0.0	0	1420	1420	0	True	285.0	M450		1420
223.335	211.608	5	1125.633	<BeadTracker.Bead object at 0x000001A3D1F4A400>	0.0	0	1421	1421	0	True	286.0	M450		1421
223.162	211.544	5	1093.721	<BeadTracker.Bead object at 0x000001A3D1F4A5E0>	0.0	0	1422	1422	0	True	296.0	M450		1422
223.216	211.545	5	1035.323	<BeadTracker.Bead object at 0x000001A3D1F4A7C0>	0.0	0	1423	1423	0	True	307.0	M450		1423
223.164	211.257	5	1009.412	<BeadTracker.Bead object at 0x000001A3D1F4A9A0>	0.0	0	1424	1424	0	True	320.0	M450		1424
223.37	211.341	5	990.3	<BeadTracker.Bead object at 0x000001A3D1F4AB80>	0.0	0	1425	1425	0	True	323.0	M450		1425
223.116	211.729	5	1013.39	<BeadTracker.Bead object at 0x000001A3D1F6F040>	0.0	0	1427	1427	0	True	308.0	M450		1427
223.052	211.723	5	1055.85	<BeadTracker.Bead object at 0x000001A3D1F6F160>	0.0	0	1428	1428	0	True	302.0	M450		1428
223.215	211.939	5	1063.277	<BeadTracker.Bead object at 0x000001A3D1F6F340>	0.0	0	1429	1429	0	True	300.0	M450		1429
222.984	211.894	5	1084.693	<BeadTracker.Bead object at 0x000001A3D1F6F520>	0.0	0	1430	1430	0	True	295.0	M450		1430
223.154	212.1	5	1110.632	<BeadTracker.Bead object at 0x000001A3D1F6F700>	0.0	0	1431	1431	0	True	292.0	M450		1431
223.056	212.046	5	1117.107	<BeadTracker.Bead object at 0x000001A3D1F6F8E0>	0.0	0	1432	1432	0	True	291.0	M450		1432
223.246	212.174	5	1135.556	<BeadTracker.Bead object at 0x000001A3D1F6FAC0>	0.0	0	1433	1433	0	True	289.0	M450		1433
223.157	212.312	5	1143.244	<BeadTracker.Bead object at 0x000001A3D1F6FCA0>	0.0	0	1434	1434	0	True	289.0	M450		1434
223.232	212.271	5	1158.851	<BeadTracker.Bead object at 0x000001A3D1F6FE80>	0.0	0	1435	1435	0	True	289.0	M450		1435
223.116	212.325	5	1159.324	<BeadTracker.Bead object at 0x000001A3CB8D90A0>	0.0	0	1436	1436	0	True	290.0	M450		1436
223.341	212.304	5	1163.609	<BeadTracker.Bead object at 0x000001A3CB8D9280>	0.0	0	1437	1437	0	True	288.0	M450		1437
223.284	212.307	5	1186.757	<BeadTracker.Bead object at 0x000001A3CB8D9460>	0.0	0	1438	1438	0	True	286.0	M450		1438
223.401	212.504	5	1197.243	<BeadTracker.Bead object at 0x000001A3CB8D9640>	0.0	0	1439	1439	0	True	269.0	M450		1439
223.254	212.472	5	1214.592	<BeadTracker.Bead object at 0x000001A3CB8D9820>	0.0	0	1440	1440	0	True	269.0	M450		1440
223.317	212.444	5	1225.206	<BeadTracker.Bead object at 0x000001A3CB8D9A00>	0.0	0	1441	1441	0	True	267.0	M450		1441
223.174	212.284	5	1220.65	<BeadTracker.Bead object at 0x000001A3CB8D9BE0>	0.0	0	1442	1442	0	True	267.0	M450		1442
223.435	212.387	5	1252.451	<BeadTracker.Bead object at 0x000001A3CB8D9DC0>	0.0	0	1443	1443	0	True	265.0	M450		1443
223.314	212.428	5	1246.643	<BeadTracker.Bead object at 0x000001A3CB8EE160>	0.0	0	1444	1444	0	True	266.0	M450		1444
223.34	212.376	5	1251.021	<BeadTracker.Bead object at 0x000001A3CB8EE1C0>	0.0	0	1445	1445	0	True	266.0	M450		1445
223.183	212.321	5	1237.601	<BeadTracker.Bead object at 0x000001A3CB8EE3A0>	0.0	0	1446	1446	0	True	267.0	M450		1446
223.296	212.271	5	1253.595	<BeadTracker.Bead object at 0x000001A3CB8EE580>	0.0	0	1447	1447	0	True	263.0	M450		1447
223.285	212.194	5	1255.39	<BeadTracker.Bead object at 0x000001A3CB8EE760>	0.0	0	1448	1448	0	True	264.0	M450		1448
223.485	212.439	5	1268.025	<BeadTracker.Bead object at 0x000001A3CB8EE940>	0.0	0	1449	1449	0	True	264.0	M450		1449
223.151	212.209	5	1244.61	<BeadTracker.Bead object at 0x000001A3CB8EEB20>	0.0	0	1450	1450	0	True	265.0	M450		1450
223.157	212.171	5	1264.082	<BeadTracker.Bead object at 0x000001A3CB8EED00>	0.0	0	1451	1451	0	True	263.0	M450		1451
223.313	211.925	5	1267.894	<BeadTracker.Bead object at 0x000001A3CB8BD040>	0.0	0	1452	1452	0	True	260.0	M450		1452
223.327	212.155	5	1281.064	<BeadTracker.Bead object at 0x000001A3CB8BD100>	0.0	0	1453	1453	0	True	258.0	M450		1453
223.23	212.278	5	1299.213	<BeadTracker.Bead object at 0x000001A3CB8BD2E0>	0.0	0	1454	1454	0	True	259.0	M450		1454
223.397	212.223	5	1283.513	<BeadTracker.Bead object at 0x000001A3CB8BD4C0>	0.0	0	1455	1455	0	True	257.0	M450		1455
223.248	212.086	5	1282.834	<BeadTracker.Bead object at 0x000001A3CB8BD6A0>	0.0	0	1456	1456	0	True	258.0	M450		1456
223.362	212.049	5	1306.178	<BeadTracker.Bead object at 0x000001A3CB8BD880>	0.0	0	1457	1457	0	True	254.0	M450		1457
223.335	212.001	5	1289.778	<BeadTracker.Bead object at 0x000001A3CB8BDA60>	0.0	0	1458	1458	0	True	254.0	M450		1458
223.46	212.194	5	1292.276	<BeadTracker.Bead object at 0x000001A3CB8BDC40>	0.0	0	1459	1459	0	True	256.0	M450		1459
223.33	211.935	5	1275.006	<BeadTracker.Bead object at 0x000001A3CB8BDE20>	0.0	0	1460	1460	0	True	257.0	M450		1460
223.446	212.079	5	1297.1	<BeadTracker.Bead object at 0x000001A3CB8DA040>	0.0	0	1461	1461	0	True	253.0	M450		1461
223.402	212.026	5	1276.033	<BeadTracker.Bead object at 0x000001A3CB8DA220>	0.0	0	1462	1462	0	True	255.0	M450		1462
223.601	212.121	5	1286.154	<BeadTracker.Bead object at 0x000001A3CB8DA400>	0.0	0	1463	1463	0	True	259.0	M450		1463
223.45	212.115	5	1280.411	<BeadTracker.Bead object at 0x000001A3CB8DA5E0>	0.0	0	1464	1464	0	True	257.0	M450		1464
223.569	212.009	5	1298.459	<BeadTracker.Bead object at 0x000001A3CB8DA7C0>	0.0	0	1465	1465	0	True	256.0	M450		1465
223.516	212.044	5	1296.999	<BeadTracker.Bead object at 0x000001A3CB8DA9A0>	0.0	0	1466	1466	0	True	255.0	M450		1466
223.612	212.143	5	1309.508	<BeadTracker.Bead object at 0x000001A3CB8DAB80>	0.0	0	1467	1467	0	True	257.0	M450		1467
223.607	212.126	5	1296.647	<BeadTracker.Bead object at 0x000001A3CB8DAD60>	0.0	0	1468	1468	0	True	255.0	M450		1468
223.701	212.057	5	1306.73	<BeadTracker.Bead object at 0x000001A3CB8CFF70>	0.0	0	1469	1469	0	True	255.0	M450		1469
223.509	212.076	5	1292.869	<BeadTracker.Bead object at 0x000001A3CB8CF160>	0.0	0	1470	1470	0	True	258.0	M450		1470
223.677	212.067	5	1315.105	<BeadTracker.Bead object at 0x000001A3CB8CF370>	0.0	0	1471	1471	0	True	253.0	M450		1471
223.707	211.979	5	1321.055	<BeadTracker.Bead object at 0x000001A3CB8CF430>	0.0	0	1472	1472	0	True	251.0	M450		1472
223.835	212.217	5	1314.69	<BeadTracker.Bead object at 0x000001A3CB8CF0A0>	0.0	0	1473	1473	0	True	258.0	M450		1473
223.781	212.171	5	1300.087	<BeadTracker.Bead object at 0x000001A3CB8CFB80>	0.0	0	1474	1474	0	True	257.0	M450		1474
223.746	212.095	5	1308.915	<BeadTracker.Bead object at 0x000001A3CB8CF7F0>	0.0	0	1475	1475	0	True	256.0	M450		1475
223.631	212.026	5	1303.94	<BeadTracker.Bead object at 0x000001A3CB8CFD30>	0.0	0	1476	1476	0	True	252.0	M450		1476
223.722	212.109	5	1318.895	<BeadTracker.Bead object at 0x000001A3CB8CFAF0>	0.0	0	1477	1477	0	True	252.0	M450		1477
223.712	212.119	5	1315.039	<BeadTracker.Bead object at 0x000001A3CB8D30A0>	0.0	0	1478	1478	0	True	252.0	M450		1478
223.826	212.09	5	1318.794	<BeadTracker.Bead object at 0x000001A3CB8D3280>	0.0	0	1479	1479	0	True	252.0	M450		1479
223.639	211.919	5	1327.569	<BeadTracker.Bead object at 0x000001A3CB8D3460>	0.0	0	1480	1480	0	True	246.0	M450		1480
223.719	212.055	5	1320.589	<BeadTracker.Bead object at 0x000001A3CB8D3640>	0.0	0	1481	1481	0	True	250.0	M450		1481
223.614	212.08	5	1301.944	<BeadTracker.Bead object at 0x000001A3CB8D3820>	0.0	0	1482	1482	0	True	256.0	M450		1482
223.722	212.143	5	1290.943	<BeadTracker.Bead object at 0x000001A3CB8D3A00>	0.0	0	1483	1483	0	True	256.0	M450		1483
223.607	212.028	5	1306.775	<BeadTracker.Bead object at 0x000001A3CB8D3BE0>	0.0	0	1484	1484	0	True	256.0	M450		1484
223.56	211.876	5	1327.228	<BeadTracker.Bead object at 0x000001A3CB8D3DC0>	0.0	0	1485	1485	0	True	246.0	M450		1485
223.429	211.962	5	1304.178	<BeadTracker.Bead object at 0x000001A3CB8E3160>	0.0	0	1486	1486	0	True	249.0	M450		1486
223.569	211.982	5	1313.496	<BeadTracker.Bead object at 0x000001A3CB8E31C0>	0.0	0	1487	1487	0	True	253.0	M450		1487
223.455	211.974	5	1285.175	<BeadTracker.Bead object at 0x000001A3CB8E33A0>	0.0	0	1488	1488	0	True	252.0	M450		1488
223.521	211.895	5	1302.182	<BeadTracker.Bead object at 0x000001A3CB8E3580>	0.0	0	1489	1489	0	True	252.0	M450		1489
223.366	211.864	5	1306.046	<BeadTracker.Bead object at 0x000001A3CB8E3760>	0.0	0	1490	1490	0	True	248.0	M450		1490
223.467	211.961	5	1289.45	<BeadTracker.Bead object at 0x000001A3CB8E3940>	0.0	0	1491	1491	0	True	253.0	M450		1491
222.955	212.103	0	1869.371	<BeadTracker.Bead object at 0x000001A3CB8E3B20>	1.0	55	1492	1492	0	True	268.0	M450		1492
223.413	211.736	0	1305.456	<BeadTracker.Bead object at 0x000001A3CB8E3D00>	2.0	55	1493	1493	0	False	268.0	M450		1493
223.117	212.616	0	564.241	<BeadTracker.Bead object at 0x000001A3CB8DD040>	3.0	55	1494	1494	0	False	268.0	M450		1494
223.128	212.456	0	1874.502	<BeadTracker.Bead object at 0x000001A3CB8DD100>	1.0	56	1495	1495	0	True	263.0	M450		1495
223.544	211.796	0	1262.299	<BeadTracker.Bead object at 0x000001A3CB8DD2E0>	2.0	56	1496	1496	0	False	263.0	M450		1496
223.405	212.929	0	563.886	<BeadTracker.Bead object at 0x000001A3CB8DD4C0>	3.0	56	1497	1497	0	False	263.0	M450		1497
223.075	212.367	0	1904.656	<BeadTracker.Bead object at 0x000001A3CB8DD6A0>	1.0	57	1498	1498	0	True	277.0	M450		1498
223.301	211.828	0	1202.185	<BeadTracker.Bead object at 0x000001A3CB8DD880>	2.0	57	1499	1499	0	False	277.0	M450		1499
223.242	212.898	0	544.646	<BeadTracker.Bead object at 0x000001A3CB8DDA60>	3.0	57	1500	1500	0	False	277.0	M450		1500
223.055	212.278	0	1900.99	<BeadTracker.Bead object at 0x000001A3CB8DDC40>	1.0	58	1501	1501	0	True	274.0	M450		1501
223.19	211.575	0	1174.493	<BeadTracker.Bead object at 0x000001A3CB8DDE20>	2.0	58	1502	1502	0	False	274.0	M450		1502
223.041	212.701	0	532.58	<BeadTracker.Bead object at 0x000001A3CB8BC040>	3.0	58	1503	1503	0	False	274.0	M450		1503
222.855	212.382	0	1969.283	<BeadTracker.Bead object at 0x000001A3CB8BC220>	1.0	59	1504	1504	0	True	277.0	M450		1504
222.988	211.751	0	1164.477	<BeadTracker.Bead object at 0x000001A3CB8BC400>	2.0	59	1505	1505	0	False	277.0	M450		1505
222.848	212.663	0	521.592	<BeadTracker.Bead object at 0x000001A3CB8BC5E0>	3.0	59	1506	1506	0	False	277.0	M450		1506
222.586	212.258	0	1961.508	<BeadTracker.Bead object at 0x000001A3CB8BC7C0>	1.0	60	1507	1507	0	True	267.0	M450		1507
222.882	211.646	0	1161.834	<BeadTracker.Bead object at 0x000001A3CB8BC9A0>	2.0	60	1508	1508	0	False	267.0	M450		1508
222.657	212.532	0	518.808	<BeadTracker.Bead object at 0x000001A3CB8BCB80>	3.0	60	1509	1509	0	False	267.0	M450		1509
223.043	211.21	0	1888.926	<BeadTracker.Bead object at 0x000001A3CB8BCD60>	1.0	61	1510	1511	0	False	268.0	M450		1511
223.501	210.588	0	1326.253	<BeadTracker.Bead object at 0x000001A3CB8D6040>	2.0	61	1511	1512	0	True	268.0	M450		1512
223.069	211.645	0	585.235	<BeadTracker.Bead object at 0x000001A3CB8D6160>	3.0	61	1512	1513	0	False	268.0	M450		1513
223.483	211.179	0	1874.752	<BeadTracker.Bead object at 0x000001A3CB8D6340>	1.0	62	1513	1514	0	False	266.0	M450		1514
223.9	210.559	0	1282.655	<BeadTracker.Bead object at 0x000001A3CB8D6520>	2.0	62	1514	1515	0	True	266.0	M450		1515
223.409	211.588	0	563.583	<BeadTracker.Bead object at 0x000001A3CB8D6700>	3.0	62	1515	1516	0	False	266.0	M450		1516
223.587	210.988	0	1932.177	<BeadTracker.Bead object at 0x000001A3CB8D68E0>	1.0	63	1516	1517	0	True	277.0	M450		1517
223.785	210.313	0	1229.832	<BeadTracker.Bead object at 0x000001A3CB8D6AC0>	2.0	63	1517	1518	0	False	277.0	M450		1518
223.45	211.642	0	545.276	<BeadTracker.Bead object at 0x000001A3CB8D6CA0>	3.0	63	1518	1519	0	False	277.0	M450		1519
223.717	210.719	0	1935.535	<BeadTracker.Bead object at 0x000001A3CB8D6E80>	1.0	64	1519	1520	0	True	288.0	M450		1520
223.843	209.982	0	1177.274	<BeadTracker.Bead object at 0x000001A3CB8BE220>	2.0	64	1520	1521	0	False	288.0	M450		1521
223.6	211.335	0	540.081	<BeadTracker.Bead object at 0x000001A3CB8BE820>	3.0	64	1521	1522	0	False	288.0	M450		1522
223.72	210.575	0	1931.614	<BeadTracker.Bead object at 0x000001A3CB8BE880>	1.0	65	1522	1523	0	True	291.0	M450		1523
223.73	210.328	0	1180.586	<BeadTracker.Bead object at 0x000001A3CB8BE3A0>	2.0	65	1523	1524	0	False	291.0	M450		1524
223.446	211.376	0	535.996	<BeadTracker.Bead object at 0x000001A3CB8BEF70>	3.0	65	1524	1525	0	False	291.0	M450		1525
223.604	210.801	0	1931.368	<BeadTracker.Bead object at 0x000001A3CB8BEA30>	1.0	66	1525	1526	0	True	299.0	M450		1526
223.734	210.291	0	1140.011	<BeadTracker.Bead object at 0x000001A3CB8BE370>	2.0	66	1526	1527	0	False	299.0	M450		1527
223.425	211.172	0	542.6	<BeadTracker.Bead object at 0x000001A3CB8BE550>	3.0	66	1527	1528	0	False	299.0	M450		1528
222.768	211.154	-6	652.96	<BeadTracker.Bead object at 0x000001A3CB8E1160>	0.1	0	1528	1529	0	True	339.0	M450		1529
223.271	210.876	-6	917.849	<BeadTracker.Bead object at 0x000001A3CB8E11C0>	0.1	0	1529	1530	0	True	328.0	M450		1530
223.413	210.617	-6	1074.137	<BeadTracker.Bead object at 0x000001A3CB8E13A0>	0.1	0	1530	1531	0	True	293.0	M450		1531
223.425	210.287	-6	1137.616	<BeadTracker.Bead object at 0x000001A3CB8E1580>	0.1	0	1531	1532	0	True	292.0	M450		1532
223.368	210.266	-6	1138.434	<BeadTracker.Bead object at 0x000001A3CB8E1760>	0.1	0	1532	1533	0	True	292.0	M450		1533
223.566	210.388	-6	1125.17	<BeadTracker.Bead object at 0x000001A3CB8E1940>	0.1	0	1533	1534	0	True	295.0	M450		1534
223.545	210.589	-6	1109.925	<BeadTracker.Bead object at 0x000001A3CB8E1B20>	0.1	0	1534	1535	0	True	290.0	M450		1535
223.704	210.518	-6	1121.824	<BeadTracker.Bead object at 0x000001A3CB8E1D00>	0.1	0	1535	1536	0	True	289.0	M450		1536
223.575	210.388	-6	1111.664	<BeadTracker.Bead object at 0x000001A3CE76E040>	0.1	0	1536	1537	0	True	319.0	M450		1537
223.541	210.51	-6	1116.339	<BeadTracker.Bead object at 0x000001A3CE76E100>	0.1	0	1537	1538	0	True	291.0	M450		1538
223.545	210.415	-6	1118.696	<BeadTracker.Bead object at 0x000001A3CE76E2E0>	0.1	0	1538	1539	0	True	320.0	M450		1539
223.81	210.464	-6	1119.832	<BeadTracker.Bead object at 0x000001A3CE76E4C0>	0.1	0	1539	1540	0	True	295.0	M450		1540
223.55	210.332	-6	1123.058	<BeadTracker.Bead object at 0x000001A3CE76E6A0>	0.1	0	1540	1541	0	True	295.0	M450		1541
223.615	210.486	-6	1127.457	<BeadTracker.Bead object at 0x000001A3CE76E880>	0.1	0	1541	1542	0	True	319.0	M450		1542
223.66	210.514	-6	1124.727	<BeadTracker.Bead object at 0x000001A3CE76EA60>	0.1	0	1542	1543	0	True	289.0	M450		1543
223.797	210.583	-6	1113.383	<BeadTracker.Bead object at 0x000001A3CE76EC40>	0.1	0	1543	1544	0	True	291.0	M450		1544
223.688	210.44	-6	1131.401	<BeadTracker.Bead object at 0x000001A3CE76EE20>	0.1	0	1544	1545	0	True	319.0	M450		1545
223.772	210.268	-6	1125.061	<BeadTracker.Bead object at 0x000001A3CE761040>	0.1	0	1545	1546	0	True	294.0	M450		1546
223.686	210.348	-6	1131.071	<BeadTracker.Bead object at 0x000001A3CE761220>	0.1	0	1546	1547	0	True	296.0	M450		1547
223.75	210.456	-6	1128.297	<BeadTracker.Bead object at 0x000001A3CE761400>	0.1	0	1547	1548	0	True	296.0	M450		1548
223.744	210.319	-6	1135.748	<BeadTracker.Bead object at 0x000001A3CE7615E0>	0.1	0	1548	1549	0	True	295.0	M450		1549
223.759	210.271	-6	1131.832	<BeadTracker.Bead object at 0x000001A3CE7617C0>	0.1	0	1549	1550	0	True	294.0	M450		1550
223.703	210.409	-6	1133.989	<BeadTracker.Bead object at 0x000001A3CE7619A0>	0.1	0	1550	1551	0	True	296.0	M450		1551
223.772	210.46	-6	1127.061	<BeadTracker.Bead object at 0x000001A3CE761B80>	0.1	0	1551	1552	0	True	295.0	M450		1552
223.697	210.242	-6	1136.331	<BeadTracker.Bead object at 0x000001A3CE761D60>	0.1	0	1552	1553	0	True	294.0	M450		1553
223.833	210.231	-6	1141.166	<BeadTracker.Bead object at 0x000001A3CE74A400>	0.1	0	1553	1554	0	True	294.0	M450		1554
223.716	210.136	-6	1149.5	<BeadTracker.Bead object at 0x000001A3CE74A220>	0.1	0	1554	1555	0	True	293.0	M450		1555
223.673	210.268	-6	1142.377	<BeadTracker.Bead object at 0x000001A3CE74A070>	0.1	0	1555	1556	0	True	293.0	M450		1556
223.64	210.349	-6	1133.663	<BeadTracker.Bead object at 0x000001A3CE74AA60>	0.1	0	1556	1557	0	True	294.0	M450		1557
223.765	210.301	-6	1129.199	<BeadTracker.Bead object at 0x000001A3CE74AC40>	0.1	0	1557	1558	0	True	294.0	M450		1558
223.774	210.03	-6	1146.955	<BeadTracker.Bead object at 0x000001A3CE74A040>	0.1	0	1558	1559	0	True	292.0	M450		1559
223.802	210.085	-6	1149.436	<BeadTracker.Bead object at 0x000001A3CE74A7F0>	0.1	0	1559	1560	0	True	292.0	M450		1560
223.67	210.258	-6	1142.935	<BeadTracker.Bead object at 0x000001A3CE74A3D0>	0.1	0	1560	1561	0	True	293.0	M450		1561
223.705	210.385	-6	1124.486	<BeadTracker.Bead object at 0x000001A3CE74A5B0>	0.1	0	1561	1562	0	True	295.0	M450		1562
223.603	210.188	-6	1132.466	<BeadTracker.Bead object at 0x000001A3CE7530A0>	0.1	0	1562	1563	0	True	294.0	M450		1563
223.696	210.235	-6	1135.649	<BeadTracker.Bead object at 0x000001A3CE753280>	0.1	0	1563	1564	0	True	294.0	M450		1564
223.687	210.272	-6	1125.708	<BeadTracker.Bead object at 0x000001A3CE753460>	0.1	0	1564	1565	0	True	294.0	M450		1565
223.674	210.339	-6	1137.47	<BeadTracker.Bead object at 0x000001A3CE753640>	0.1	0	1565	1566	0	True	295.0	M450		1566
223.576	210.341	-6	1127.003	<BeadTracker.Bead object at 0x000001A3CE753820>	0.1	0	1566	1567	0	True	295.0	M450		1567
223.678	210.347	-6	1143.116	<BeadTracker.Bead object at 0x000001A3CE753A00>	0.1	0	1567	1568	0	True	295.0	M450		1568
223.622	210.234	-6	1144.354	<BeadTracker.Bead object at 0x000001A3CE753BE0>	0.1	0	1568	1569	0	True	294.0	M450		1569
223.668	210.312	-6	1134.846	<BeadTracker.Bead object at 0x000001A3CE753DC0>	0.1	0	1569	1570	0	True	294.0	M450		1570
223.643	210.359	-6	1133.191	<BeadTracker.Bead object at 0x000001A3CE73A0D0>	0.1	0	1570	1571	0	True	295.0	M450		1571
223.709	210.421	-6	1135.712	<BeadTracker.Bead object at 0x000001A3CE73A220>	0.1	0	1571	1572	0	True	296.0	M450		1572
223.704	210.281	-6	1123.479	<BeadTracker.Bead object at 0x000001A3CE73AF10>	0.1	0	1572	1573	0	True	295.0	M450		1573
223.892	210.185	-6	1162.342	<BeadTracker.Bead object at 0x000001A3CE73A370>	0.1	0	1573	1574	0	True	291.0	M450		1574
223.692	210.269	-6	1161.16	<BeadTracker.Bead object at 0x000001A3CE73A3A0>	0.1	0	1574	1575	0	True	293.0	M450		1575
223.79	210.285	-6	1177.239	<BeadTracker.Bead object at 0x000001A3CE73A250>	0.1	0	1575	1576	0	True	292.0	M450		1576
223.723	210.266	-6	1166.988	<BeadTracker.Bead object at 0x000001A3CE73A5B0>	0.1	0	1576	1577	0	True	292.0	M450		1577
223.788	210.285	-6	1182.338	<BeadTracker.Bead object at 0x000001A3CE73A9D0>	0.1	0	1577	1578	0	True	291.0	M450		1578
223.789	210.365	-6	1179.176	<BeadTracker.Bead object at 0x000001A3CE736040>	0.1	0	1578	1579	0	True	292.0	M450		1579
223.84	210.348	-6	1181.504	<BeadTracker.Bead object at 0x000001A3CE736100>	0.1	0	1579	1580	0	True	292.0	M450		1580
223.77	210.307	-6	1191.565	<BeadTracker.Bead object at 0x000001A3CE7362E0>	0.1	0	1580	1581	0	True	292.0	M450		1581
223.85	210.111	-6	1168.485	<BeadTracker.Bead object at 0x000001A3CE7364C0>	0.1	0	1581	1582	0	True	291.0	M450		1582
223.764	210.063	-6	1172.337	<BeadTracker.Bead object at 0x000001A3CE7366A0>	0.1	0	1582	1583	0	True	291.0	M450		1583
223.861	210.181	-6	1176.117	<BeadTracker.Bead object at 0x000001A3CE736880>	0.1	0	1583	1584	0	True	291.0	M450		1584
223.784	210.125	-6	1175.052	<BeadTracker.Bead object at 0x000001A3CE736A60>	0.1	0	1584	1585	0	True	291.0	M450		1585
223.811	210.239	-6	1159.29	<BeadTracker.Bead object at 0x000001A3CE736C40>	0.1	0	1585	1586	0	True	292.0	M450		1586
223.774	210.034	-6	1176.957	<BeadTracker.Bead object at 0x000001A3CE736E20>	0.1	0	1586	1587	0	True	290.0	M450		1587
223.92	210.099	-6	1175.709	<BeadTracker.Bead object at 0x000001A3CE76C040>	0.1	0	1587	1588	0	True	290.0	M450		1588
223.801	209.998	-6	1180.061	<BeadTracker.Bead object at 0x000001A3CE76C220>	0.1	0	1588	1589	0	True	290.0	M450		1589
223.848	210.065	-6	1170.254	<BeadTracker.Bead object at 0x000001A3CE76C400>	0.1	0	1589	1590	0	True	291.0	M450		1590
223.767	209.891	-6	1177.888	<BeadTracker.Bead object at 0x000001A3CE76C5E0>	0.1	0	1590	1591	0	True	289.0	M450		1591
223.837	210.063	-6	1185.39	<BeadTracker.Bead object at 0x000001A3CE76C7C0>	0.1	0	1591	1592	0	True	290.0	M450		1592
223.805	209.962	-6	1183.059	<BeadTracker.Bead object at 0x000001A3CE76C9A0>	0.1	0	1592	1593	0	True	290.0	M450		1593
223.856	209.935	-6	1175.365	<BeadTracker.Bead object at 0x000001A3CE76CB80>	0.1	0	1593	1594	0	True	289.0	M450		1594
223.734	209.882	-6	1162.395	<BeadTracker.Bead object at 0x000001A3CE76CD60>	0.1	0	1594	1595	0	True	290.0	M450		1595
223.845	209.962	-6	1160.471	<BeadTracker.Bead object at 0x000001A3CE755040>	0.1	0	1595	1596	0	True	291.0	M450		1596
223.708	209.939	-6	1158.697	<BeadTracker.Bead object at 0x000001A3CE755160>	0.1	0	1596	1597	0	True	291.0	M450		1597
223.925	210.02	-6	1174.855	<BeadTracker.Bead object at 0x000001A3CE755340>	0.1	0	1597	1598	0	True	290.0	M450		1598
223.694	210.002	-6	1122.193	<BeadTracker.Bead object at 0x000001A3CE755520>	0.1	0	1598	1599	0	True	293.0	M450		1599
223.748	209.858	-6	1135.67	<BeadTracker.Bead object at 0x000001A3CE755700>	0.1	0	1599	1600	0	True	291.0	M450		1600
223.779	209.718	-6	1138.595	<BeadTracker.Bead object at 0x000001A3CE7558E0>	0.1	0	1600	1601	0	True	290.0	M450		1601
223.929	209.889	-6	1143.572	<BeadTracker.Bead object at 0x000001A3CE755AC0>	0.1	0	1601	1602	0	True	291.0	M450		1602
223.765	210.185	-6	1138.379	<BeadTracker.Bead object at 0x000001A3CE755CA0>	0.1	0	1602	1603	0	True	294.0	M450		1603
223.847	210.07	-6	1134.034	<BeadTracker.Bead object at 0x000001A3CE755E80>	0.1	0	1603	1604	0	True	292.0	M450		1604
223.675	209.995	-6	1145.604	<BeadTracker.Bead object at 0x000001A3CE7390A0>	0.1	0	1604	1605	0	True	291.0	M450		1605
223.859	209.911	-6	1132.213	<BeadTracker.Bead object at 0x000001A3CE739280>	0.1	0	1605	1606	0	True	292.0	M450		1606
223.769	209.839	-6	1153.046	<BeadTracker.Bead object at 0x000001A3CE739460>	0.1	0	1606	1607	0	True	290.0	M450		1607
223.933	210.1	-6	1151.471	<BeadTracker.Bead object at 0x000001A3CE739640>	0.1	0	1607	1608	0	True	292.0	M450		1608
223.965	210.115	-6	1148.473	<BeadTracker.Bead object at 0x000001A3CE739820>	0.1	0	1608	1609	0	True	292.0	M450		1609
223.938	210.044	-6	1146.384	<BeadTracker.Bead object at 0x000001A3CE739A00>	0.1	0	1609	1610	0	True	292.0	M450		1610
223.868	210.006	-6	1160.043	<BeadTracker.Bead object at 0x000001A3CE739BE0>	0.1	0	1610	1611	0	True	291.0	M450		1611
224.077	209.963	-6	1177.59	<BeadTracker.Bead object at 0x000001A3CE739DC0>	0.1	0	1611	1612	0	True	289.0	M450		1612
224.021	209.995	-6	1175.652	<BeadTracker.Bead object at 0x000001A3CE75F160>	0.1	0	1612	1613	0	True	289.0	M450		1613
224.066	210.057	-6	1178.134	<BeadTracker.Bead object at 0x000001A3CE75F1C0>	0.1	0	1613	1614	0	True	290.0	M450		1614
224.022	209.972	-6	1178.087	<BeadTracker.Bead object at 0x000001A3CE75F3A0>	0.1	0	1614	1615	0	True	289.0	M450		1615
224.06	210.106	-6	1193.506	<BeadTracker.Bead object at 0x000001A3CE75F580>	0.1	0	1615	1616	0	True	288.0	M450		1616
224.157	210.022	-6	1177.182	<BeadTracker.Bead object at 0x000001A3CE75F760>	0.1	0	1616	1617	0	True	289.0	M450		1617
224.151	210.094	-6	1173.067	<BeadTracker.Bead object at 0x000001A3CE75F940>	0.1	0	1617	1618	0	True	290.0	M450		1618
224.036	210.117	-6	1172.281	<BeadTracker.Bead object at 0x000001A3CE75FB20>	0.1	0	1618	1619	0	True	291.0	M450		1619
224.074	210.018	-6	1201.951	<BeadTracker.Bead object at 0x000001A3CE75FD00>	0.1	0	1619	1620	0	True	288.0	M450		1620
224.101	209.938	-6	1211.407	<BeadTracker.Bead object at 0x000001A3CE745040>	0.1	0	1620	1621	0	True	267.0	M450		1621
224.19	210.172	-6	1207.791	<BeadTracker.Bead object at 0x000001A3CE745100>	0.1	0	1621	1622	0	True	289.0	M450		1622
224.131	210.37	-6	1188.045	<BeadTracker.Bead object at 0x000001A3CE7452E0>	0.1	0	1622	1623	0	True	291.0	M450		1623
224.179	210.096	-6	1202.267	<BeadTracker.Bead object at 0x000001A3CE7454C0>	0.1	0	1623	1624	0	True	287.0	M450		1624
224.156	209.86	-6	1215.06	<BeadTracker.Bead object at 0x000001A3CE7456A0>	0.1	0	1624	1625	0	True	267.0	M450		1625
224.158	209.917	-6	1194.202	<BeadTracker.Bead object at 0x000001A3CE745880>	0.1	0	1625	1626	0	True	286.0	M450		1626
223.984	209.974	-6	1195.363	<BeadTracker.Bead object at 0x000001A3CE745A60>	0.1	0	1626	1627	0	True	287.0	M450		1627
224.213	210.131	-6	1181.651	<BeadTracker.Bead object at 0x000001A3CE745C40>	0.1	0	1627	1628	0	True	289.0	M450		1628
224.02	209.958	-6	1191.989	<BeadTracker.Bead object at 0x000001A3CE745E20>	0.1	0	1628	1629	0	True	287.0	M450		1629
224.066	209.955	-6	1191.341	<BeadTracker.Bead object at 0x000001A3D06B1040>	0.1	0	1629	1630	0	True	286.0	M450		1630
224.021	209.746	-6	1198.379	<BeadTracker.Bead object at 0x000001A3D06B1220>	0.1	0	1630	1631	0	True	266.0	M450		1631
224.039	209.965	-6	1207.773	<BeadTracker.Bead object at 0x000001A3D06B1400>	0.1	0	1631	1632	0	True	287.0	M450		1632
224.006	210.039	-6	1197.455	<BeadTracker.Bead object at 0x000001A3D06B15E0>	0.1	0	1632	1633	0	True	287.0	M450		1633
224.094	209.891	-6	1213.355	<BeadTracker.Bead object at 0x000001A3D06B17C0>	0.1	0	1633	1634	0	True	266.0	M450		1634
224.024	209.981	-6	1206.298	<BeadTracker.Bead object at 0x000001A3D06B19A0>	0.1	0	1634	1635	0	True	287.0	M450		1635
224.001	209.998	-6	1186.872	<BeadTracker.Bead object at 0x000001A3D06B1B80>	0.1	0	1635	1636	0	True	287.0	M450		1636
223.946	209.887	-6	1193.128	<BeadTracker.Bead object at 0x000001A3D06B1D60>	0.1	0	1636	1637	0	True	287.0	M450		1637
224.203	210.042	-6	1173.168	<BeadTracker.Bead object at 0x000001A3D06B6CD0>	0.1	0	1637	1638	0	True	289.0	M450		1638
224.071	209.823	-6	1173.895	<BeadTracker.Bead object at 0x000001A3D06B6280>	0.1	0	1638	1639	0	True	287.0	M450		1639
224.068	209.972	-6	1176.111	<BeadTracker.Bead object at 0x000001A3D06B61F0>	0.1	0	1639	1640	0	True	288.0	M450		1640
224.038	209.948	-6	1180.807	<BeadTracker.Bead object at 0x000001A3D06B6580>	0.1	0	1640	1641	0	True	287.0	M450		1641
224.054	209.994	-6	1188.837	<BeadTracker.Bead object at 0x000001A3D06B6340>	0.1	0	1641	1642	0	True	287.0	M450		1642
224.206	210.008	-6	1187.123	<BeadTracker.Bead object at 0x000001A3D06B6B50>	0.1	0	1642	1643	0	True	288.0	M450		1643
224.131	210.013	-6	1158.461	<BeadTracker.Bead object at 0x000001A3D06B6A90>	0.1	0	1643	1644	0	True	290.0	M450		1644
224.03	209.977	-6	1140.848	<BeadTracker.Bead object at 0x000001A3D06B6F40>	0.1	0	1644	1645	0	True	291.0	M450		1645
224.107	210.033	-6	1139.051	<BeadTracker.Bead object at 0x000001A3D06B6E50>	0.1	0	1645	1646	0	True	291.0	M450		1646
224.113	209.974	-6	1160.98	<BeadTracker.Bead object at 0x000001A3D06D80A0>	0.1	0	1646	1647	0	True	288.0	M450		1647
224.303	209.859	-6	1191.435	<BeadTracker.Bead object at 0x000001A3D06D8280>	0.1	0	1647	1648	0	True	285.0	M450		1648
224.246	209.87	-6	1190.633	<BeadTracker.Bead object at 0x000001A3D06D8460>	0.1	0	1648	1649	0	True	269.0	M450		1649
224.215	209.802	-6	1157.443	<BeadTracker.Bead object at 0x000001A3D06D8640>	0.1	0	1649	1650	0	True	288.0	M450		1650
224.111	209.814	-6	1150.777	<BeadTracker.Bead object at 0x000001A3D06D8820>	0.1	0	1650	1651	0	True	288.0	M450		1651
224.3	209.837	-6	1167.104	<BeadTracker.Bead object at 0x000001A3D06D8A00>	0.1	0	1651	1652	0	True	287.0	M450		1652
224.336	209.744	-6	1188.872	<BeadTracker.Bead object at 0x000001A3D06D8BE0>	0.1	0	1652	1653	0	True	267.0	M450		1653
224.352	209.792	-6	1222.42	<BeadTracker.Bead object at 0x000001A3D06D8DC0>	0.1	0	1653	1654	0	True	265.0	M450		1654
224.349	209.81	-6	1227.569	<BeadTracker.Bead object at 0x000001A3D06A2250>	0.1	0	1654	1655	0	True	265.0	M450		1655
224.271	209.793	-6	1200.507	<BeadTracker.Bead object at 0x000001A3D06A20D0>	0.1	0	1655	1656	0	True	266.0	M450		1656
224.351	209.624	-6	1247.426	<BeadTracker.Bead object at 0x000001A3D06A2430>	0.1	0	1656	1657	0	True	262.0	M450		1657
224.445	209.594	-6	1214.796	<BeadTracker.Bead object at 0x000001A3D06A24F0>	0.1	0	1657	1658	0	True	265.0	M450		1658
224.309	209.595	-6	1216.09	<BeadTracker.Bead object at 0x000001A3D06A2040>	0.1	0	1658	1659	0	True	264.0	M450		1659
224.261	209.812	-6	1200.812	<BeadTracker.Bead object at 0x000001A3D06A2C10>	0.1	0	1659	1660	0	True	267.0	M450		1660
224.314	209.613	-6	1199.445	<BeadTracker.Bead object at 0x000001A3D06A2790>	0.1	0	1660	1661	0	True	267.0	M450		1661
224.329	209.818	6	1177.837	<BeadTracker.Bead object at 0x000001A3D06A2DC0>	0.0	0	1661	1662	0	True	269.0	M450		1662
224.334	209.694	6	1187.547	<BeadTracker.Bead object at 0x000001A3D06A0040>	0.0	0	1662	1663	0	True	268.0	M450		1663
224.16	209.622	6	1194.528	<BeadTracker.Bead object at 0x000001A3D06A0100>	0.0	0	1663	1664	0	True	267.0	M450		1664
224.215	209.286	6	1185.289	<BeadTracker.Bead object at 0x000001A3D06A02E0>	0.0	0	1664	1665	0	True	291.0	M450		1665
224.213	209.427	6	1178.95	<BeadTracker.Bead object at 0x000001A3D06A04C0>	0.0	0	1665	1666	0	True	292.0	M450		1666
224.192	209.572	6	1199.481	<BeadTracker.Bead object at 0x000001A3D06A06A0>	0.0	0	1666	1667	0	True	265.0	M450		1667
224.231	209.483	6	1190.093	<BeadTracker.Bead object at 0x000001A3D06A0880>	0.0	0	1667	1668	0	True	292.0	M450		1668
224.159	209.449	6	1198.249	<BeadTracker.Bead object at 0x000001A3D06A0A60>	0.0	0	1668	1669	0	True	291.0	M450		1669
224.136	209.45	6	1156.575	<BeadTracker.Bead object at 0x000001A3D06A0C40>	0.0	0	1669	1670	0	True	293.0	M450		1670
224.068	209.291	6	1167.822	<BeadTracker.Bead object at 0x000001A3D06A0E20>	0.0	0	1670	1671	0	True	291.0	M450		1671
224.166	209.508	6	1174.62	<BeadTracker.Bead object at 0x000001A3D06A1040>	0.0	0	1671	1672	0	True	285.0	M450		1672
224.181	209.411	6	1174.968	<BeadTracker.Bead object at 0x000001A3D06A1220>	0.0	0	1672	1673	0	True	292.0	M450		1673
224.096	209.631	6	1149.939	<BeadTracker.Bead object at 0x000001A3D06A1400>	0.0	0	1673	1674	0	True	286.0	M450		1674
224.059	209.526	6	1154.101	<BeadTracker.Bead object at 0x000001A3D06A15E0>	0.0	0	1674	1675	0	True	285.0	M450		1675
224.072	209.618	6	1155.019	<BeadTracker.Bead object at 0x000001A3D06A17C0>	0.0	0	1675	1676	0	True	286.0	M450		1676
224.152	209.263	6	1182.692	<BeadTracker.Bead object at 0x000001A3D06A19A0>	0.0	0	1676	1677	0	True	290.0	M450		1677
224.108	209.483	6	1168.845	<BeadTracker.Bead object at 0x000001A3D06A1B80>	0.0	0	1677	1678	0	True	293.0	M450		1678
224.05	209.51	6	1154.633	<BeadTracker.Bead object at 0x000001A3D06A1D60>	0.0	0	1678	1679	0	True	286.0	M450		1679
224.15	209.498	6	1153.921	<BeadTracker.Bead object at 0x000001A3D06BA040>	0.0	0	1679	1680	0	True	293.0	M450		1680
224.168	209.244	6	1162.803	<BeadTracker.Bead object at 0x000001A3D06BA160>	0.0	0	1680	1681	0	True	291.0	M450		1681
224.204	209.297	6	1135.502	<BeadTracker.Bead object at 0x000001A3D06BA340>	0.0	0	1681	1682	0	True	293.0	M450		1682
224.084	209.377	6	1134.131	<BeadTracker.Bead object at 0x000001A3D06BA520>	0.0	0	1682	1683	0	True	294.0	M450		1683
224.08	209.658	6	1136.342	<BeadTracker.Bead object at 0x000001A3D06BA700>	0.0	0	1683	1684	0	True	289.0	M450		1684
224.09	209.598	6	1177.849	<BeadTracker.Bead object at 0x000001A3D06BA8E0>	0.0	0	1684	1685	0	True	269.0	M450		1685
224.203	209.521	6	1161.48	<BeadTracker.Bead object at 0x000001A3D06BAAC0>	0.0	0	1685	1686	0	True	268.0	M450		1686
224.262	209.477	6	1167.903	<BeadTracker.Bead object at 0x000001A3D06BACA0>	0.0	0	1686	1687	0	True	292.0	M450		1687
224.198	209.276	6	1162.048	<BeadTracker.Bead object at 0x000001A3D06BAE80>	0.0	0	1687	1688	0	True	291.0	M450		1688
224.181	209.274	6	1177.809	<BeadTracker.Bead object at 0x000001A3D06AB0A0>	0.0	0	1688	1689	0	True	290.0	M450		1689
224.201	209.343	6	1176.407	<BeadTracker.Bead object at 0x000001A3D06AB280>	0.0	0	1689	1690	0	True	291.0	M450		1690
224.194	209.415	6	1160.83	<BeadTracker.Bead object at 0x000001A3D06AB460>	0.0	0	1690	1691	0	True	292.0	M450		1691
224.203	209.448	6	1159.25	<BeadTracker.Bead object at 0x000001A3D06AB640>	0.0	0	1691	1692	0	True	293.0	M450		1692
224.158	209.418	6	1167.335	<BeadTracker.Bead object at 0x000001A3D06AB820>	0.0	0	1692	1693	0	True	292.0	M450		1693
224.266	209.302	6	1189.282	<BeadTracker.Bead object at 0x000001A3D06ABA00>	0.0	0	1693	1694	0	True	290.0	M450		1694
224.272	208.957	6	1219.758	<BeadTracker.Bead object at 0x000001A3D06ABBE0>	0.0	0	1694	1695	0	True	267.0	M450		1695
224.273	209.205	6	1222.03	<BeadTracker.Bead object at 0x000001A3D06ABDC0>	0.0	0	1695	1696	0	True	287.0	M450		1696
224.321	209.458	6	1196.732	<BeadTracker.Bead object at 0x000001A3D06D7160>	0.0	0	1696	1697	0	True	290.0	M450		1697
224.147	209.291	6	1175.924	<BeadTracker.Bead object at 0x000001A3D06D71C0>	0.0	0	1697	1698	0	True	291.0	M450		1698
224.118	209.273	6	1169.024	<BeadTracker.Bead object at 0x000001A3D06D73A0>	0.0	0	1698	1699	0	True	291.0	M450		1699
224.077	209.191	6	1146.367	<BeadTracker.Bead object at 0x000001A3D06D7580>	0.0	0	1699	1700	0	True	291.0	M450		1700
224.08	209.269	6	1186.857	<BeadTracker.Bead object at 0x000001A3D06D7760>	0.0	0	1700	1701	0	True	290.0	M450		1701
224.072	209.389	6	1159.127	<BeadTracker.Bead object at 0x000001A3D06D7940>	0.0	0	1701	1702	0	True	293.0	M450		1702
224.03	209.318	6	1153.022	<BeadTracker.Bead object at 0x000001A3D06D7B20>	0.0	0	1702	1703	0	True	292.0	M450		1703
223.929	209.346	6	1161.947	<BeadTracker.Bead object at 0x000001A3D06D7D00>	0.0	0	1703	1704	0	True	292.0	M450		1704
223.919	209.211	6	1142.964	<BeadTracker.Bead object at 0x000001A3D06C4040>	0.0	0	1704	1705	0	True	292.0	M450		1705
224.018	209.366	6	1135.967	<BeadTracker.Bead object at 0x000001A3D06C4100>	0.0	0	1705	1706	0	True	292.0	M450		1706
223.942	209.452	6	1100.562	<BeadTracker.Bead object at 0x000001A3D06C42E0>	0.0	0	1706	1707	0	True	296.0	M450		1707
223.859	209.313	6	1112.634	<BeadTracker.Bead object at 0x000001A3D06C44C0>	0.0	0	1707	1708	0	True	294.0	M450		1708
223.749	209.228	6	1101.632	<BeadTracker.Bead object at 0x000001A3D06C46A0>	0.0	0	1708	1709	0	True	294.0	M450		1709
223.771	209.25	6	1084.523	<BeadTracker.Bead object at 0x000001A3D06C4880>	0.0	0	1709	1710	0	True	296.0	M450		1710
223.745	209.448	6	1088.285	<BeadTracker.Bead object at 0x000001A3D06C4A60>	0.0	0	1710	1711	0	True	298.0	M450		1711
223.731	209.545	6	1069.781	<BeadTracker.Bead object at 0x000001A3D06C4C40>	0.0	0	1711	1712	0	True	294.0	M450		1712
223.72	209.201	6	1107.353	<BeadTracker.Bead object at 0x000001A3D06C4E20>	0.0	0	1712	1713	0	True	294.0	M450		1713
223.591	209.263	6	1062.479	<BeadTracker.Bead object at 0x000001A3D06B3040>	0.0	0	1713	1714	0	True	318.0	M450		1714
223.535	209.38	6	1066.04	<BeadTracker.Bead object at 0x000001A3D06B3220>	0.0	0	1714	1715	0	True	318.0	M450		1715
223.536	209.783	6	1019.681	<BeadTracker.Bead object at 0x000001A3D06B3400>	0.0	0	1715	1716	0	True	306.0	M450		1716
223.535	209.635	6	1032.42	<BeadTracker.Bead object at 0x000001A3D06B35E0>	0.0	0	1716	1717	0	True	305.0	M450		1717
223.506	209.352	6	1029.753	<BeadTracker.Bead object at 0x000001A3D06B37C0>	0.0	0	1717	1718	0	True	320.0	M450		1718
223.401	209.217	6	1010.456	<BeadTracker.Bead object at 0x000001A3D06B39A0>	0.0	0	1718	1719	0	True	320.0	M450		1719
223.269	209.466	6	962.391	<BeadTracker.Bead object at 0x000001A3D06B3B80>	0.0	0	1719	1720	0	True	325.0	M450		1720
223.34	209.661	6	962.341	<BeadTracker.Bead object at 0x000001A3D06B3D60>	0.0	0	1720	1721	0	True	312.0	M450		1721
223.25	209.506	6	915.205	<BeadTracker.Bead object at 0x000001A3D06DB040>	0.0	0	1721	1722	0	True	327.0	M450		1722
223.316	209.067	6	914.689	<BeadTracker.Bead object at 0x000001A3D06DB160>	0.0	0	1722	1723	0	True	329.0	M450		1723
223.269	208.966	6	911.707	<BeadTracker.Bead object at 0x000001A3D06DB340>	0.0	0	1723	1724	0	True	328.0	M450		1724
223.122	209.09	6	883.585	<BeadTracker.Bead object at 0x000001A3D06DB520>	0.0	0	1724	1725	0	True	331.0	M450		1725
223.098	209.098	6	856.768	<BeadTracker.Bead object at 0x000001A3D06DB700>	0.0	0	1725	1726	0	True	335.0	M450		1726
223.045	208.866	6	819.98	<BeadTracker.Bead object at 0x000001A3D06DB8E0>	0.0	0	1726	1727	0	True	350.0	M450		1727
223.234	208.626	6	797.119	<BeadTracker.Bead object at 0x000001A3D06DBAC0>	0.0	0	1727	1728	0	True	364.0	M450		1728
222.811	208.535	6	829.255	<BeadTracker.Bead object at 0x000001A3D06DBCA0>	0.0	0	1728	1729	0	True	347.0	M450		1729
223.104	208.977	6	838.795	<BeadTracker.Bead object at 0x000001A3D06DBE80>	0.0	0	1729	1730	0	True	346.0	M450		1730
223.07	209.265	6	841.972	<BeadTracker.Bead object at 0x000001A3CC6370A0>	0.0	0	1730	1731	0	True	346.0	M450		1731
222.999	209.231	6	881.759	<BeadTracker.Bead object at 0x000001A3CC637280>	0.0	0	1731	1732	0	True	335.0	M450		1732
223.009	209.074	6	931.666	<BeadTracker.Bead object at 0x000001A3CC637460>	0.0	0	1732	1733	0	True	327.0	M450		1733
223.029	209.117	6	992.137	<BeadTracker.Bead object at 0x000001A3CC637640>	0.0	0	1733	1734	0	True	321.0	M450		1734
222.956	209.53	6	997.658	<BeadTracker.Bead object at 0x000001A3CC637820>	0.0	0	1734	1735	0	True	307.0	M450		1735
222.92	209.742	6	977.051	<BeadTracker.Bead object at 0x000001A3CC637A00>	0.0	0	1735	1736	0	True	310.0	M450		1736
222.894	209.615	6	985.277	<BeadTracker.Bead object at 0x000001A3CC637BE0>	0.0	0	1736	1737	0	True	310.0	M450		1737
222.831	209.49	6	987.469	<BeadTracker.Bead object at 0x000001A3CC637DC0>	0.0	0	1737	1738	0	True	324.0	M450		1738
222.771	209.468	6	997.428	<BeadTracker.Bead object at 0x000001A3CC62F160>	0.0	0	1738	1739	0	True	322.0	M450		1739
222.881	209.495	6	1002.51	<BeadTracker.Bead object at 0x000001A3CC62F1C0>	0.0	0	1739	1740	0	True	322.0	M450		1740
223.053	209.435	6	1011.555	<BeadTracker.Bead object at 0x000001A3CC62F3A0>	0.0	0	1740	1741	0	True	321.0	M450		1741
222.913	209.12	6	1056.012	<BeadTracker.Bead object at 0x000001A3CC62F580>	0.0	0	1741	1742	0	True	296.0	M450		1742
222.949	209.26	6	1094.631	<BeadTracker.Bead object at 0x000001A3CC62F760>	0.0	0	1742	1743	0	True	293.0	M450		1743
222.755	209.776	6	1026.28	<BeadTracker.Bead object at 0x000001A3CC62F940>	0.0	0	1743	1744	0	True	303.0	M450		1744
222.777	209.922	6	1002.756	<BeadTracker.Bead object at 0x000001A3CC62FB20>	0.0	0	1744	1745	0	True	306.0	M450		1745
222.76	209.795	6	1006.801	<BeadTracker.Bead object at 0x000001A3CC62FD00>	0.0	0	1745	1746	0	True	306.0	M450		1746
222.891	209.677	6	1061.208	<BeadTracker.Bead object at 0x000001A3CC64C040>	0.0	0	1746	1747	0	True	295.0	M450		1747
222.841	209.746	6	1069.005	<BeadTracker.Bead object at 0x000001A3CC64C100>	0.0	0	1747	1748	0	True	293.0	M450		1748
222.759	209.567	6	1073.636	<BeadTracker.Bead object at 0x000001A3CC64C2E0>	0.0	0	1748	1749	0	True	293.0	M450		1749
222.883	209.742	6	1052.981	<BeadTracker.Bead object at 0x000001A3CC64C4C0>	0.0	0	1749	1750	0	True	296.0	M450		1750
223.071	209.499	6	1057.64	<BeadTracker.Bead object at 0x000001A3CC64C6A0>	0.0	0	1750	1751	0	True	319.0	M450		1751
223.064	209.432	6	1068.512	<BeadTracker.Bead object at 0x000001A3CC64C880>	0.0	0	1751	1752	0	True	297.0	M450		1752
223.048	209.535	6	1067.395	<BeadTracker.Bead object at 0x000001A3CC64CA60>	0.0	0	1752	1753	0	True	291.0	M450		1753
222.988	209.717	6	1043.663	<BeadTracker.Bead object at 0x000001A3CC64CC40>	0.0	0	1753	1754	0	True	299.0	M450		1754
223.012	209.979	6	1063.098	<BeadTracker.Bead object at 0x000001A3CC64CE20>	0.0	0	1754	1755	0	True	295.0	M450		1755
222.979	209.694	6	1047.566	<BeadTracker.Bead object at 0x000001A3CC64D040>	0.0	0	1755	1756	0	True	295.0	M450		1756
223.071	209.715	6	1088.575	<BeadTracker.Bead object at 0x000001A3CC64D220>	0.0	0	1756	1757	0	True	290.0	M450		1757
223.006	209.894	6	1094.082	<BeadTracker.Bead object at 0x000001A3CC64D400>	0.0	0	1757	1758	0	True	292.0	M450		1758
223.075	209.669	6	1133.023	<BeadTracker.Bead object at 0x000001A3CC64D5E0>	0.0	0	1758	1759	0	True	286.0	M450		1759
223.094	209.561	6	1108.762	<BeadTracker.Bead object at 0x000001A3CC64D7C0>	0.0	0	1759	1760	0	True	288.0	M450		1760
223.22	209.326	6	1115.783	<BeadTracker.Bead object at 0x000001A3CC64D9A0>	0.0	0	1760	1761	0	True	292.0	M450		1761
223.217	209.321	6	1107.569	<BeadTracker.Bead object at 0x000001A3CC64DB80>	0.0	0	1761	1762	0	True	293.0	M450		1762
223.318	209.38	6	1114.358	<BeadTracker.Bead object at 0x000001A3CC64DD60>	0.0	0	1762	1763	0	True	293.0	M450		1763
223.274	209.474	6	1103.857	<BeadTracker.Bead object at 0x000001A3CC611040>	0.0	0	1763	1764	0	True	295.0	M450		1764
223.347	209.64	6	1137.763	<BeadTracker.Bead object at 0x000001A3CC611160>	0.0	0	1764	1765	0	True	285.0	M450		1765
223.29	209.62	6	1131.713	<BeadTracker.Bead object at 0x000001A3CC611340>	0.0	0	1765	1766	0	True	286.0	M450		1766
223.434	209.712	6	1141.152	<BeadTracker.Bead object at 0x000001A3CC611520>	0.0	0	1766	1767	0	True	285.0	M450		1767
223.294	209.545	6	1106.01	<BeadTracker.Bead object at 0x000001A3CC611700>	0.0	0	1767	1768	0	True	287.0	M450		1768
223.305	209.304	6	1157.836	<BeadTracker.Bead object at 0x000001A3CC6118E0>	0.0	0	1768	1769	0	True	291.0	M450		1769
223.387	209.225	6	1115.166	<BeadTracker.Bead object at 0x000001A3CC611AC0>	0.0	0	1769	1770	0	True	291.0	M450		1770
223.36	209.303	6	1131.571	<BeadTracker.Bead object at 0x000001A3CC611CA0>	0.0	0	1770	1771	0	True	292.0	M450		1771
223.292	209.587	6	1078.8	<BeadTracker.Bead object at 0x000001A3CC611E80>	0.0	0	1771	1772	0	True	291.0	M450		1772
223.304	209.647	6	1084.476	<BeadTracker.Bead object at 0x000001A3CC63D0A0>	0.0	0	1772	1773	0	True	291.0	M450		1773
223.323	209.494	6	1107.172	<BeadTracker.Bead object at 0x000001A3CC63D280>	0.0	0	1773	1774	0	True	294.0	M450		1774
223.381	209.417	6	1138.431	<BeadTracker.Bead object at 0x000001A3CC63D460>	0.0	0	1774	1775	0	True	293.0	M450		1775
223.346	209.366	6	1119.912	<BeadTracker.Bead object at 0x000001A3CC63D640>	0.0	0	1775	1776	0	True	293.0	M450		1776
223.362	209.464	6	1141.501	<BeadTracker.Bead object at 0x000001A3CC63D820>	0.0	0	1776	1777	0	True	292.0	M450		1777
223.312	209.295	6	1118.083	<BeadTracker.Bead object at 0x000001A3CC63DA00>	0.0	0	1777	1778	0	True	292.0	M450		1778
223.377	209.08	6	1103.2	<BeadTracker.Bead object at 0x000001A3CC63DBE0>	0.0	0	1778	1779	0	True	291.0	M450		1779
223.349	209.259	6	1076.152	<BeadTracker.Bead object at 0x000001A3CC63DDC0>	0.0	0	1779	1780	0	True	297.0	M450		1780
223.384	209.426	6	1078.955	<BeadTracker.Bead object at 0x000001A3CC649160>	0.0	0	1780	1781	0	True	298.0	M450		1781
223.37	209.547	6	1082.222	<BeadTracker.Bead object at 0x000001A3CC6491C0>	0.0	0	1781	1782	0	True	292.0	M450		1782
223.355	209.254	6	1087.497	<BeadTracker.Bead object at 0x000001A3CC6493A0>	0.0	0	1782	1783	0	True	295.0	M450		1783
223.357	209.347	6	1060.46	<BeadTracker.Bead object at 0x000001A3CC649580>	0.0	0	1783	1784	0	True	299.0	M450		1784
223.264	209.579	6	1071.402	<BeadTracker.Bead object at 0x000001A3CC649760>	0.0	0	1784	1785	0	True	292.0	M450		1785
223.28	209.747	6	1064.173	<BeadTracker.Bead object at 0x000001A3CC649940>	0.0	0	1785	1786	0	True	295.0	M450		1786
223.327	209.484	6	1097.394	<BeadTracker.Bead object at 0x000001A3CC649B20>	0.0	0	1786	1787	0	True	294.0	M450		1787
223.294	209.197	6	1097.643	<BeadTracker.Bead object at 0x000001A3CC649D00>	0.0	0	1787	1788	0	True	294.0	M450		1788
223.359	209.449	6	1089.827	<BeadTracker.Bead object at 0x000001A3CC618040>	0.0	0	1788	1789	0	True	295.0	M450		1789
223.291	209.505	6	1083.641	<BeadTracker.Bead object at 0x000001A3CC618100>	0.0	0	1789	1790	0	True	291.0	M450		1790
223.35	209.544	6	1102.047	<BeadTracker.Bead object at 0x000001A3CC6182E0>	0.0	0	1790	1791	0	True	289.0	M450		1791
223.341	209.484	6	1072.357	<BeadTracker.Bead object at 0x000001A3CC6184C0>	0.0	0	1791	1792	0	True	299.0	M450		1792
223.331	209.486	6	1076.477	<BeadTracker.Bead object at 0x000001A3CC6186A0>	0.0	0	1792	1793	0	True	298.0	M450		1793
223.385	209.643	6	1051.371	<BeadTracker.Bead object at 0x000001A3CC618880>	0.0	0	1793	1794	0	True	295.0	M450		1794
223.433	209.886	0	1996.769	<BeadTracker.Bead object at 0x000001A3CC618A60>	1.0	67	1794	1795	0	True	305.0	M450		1795
223.667	209.338	0	1114.37	<BeadTracker.Bead object at 0x000001A3CC618C40>	2.0	67	1795	1796	0	False	305.0	M450		1796
223.363	209.905	0	515.601	<BeadTracker.Bead object at 0x000001A3CC618E20>	3.0	67	1796	1797	0	False	305.0	M450		1797
223.612	209.873	0	1998.023	<BeadTracker.Bead object at 0x000001A3CC63B040>	1.0	68	1797	1798	0	True	317.0	M450		1798
223.773	209.331	0	1093.697	<BeadTracker.Bead object at 0x000001A3CC63B220>	2.0	68	1798	1799	0	False	317.0	M450		1799
223.404	209.793	0	493.895	<BeadTracker.Bead object at 0x000001A3CC63B400>	3.0	68	1799	1800	0	False	317.0	M450		1800
223.726	209.71	0	1965.421	<BeadTracker.Bead object at 0x000001A3CC63B5E0>	1.0	69	1800	1801	0	True	307.0	M450		1801
224.046	209.254	0	1123.301	<BeadTracker.Bead object at 0x000001A3CC63B7C0>	2.0	69	1801	1802	0	False	307.0	M450		1802
223.359	209.938	0	489.4	<BeadTracker.Bead object at 0x000001A3CC63B9A0>	3.0	69	1802	1803	0	False	307.0	M450		1803
223.662	209.589	0	1987.354	<BeadTracker.Bead object at 0x000001A3CC63BB80>	1.0	70	1803	1804	0	True	292.0	M450		1804
224.228	209.047	0	1136.108	<BeadTracker.Bead object at 0x000001A3CC63BD60>	2.0	70	1804	1805	0	False	292.0	M450		1805
223.502	209.768	0	501.08	<BeadTracker.Bead object at 0x000001A3CC633040>	3.0	70	1805	1806	0	False	292.0	M450		1806
223.984	209.417	0	2020.808	<BeadTracker.Bead object at 0x000001A3CC633160>	1.0	71	1806	1807	0	True	299.0	M450		1807
224.475	208.924	0	1152.47	<BeadTracker.Bead object at 0x000001A3CC633340>	2.0	71	1807	1808	0	False	299.0	M450		1808
223.741	209.373	0	491.039	<BeadTracker.Bead object at 0x000001A3CC633520>	3.0	71	1808	1809	0	False	299.0	M450		1809
223.882	209.513	0	2040.371	<BeadTracker.Bead object at 0x000001A3CC633700>	1.0	72	1809	1810	0	True	285.0	M450		1810
224.416	208.823	0	1180.835	<BeadTracker.Bead object at 0x000001A3CC6338E0>	2.0	72	1810	1811	0	False	285.0	M450		1811
223.706	209.735	0	495.696	<BeadTracker.Bead object at 0x000001A3CC633AC0>	3.0	72	1811	1812	0	False	285.0	M450		1812
225.084	208.027	0	2001.92	<BeadTracker.Bead object at 0x000001A3CC633CA0>	1.0	73	1812	1814	0	True	325.0	M450		1814
225.473	207.768	0	1055.482	<BeadTracker.Bead object at 0x000001A3CC633E80>	2.0	73	1813	1815	0	False	325.0	M450		1815
224.808	208.078	0	498.305	<BeadTracker.Bead object at 0x000001A3CC6350A0>	3.0	73	1814	1816	0	False	325.0	M450		1816
225.335	207.967	0	1998.203	<BeadTracker.Bead object at 0x000001A3CC635280>	1.0	74	1815	1817	0	True	329.0	M450		1817
225.723	207.594	0	1002.675	<BeadTracker.Bead object at 0x000001A3CC635460>	2.0	74	1816	1818	0	False	329.0	M450		1818
225.208	208.153	0	461.824	<BeadTracker.Bead object at 0x000001A3CC635640>	3.0	74	1817	1819	0	False	329.0	M450		1819
225.994	207.899	0	2037.73	<BeadTracker.Bead object at 0x000001A3CC635820>	1.0	75	1818	1820	0	True	311.0	M450		1820
226.224	207.739	0	1048.333	<BeadTracker.Bead object at 0x000001A3CC635A00>	2.0	75	1819	1821	0	False	311.0	M450		1821
225.867	208.268	0	494.0	<BeadTracker.Bead object at 0x000001A3CC635BE0>	3.0	75	1820	1822	0	False	311.0	M450		1822
226.206	207.907	0	2043.608	<BeadTracker.Bead object at 0x000001A3CC635DC0>	1.0	76	1821	1823	0	True	316.0	M450		1823
226.395	207.712	0	1034.053	<BeadTracker.Bead object at 0x000001A3CEE34160>	2.0	76	1822	1824	0	False	316.0	M450		1824
225.993	208.227	0	488.366	<BeadTracker.Bead object at 0x000001A3CEE341C0>	3.0	76	1823	1825	0	False	316.0	M450		1825
226.271	207.83	0	2071.432	<BeadTracker.Bead object at 0x000001A3CEE343A0>	1.0	77	1824	1826	0	True	325.0	M450		1826
226.517	207.686	0	974.49	<BeadTracker.Bead object at 0x000001A3CEE34580>	2.0	77	1825	1827	0	False	325.0	M450		1827
226.229	207.894	0	471.44	<BeadTracker.Bead object at 0x000001A3CEE34760>	3.0	77	1826	1828	0	False	325.0	M450		1828
226.47	207.404	0	2062.947	<BeadTracker.Bead object at 0x000001A3CEE34940>	1.0	78	1827	1829	0	True	325.0	M450		1829
226.958	207.199	0	1011.779	<BeadTracker.Bead object at 0x000001A3CEE34B20>	2.0	78	1828	1830	0	False	325.0	M450		1830
226.582	207.682	0	466.959	<BeadTracker.Bead object at 0x000001A3CEE34D00>	3.0	78	1829	1831	0	False	325.0	M450		1831
226.172	208.064	-7	625.437	<BeadTracker.Bead object at 0x000001A3CEE35040>	0.1	0	1830	1832	0	True	365.0	M450		1832
226.354	207.753	-7	796.047	<BeadTracker.Bead object at 0x000001A3CEE35100>	0.1	0	1831	1833	0	True	370.0	M450		1833
226.611	207.647	-7	914.323	<BeadTracker.Bead object at 0x000001A3CEE352E0>	0.1	0	1832	1834	0	True	333.0	M450		1834
226.694	207.551	-7	957.064	<BeadTracker.Bead object at 0x000001A3CEE354C0>	0.1	0	1833	1835	0	True	329.0	M450		1835
226.841	207.572	-7	950.205	<BeadTracker.Bead object at 0x000001A3CEE356A0>	0.1	0	1834	1836	0	True	330.0	M450		1836
226.925	207.289	-7	971.589	<BeadTracker.Bead object at 0x000001A3CEE35A60>	0.1	0	1836	1838	0	True	332.0	M450		1838
226.82	207.463	-7	977.261	<BeadTracker.Bead object at 0x000001A3CEE35C40>	0.1	0	1837	1839	0	True	333.0	M450		1839
226.808	207.396	-7	965.344	<BeadTracker.Bead object at 0x000001A3CEE35E20>	0.1	0	1838	1840	0	True	340.0	M450		1840
226.795	207.397	-7	946.834	<BeadTracker.Bead object at 0x000001A3CEE53F40>	0.1	0	1839	1841	0	True	339.0	M450		1841
226.915	207.382	-7	962.718	<BeadTracker.Bead object at 0x000001A3CEE532B0>	0.1	0	1840	1842	0	True	336.0	M450		1842
226.861	207.306	-7	958.929	<BeadTracker.Bead object at 0x000001A3CEE535E0>	0.1	0	1841	1843	0	True	334.0	M450		1843
226.937	207.39	-7	979.533	<BeadTracker.Bead object at 0x000001A3CEE53520>	0.1	0	1842	1844	0	True	335.0	M450		1844
226.867	207.345	-7	966.076	<BeadTracker.Bead object at 0x000001A3CEE53A00>	0.1	0	1843	1845	0	True	334.0	M450		1845
226.872	207.364	-7	971.446	<BeadTracker.Bead object at 0x000001A3CEE53730>	0.1	0	1844	1846	0	True	336.0	M450		1846
226.821	207.241	-7	977.758	<BeadTracker.Bead object at 0x000001A3CEE53DF0>	0.1	0	1845	1847	0	True	330.0	M450		1847
226.821	207.167	-7	974.769	<BeadTracker.Bead object at 0x000001A3CEE53EB0>	0.1	0	1846	1848	0	True	332.0	M450		1848
226.716	207.271	-7	981.906	<BeadTracker.Bead object at 0x000001A3CEE24E80>	0.1	0	1847	1849	0	True	331.0	M450		1849
226.697	207.22	-7	966.926	<BeadTracker.Bead object at 0x000001A3CEE24550>	0.1	0	1849	1851	0	True	334.0	M450		1851
226.778	207.239	-7	959.815	<BeadTracker.Bead object at 0x000001A3CEE240D0>	0.1	0	1850	1852	0	True	334.0	M450		1852
226.693	207.185	-7	975.808	<BeadTracker.Bead object at 0x000001A3CEE249A0>	0.1	0	1851	1853	0	True	331.0	M450		1853
226.644	207.237	-7	942.73	<BeadTracker.Bead object at 0x000001A3CEE24520>	0.1	0	1852	1854	0	True	344.0	M450		1854
226.662	207.114	-7	954.802	<BeadTracker.Bead object at 0x000001A3CEE24B50>	0.1	0	1853	1855	0	True	335.0	M450		1855
226.699	207.268	-7	937.693	<BeadTracker.Bead object at 0x000001A3CEE24BB0>	0.1	0	1854	1856	0	True	347.0	M450		1856
226.706	207.116	-7	948.787	<BeadTracker.Bead object at 0x000001A3CEE24F40>	0.1	0	1855	1857	0	True	334.0	M450		1857
226.734	207.295	-7	952.697	<BeadTracker.Bead object at 0x000001A3CEE5C0A0>	0.1	0	1856	1858	0	True	344.0	M450		1858
226.641	207.241	-7	949.605	<BeadTracker.Bead object at 0x000001A3CEE5C280>	0.1	0	1857	1859	0	True	342.0	M450		1859
226.689	207.321	-7	927.034	<BeadTracker.Bead object at 0x000001A3CEE5C460>	0.1	0	1858	1860	0	True	346.0	M450		1860
226.775	207.352	-7	935.719	<BeadTracker.Bead object at 0x000001A3CEE5C820>	0.1	0	1860	1862	0	True	347.0	M450		1862
226.662	207.239	-7	949.617	<BeadTracker.Bead object at 0x000001A3CEE5CA00>	0.1	0	1861	1863	0	True	343.0	M450		1863
226.681	207.455	-7	913.075	<BeadTracker.Bead object at 0x000001A3CEE5CBE0>	0.1	0	1862	1864	0	True	349.0	M450		1864
226.621	207.255	-7	934.694	<BeadTracker.Bead object at 0x000001A3CEE5CDC0>	0.1	0	1863	1865	0	True	347.0	M450		1865
226.791	207.333	-7	922.184	<BeadTracker.Bead object at 0x000001A3CEE3E160>	0.1	0	1864	1866	0	True	348.0	M450		1866
226.803	207.284	-7	943.121	<BeadTracker.Bead object at 0x000001A3CEE3E1C0>	0.1	0	1865	1867	0	True	343.0	M450		1867
226.766	207.348	-7	928.266	<BeadTracker.Bead object at 0x000001A3CEE3E3A0>	0.1	0	1866	1868	0	True	344.0	M450		1868
226.738	207.231	-7	933.1	<BeadTracker.Bead object at 0x000001A3CEE3E580>	0.1	0	1867	1869	0	True	345.0	M450		1869
226.814	207.283	-7	925.0	<BeadTracker.Bead object at 0x000001A3CEE3E760>	0.1	0	1868	1870	0	True	346.0	M450		1870
226.878	207.291	-7	956.054	<BeadTracker.Bead object at 0x000001A3CEE3E940>	0.1	0	1869	1871	0	True	333.0	M450		1871
226.916	207.261	-7	940.108	<BeadTracker.Bead object at 0x000001A3CEE3EB20>	0.1	0	1870	1872	0	True	334.0	M450		1872
226.823	207.34	-7	952.708	<BeadTracker.Bead object at 0x000001A3CEE3ED00>	0.1	0	1871	1873	0	True	337.0	M450		1873
226.862	207.307	-7	934.637	<BeadTracker.Bead object at 0x000001A3CEE48040>	0.1	0	1872	1874	0	True	345.0	M450		1874
226.875	207.187	-7	960.452	<BeadTracker.Bead object at 0x000001A3CEE48100>	0.1	0	1873	1875	0	True	332.0	M450		1875
226.952	207.162	-7	952.076	<BeadTracker.Bead object at 0x000001A3CEE482E0>	0.1	0	1874	1876	0	True	332.0	M450		1876
226.88	207.204	-7	962.293	<BeadTracker.Bead object at 0x000001A3CEE484C0>	0.1	0	1875	1877	0	True	331.0	M450		1877
226.892	207.081	-7	950.778	<BeadTracker.Bead object at 0x000001A3CEE486A0>	0.1	0	1876	1878	0	True	332.0	M450		1878
226.988	206.933	-7	965.09	<BeadTracker.Bead object at 0x000001A3CEE48880>	0.1	0	1877	1879	0	True	330.0	M450		1879
227.02	206.918	-7	967.434	<BeadTracker.Bead object at 0x000001A3CEE48A60>	0.1	0	1878	1880	0	True	330.0	M450		1880
226.954	207.059	-7	973.821	<BeadTracker.Bead object at 0x000001A3CEE48C40>	0.1	0	1879	1881	0	True	330.0	M450		1881
226.952	207.061	-7	953.131	<BeadTracker.Bead object at 0x000001A3CEE48E20>	0.1	0	1880	1882	0	True	332.0	M450		1882
226.907	207.101	-7	966.693	<BeadTracker.Bead object at 0x000001A3CEE54040>	0.1	0	1881	1883	0	True	331.0	M450		1883
226.917	206.974	-7	960.523	<BeadTracker.Bead object at 0x000001A3CEE54220>	0.1	0	1882	1884	0	True	331.0	M450		1884
226.868	206.793	-7	974.542	<BeadTracker.Bead object at 0x000001A3CEE54400>	0.1	0	1883	1885	0	True	330.0	M450		1885
226.992	207.061	-7	989.541	<BeadTracker.Bead object at 0x000001A3CEE545E0>	0.1	0	1884	1886	0	True	330.0	M450		1886
226.974	207.034	-7	949.763	<BeadTracker.Bead object at 0x000001A3CEE547C0>	0.1	0	1885	1887	0	True	332.0	M450		1887
226.895	207.02	-7	961.393	<BeadTracker.Bead object at 0x000001A3CEE549A0>	0.1	0	1886	1888	0	True	332.0	M450		1888
226.921	206.814	-7	956.188	<BeadTracker.Bead object at 0x000001A3CEE54B80>	0.1	0	1887	1889	0	True	332.0	M450		1889
226.881	206.874	-7	965.501	<BeadTracker.Bead object at 0x000001A3CEE54D60>	0.1	0	1888	1890	0	True	331.0	M450		1890
226.908	206.9	-7	960.904	<BeadTracker.Bead object at 0x000001A3CEE5B040>	0.1	0	1889	1891	0	True	331.0	M450		1891
226.957	206.96	-7	940.054	<BeadTracker.Bead object at 0x000001A3CEE5B160>	0.1	0	1890	1892	0	True	332.0	M450		1892
226.821	206.855	-7	938.745	<BeadTracker.Bead object at 0x000001A3CEE5B340>	0.1	0	1891	1893	0	True	333.0	M450		1893
226.849	206.852	-7	939.809	<BeadTracker.Bead object at 0x000001A3CEE5B520>	0.1	0	1892	1894	0	True	333.0	M450		1894
226.885	206.749	-7	954.349	<BeadTracker.Bead object at 0x000001A3CEE5B700>	0.1	0	1893	1895	0	True	330.0	M450		1895
226.961	207.016	-7	945.71	<BeadTracker.Bead object at 0x000001A3CEE5B8E0>	0.1	0	1894	1896	0	True	333.0	M450		1896
226.935	207.08	-7	944.985	<BeadTracker.Bead object at 0x000001A3CEE5BAC0>	0.1	0	1895	1897	0	True	334.0	M450		1897
226.806	206.888	-7	940.557	<BeadTracker.Bead object at 0x000001A3CEE5BCA0>	0.1	0	1896	1898	0	True	333.0	M450		1898
226.835	206.813	-7	949.452	<BeadTracker.Bead object at 0x000001A3CEE5BE80>	0.1	0	1897	1899	0	True	333.0	M450		1899
226.903	207.156	-7	946.845	<BeadTracker.Bead object at 0x000001A3CEE37280>	0.1	0	1899	1901	0	True	336.0	M450		1901
226.989	206.995	-7	928.664	<BeadTracker.Bead object at 0x000001A3CEE37460>	0.1	0	1900	1902	0	True	334.0	M450		1902
226.9	207.013	-7	939.356	<BeadTracker.Bead object at 0x000001A3CEE37640>	0.1	0	1901	1903	0	True	334.0	M450		1903
226.954	206.876	-7	941.78	<BeadTracker.Bead object at 0x000001A3CEE37820>	0.1	0	1902	1904	0	True	334.0	M450		1904
226.962	206.902	-7	949.688	<BeadTracker.Bead object at 0x000001A3CEE37A00>	0.1	0	1903	1905	0	True	332.0	M450		1905
227.047	207.053	-7	933.004	<BeadTracker.Bead object at 0x000001A3CEE37BE0>	0.1	0	1904	1906	0	True	335.0	M450		1906
226.975	207.158	-7	944.974	<BeadTracker.Bead object at 0x000001A3CEE37DC0>	0.1	0	1905	1907	0	True	337.0	M450		1907
227.016	206.968	-7	938.669	<BeadTracker.Bead object at 0x000001A3CEE2F160>	0.1	0	1906	1908	0	True	335.0	M450		1908
227.082	206.79	-7	965.235	<BeadTracker.Bead object at 0x000001A3CEE2F1C0>	0.1	0	1907	1909	0	True	331.0	M450		1909
227.094	206.916	-7	939.869	<BeadTracker.Bead object at 0x000001A3CEE2F3A0>	0.1	0	1908	1910	0	True	342.0	M450		1910
227.153	207.158	-7	947.642	<BeadTracker.Bead object at 0x000001A3CEE2F580>	0.1	0	1909	1911	0	True	335.0	M450		1911
227.145	207.054	-7	925.344	<BeadTracker.Bead object at 0x000001A3CEE2F760>	0.1	0	1910	1912	0	True	343.0	M450		1912
227.153	206.972	-7	974.112	<BeadTracker.Bead object at 0x000001A3CEE2F940>	0.1	0	1911	1913	0	True	330.0	M450		1913
227.08	206.954	-7	947.779	<BeadTracker.Bead object at 0x000001A3CEE2FB20>	0.1	0	1912	1914	0	True	333.0	M450		1914
226.984	206.863	-7	963.062	<BeadTracker.Bead object at 0x000001A3CEE2FD00>	0.1	0	1913	1915	0	True	330.0	M450		1915
227.172	207.067	-7	942.887	<BeadTracker.Bead object at 0x000001A3CDCE3F70>	0.1	0	1914	1916	0	True	335.0	M450		1916
227.148	206.916	-7	951.105	<BeadTracker.Bead object at 0x000001A3CDCE3070>	0.1	0	1915	1917	0	True	332.0	M450		1917
227.093	206.903	-7	963.469	<BeadTracker.Bead object at 0x000001A3CDCE34C0>	0.1	0	1916	1918	0	True	331.0	M450		1918
227.146	206.911	-7	970.411	<BeadTracker.Bead object at 0x000001A3CDCE3580>	0.1	0	1917	1919	0	True	331.0	M450		1919
227.129	206.952	-7	967.014	<BeadTracker.Bead object at 0x000001A3CDCE38B0>	0.1	0	1918	1920	0	True	332.0	M450		1920
227.13	206.854	-7	945.701	<BeadTracker.Bead object at 0x000001A3CDCE3790>	0.1	0	1919	1921	0	True	332.0	M450		1921
227.13	206.929	-7	948.501	<BeadTracker.Bead object at 0x000001A3CDCE3430>	0.1	0	1920	1922	0	True	332.0	M450		1922
227.119	206.806	-7	949.578	<BeadTracker.Bead object at 0x000001A3CDCE3F10>	0.1	0	1921	1923	0	True	332.0	M450		1923
227.137	206.966	-7	946.168	<BeadTracker.Bead object at 0x000001A3CDCE3B80>	0.1	0	1922	1924	0	True	333.0	M450		1924
227.095	206.952	-7	928.005	<BeadTracker.Bead object at 0x000001A3CDD08040>	0.1	0	1923	1925	0	True	335.0	M450		1925
227.167	206.829	-7	938.773	<BeadTracker.Bead object at 0x000001A3CDD08220>	0.1	0	1924	1926	0	True	332.0	M450		1926
227.082	206.985	-7	943.2	<BeadTracker.Bead object at 0x000001A3CDD08400>	0.1	0	1925	1927	0	True	335.0	M450		1927
227.043	206.931	-7	926.158	<BeadTracker.Bead object at 0x000001A3CDD085E0>	0.1	0	1926	1928	0	True	334.0	M450		1928
226.997	206.875	-7	926.35	<BeadTracker.Bead object at 0x000001A3CDD087C0>	0.1	0	1927	1929	0	True	332.0	M450		1929
227.144	207.024	-7	930.761	<BeadTracker.Bead object at 0x000001A3CDD089A0>	0.1	0	1928	1930	0	True	342.0	M450		1930
227.099	207.102	-7	913.644	<BeadTracker.Bead object at 0x000001A3CDD08B80>	0.1	0	1929	1931	0	True	345.0	M450		1931
227.003	206.976	-7	940.091	<BeadTracker.Bead object at 0x000001A3CDD08D60>	0.1	0	1930	1932	0	True	332.0	M450		1932
226.999	206.916	-7	916.383	<BeadTracker.Bead object at 0x000001A3CDD03040>	0.1	0	1931	1933	0	True	334.0	M450		1933
226.935	206.928	-7	883.569	<BeadTracker.Bead object at 0x000001A3CDD03160>	0.1	0	1932	1934	0	True	348.0	M450		1934
227.075	206.827	-7	925.019	<BeadTracker.Bead object at 0x000001A3CDD03340>	0.1	0	1933	1935	0	True	334.0	M450		1935
227.105	206.989	-7	910.93	<BeadTracker.Bead object at 0x000001A3CDD03520>	0.1	0	1934	1936	0	True	345.0	M450		1936
227.197	206.895	-7	938.248	<BeadTracker.Bead object at 0x000001A3CDD03700>	0.1	0	1935	1937	0	True	333.0	M450		1937
227.053	207.128	-7	914.672	<BeadTracker.Bead object at 0x000001A3CDD038E0>	0.1	0	1936	1938	0	True	345.0	M450		1938
227.044	206.903	-7	908.154	<BeadTracker.Bead object at 0x000001A3CDD03AC0>	0.1	0	1937	1939	0	True	343.0	M450		1939
227.173	206.951	-7	917.604	<BeadTracker.Bead object at 0x000001A3CDD03CA0>	0.1	0	1938	1940	0	True	343.0	M450		1940
227.266	206.974	-7	955.231	<BeadTracker.Bead object at 0x000001A3CDD03E80>	0.1	0	1939	1941	0	True	332.0	M450		1941
227.254	207.09	-7	939.826	<BeadTracker.Bead object at 0x000001A3CDCF70A0>	0.1	0	1940	1942	0	True	337.0	M450		1942
227.216	206.889	-7	935.901	<BeadTracker.Bead object at 0x000001A3CDCF7280>	0.1	0	1941	1943	0	True	332.0	M450		1943
227.231	206.979	-7	918.096	<BeadTracker.Bead object at 0x000001A3CDCF7460>	0.1	0	1942	1944	0	True	335.0	M450		1944
227.29	206.898	-7	947.612	<BeadTracker.Bead object at 0x000001A3CDCF7640>	0.1	0	1943	1945	0	True	333.0	M450		1945
227.271	206.943	-7	940.98	<BeadTracker.Bead object at 0x000001A3CDCF7820>	0.1	0	1944	1946	0	True	331.0	M450		1946
227.318	206.87	-7	962.921	<BeadTracker.Bead object at 0x000001A3CDCF7A00>	0.1	0	1945	1947	0	True	330.0	M450		1947
227.249	206.833	-7	949.004	<BeadTracker.Bead object at 0x000001A3CDCF7BE0>	0.1	0	1946	1948	0	True	331.0	M450		1948
227.319	206.755	-7	958.053	<BeadTracker.Bead object at 0x000001A3CDCF7DC0>	0.1	0	1947	1949	0	True	331.0	M450		1949
227.437	206.841	-7	954.13	<BeadTracker.Bead object at 0x000001A3CDCF2160>	0.1	0	1948	1950	0	True	330.0	M450		1950
227.408	206.951	-7	959.743	<BeadTracker.Bead object at 0x000001A3CDCF21C0>	0.1	0	1949	1951	0	True	330.0	M450		1951
227.311	206.954	-7	957.95	<BeadTracker.Bead object at 0x000001A3CDCF23A0>	0.1	0	1950	1952	0	True	330.0	M450		1952
227.319	206.66	-7	947.39	<BeadTracker.Bead object at 0x000001A3CDCF2580>	0.1	0	1951	1953	0	True	331.0	M450		1953
227.411	206.733	-7	968.582	<BeadTracker.Bead object at 0x000001A3CDCF2940>	0.1	0	1953	1955	0	True	327.0	M450		1955
227.36	206.766	-7	971.885	<BeadTracker.Bead object at 0x000001A3CDCF2B20>	0.1	0	1954	1956	0	True	328.0	M450		1956
227.315	206.596	-7	963.667	<BeadTracker.Bead object at 0x000001A3CDCF2D00>	0.1	0	1955	1957	0	True	328.0	M450		1957
227.242	206.672	-7	955.485	<BeadTracker.Bead object at 0x000001A3CDCF4040>	0.1	0	1956	1958	0	True	329.0	M450		1958
227.297	206.615	-7	965.163	<BeadTracker.Bead object at 0x000001A3CDCF4100>	0.1	0	1957	1959	0	True	330.0	M450		1959
227.273	206.6	-7	959.84	<BeadTracker.Bead object at 0x000001A3CDCF42E0>	0.1	0	1958	1960	0	True	330.0	M450		1960
227.33	206.537	-7	971.327	<BeadTracker.Bead object at 0x000001A3CDCF44C0>	0.1	0	1959	1961	0	True	329.0	M450		1961
227.271	206.61	-7	952.964	<BeadTracker.Bead object at 0x000001A3CDCF46A0>	0.1	0	1960	1962	0	True	331.0	M450		1962
227.255	206.427	-7	960.226	<BeadTracker.Bead object at 0x000001A3CDCF4880>	0.1	0	1961	1963	0	True	336.0	M450		1963
227.292	206.605	-7	948.188	<BeadTracker.Bead object at 0x000001A3CDCF4A60>	0.1	0	1962	1964	0	True	330.0	M450		1964
227.299	206.623	7	964.779	<BeadTracker.Bead object at 0x000001A3CDCF4C40>	0.0	0	1963	1965	0	True	328.0	M450		1965
227.218	206.793	7	953.777	<BeadTracker.Bead object at 0x000001A3CDCF4E20>	0.0	0	1964	1966	0	True	331.0	M450		1966
227.291	206.554	7	941.842	<BeadTracker.Bead object at 0x000001A3CDCEC040>	0.0	0	1965	1967	0	True	330.0	M450		1967
227.191	206.627	7	932.594	<BeadTracker.Bead object at 0x000001A3CDCEC220>	0.0	0	1966	1968	0	True	332.0	M450		1968
227.264	206.642	7	951.703	<BeadTracker.Bead object at 0x000001A3CDCEC5E0>	0.0	0	1968	1970	0	True	331.0	M450		1970
227.203	206.632	7	934.693	<BeadTracker.Bead object at 0x000001A3CDCEC9A0>	0.0	0	1970	1972	0	True	332.0	M450		1972
227.17	206.549	7	944.872	<BeadTracker.Bead object at 0x000001A3CDCECB80>	0.0	0	1971	1973	0	True	330.0	M450		1973
227.144	206.68	7	960.323	<BeadTracker.Bead object at 0x000001A3CDCECD60>	0.0	0	1972	1974	0	True	330.0	M450		1974
227.252	206.743	7	950.287	<BeadTracker.Bead object at 0x000001A3CDCE80A0>	0.0	0	1973	1975	0	True	329.0	M450		1975
227.19	206.784	7	950.798	<BeadTracker.Bead object at 0x000001A3CDCE81C0>	0.0	0	1974	1976	0	True	330.0	M450		1976
227.192	206.539	7	948.447	<BeadTracker.Bead object at 0x000001A3CDCE83D0>	0.0	0	1975	1977	0	True	330.0	M450		1977
227.306	206.682	7	952.37	<BeadTracker.Bead object at 0x000001A3CDCE85E0>	0.0	0	1976	1978	0	True	330.0	M450		1978
227.291	206.74	7	967.151	<BeadTracker.Bead object at 0x000001A3CDCE87F0>	0.0	0	1977	1979	0	True	329.0	M450		1979
227.329	206.738	7	969.503	<BeadTracker.Bead object at 0x000001A3CDCE8A00>	0.0	0	1978	1980	0	True	329.0	M450		1980
227.306	206.662	7	985.814	<BeadTracker.Bead object at 0x000001A3CDCE8C10>	0.0	0	1979	1981	0	True	326.0	M450		1981
227.354	206.694	7	965.528	<BeadTracker.Bead object at 0x000001A3CDCE8E20>	0.0	0	1980	1982	0	True	328.0	M450		1982
227.333	206.698	7	986.737	<BeadTracker.Bead object at 0x000001A3CDD04070>	0.0	0	1981	1983	0	True	325.0	M450		1983
227.353	206.774	7	979.394	<BeadTracker.Bead object at 0x000001A3CDD04280>	0.0	0	1982	1984	0	True	326.0	M450		1984
227.47	206.672	7	991.305	<BeadTracker.Bead object at 0x000001A3CDD04490>	0.0	0	1983	1985	0	True	325.0	M450		1985
227.446	206.723	7	982.08	<BeadTracker.Bead object at 0x000001A3CDD046A0>	0.0	0	1984	1986	0	True	326.0	M450		1986
227.415	206.566	7	973.752	<BeadTracker.Bead object at 0x000001A3CDD048B0>	0.0	0	1985	1987	0	True	326.0	M450		1987
227.529	206.621	7	980.269	<BeadTracker.Bead object at 0x000001A3CDD04AC0>	0.0	0	1986	1988	0	True	325.0	M450		1988
227.461	206.657	7	1009.644	<BeadTracker.Bead object at 0x000001A3CDD04CD0>	0.0	0	1987	1989	0	True	312.0	M450		1989
227.451	206.564	7	986.581	<BeadTracker.Bead object at 0x000001A3CDCD3130>	0.0	0	1989	1991	0	True	325.0	M450		1991
227.45	206.584	7	1000.439	<BeadTracker.Bead object at 0x000001A3CDCD3340>	0.0	0	1990	1992	0	True	311.0	M450		1992
227.468	206.591	7	1006.928	<BeadTracker.Bead object at 0x000001A3CDCD3550>	0.0	0	1991	1993	0	True	310.0	M450		1993
227.402	206.759	7	998.258	<BeadTracker.Bead object at 0x000001A3CDCD3760>	0.0	0	1992	1994	0	True	324.0	M450		1994
227.412	206.725	7	976.121	<BeadTracker.Bead object at 0x000001A3CDCD3970>	0.0	0	1993	1995	0	True	327.0	M450		1995
227.425	206.806	7	959.482	<BeadTracker.Bead object at 0x000001A3CDCD3B80>	0.0	0	1994	1996	0	True	328.0	M450		1996
227.371	206.612	7	977.085	<BeadTracker.Bead object at 0x000001A3CDCD3D90>	0.0	0	1995	1997	0	True	327.0	M450		1997
227.393	206.782	7	967.968	<BeadTracker.Bead object at 0x000001A3CDCDE190>	0.0	0	1996	1998	0	True	327.0	M450		1998
227.413	206.773	7	972.55	<BeadTracker.Bead object at 0x000001A3CDCDE1F0>	0.0	0	1997	1999	0	True	326.0	M450		1999
227.307	206.751	7	965.512	<BeadTracker.Bead object at 0x000001A3CDCDE400>	0.0	0	1998	2000	0	True	327.0	M450		2000
227.312	206.788	7	969.831	<BeadTracker.Bead object at 0x000001A3CDCDE610>	0.0	0	1999	2001	0	True	326.0	M450		2001
227.28	206.914	7	952.691	<BeadTracker.Bead object at 0x000001A3CDCDE820>	0.0	0	2000	2002	0	True	328.0	M450		2002
227.329	206.892	7	956.974	<BeadTracker.Bead object at 0x000001A3CDCDEA30>	0.0	0	2001	2003	0	True	327.0	M450		2003
227.277	206.951	7	937.629	<BeadTracker.Bead object at 0x000001A3CDCDEC40>	0.0	0	2002	2004	0	True	330.0	M450		2004
227.368	206.836	7	983.765	<BeadTracker.Bead object at 0x000001A3CDCDEE50>	0.0	0	2003	2005	0	True	325.0	M450		2005
227.319	206.928	7	959.416	<BeadTracker.Bead object at 0x000001A3CDCF50A0>	0.0	0	2004	2006	0	True	328.0	M450		2006
227.359	206.819	7	956.824	<BeadTracker.Bead object at 0x000001A3CDCF52B0>	0.0	0	2005	2007	0	True	326.0	M450		2007
227.253	207.074	7	949.824	<BeadTracker.Bead object at 0x000001A3CDCF54C0>	0.0	0	2006	2008	0	True	331.0	M450		2008
227.316	207.129	7	923.764	<BeadTracker.Bead object at 0x000001A3CDCF56D0>	0.0	0	2007	2009	0	True	330.0	M450		2009
227.246	207.114	7	908.85	<BeadTracker.Bead object at 0x000001A3CDCF58E0>	0.0	0	2008	2010	0	True	333.0	M450		2010
227.299	206.98	7	944.696	<BeadTracker.Bead object at 0x000001A3CDCF5AF0>	0.0	0	2009	2011	0	True	328.0	M450		2011
227.18	207.033	7	926.805	<BeadTracker.Bead object at 0x000001A3CDCF5D00>	0.0	0	2010	2012	0	True	333.0	M450		2012
227.235	207.143	7	937.277	<BeadTracker.Bead object at 0x000001A3C955F040>	0.0	0	2011	2013	0	True	330.0	M450		2013
227.226	207.279	7	897.48	<BeadTracker.Bead object at 0x000001A3C955F160>	0.0	0	2012	2014	0	True	346.0	M450		2014
227.224	207.083	7	899.538	<BeadTracker.Bead object at 0x000001A3C955F790>	0.0	0	2015	2017	0	True	334.0	M450		2017
227.142	207.311	7	904.257	<BeadTracker.Bead object at 0x000001A3C955F9A0>	0.0	0	2016	2018	0	True	345.0	M450		2018
227.184	207.245	7	864.19	<BeadTracker.Bead object at 0x000001A3C955FBB0>	0.0	0	2017	2019	0	True	348.0	M450		2019
227.091	207.252	7	864.141	<BeadTracker.Bead object at 0x000001A3C955FDC0>	0.0	0	2018	2020	0	True	350.0	M450		2020
227.051	207.09	7	881.503	<BeadTracker.Bead object at 0x000001A3C955FFD0>	0.0	0	2019	2021	0	True	348.0	M450		2021
226.974	207.119	7	844.393	<BeadTracker.Bead object at 0x000001A3C95361C0>	0.0	0	2020	2022	0	True	351.0	M450		2022
226.942	207.042	7	849.866	<BeadTracker.Bead object at 0x000001A3C95360A0>	0.0	0	2021	2023	0	True	362.0	M450		2023
226.861	207.015	7	830.343	<BeadTracker.Bead object at 0x000001A3C95368E0>	0.0	0	2022	2024	0	True	365.0	M450		2024
226.804	206.758	7	805.305	<BeadTracker.Bead object at 0x000001A3C9536D30>	0.0	0	2024	2026	0	True	368.0	M450		2026
226.75	206.646	7	786.502	<BeadTracker.Bead object at 0x000001A3C9536580>	0.0	0	2025	2027	0	True	370.0	M450		2027
226.551	206.539	7	749.51	<BeadTracker.Bead object at 0x000001A3C9536850>	0.0	0	2026	2028	0	True	371.0	M450		2028
226.641	206.265	7	757.585	<BeadTracker.Bead object at 0x000001A3C95270D0>	0.0	0	2027	2029	0	True	400.0	M450		2029
226.483	206.195	7	732.134	<BeadTracker.Bead object at 0x000001A3C95272E0>	0.0	0	2028	2030	0	True	404.0	M450		2030
226.699	206.282	7	720.657	<BeadTracker.Bead object at 0x000001A3C95274F0>	0.0	0	2029	2031	0	True	405.0	M450		2031
226.132	206.503	7	723.971	<BeadTracker.Bead object at 0x000001A3C9527700>	0.0	0	2030	2032	0	True	407.0	M450		2032
226.435	206.563	7	709.468	<BeadTracker.Bead object at 0x000001A3C9527910>	0.0	0	2031	2033	0	True	408.0	M450		2033
226.354	206.573	7	752.006	<BeadTracker.Bead object at 0x000001A3C9527B20>	0.0	0	2032	2034	0	True	391.0	M450		2034
226.436	206.595	7	769.367	<BeadTracker.Bead object at 0x000001A3C9527D30>	0.0	0	2033	2035	0	True	373.0	M450		2035
226.282	206.932	7	785.851	<BeadTracker.Bead object at 0x000001A3C952B070>	0.0	0	2034	2036	0	True	373.0	M450		2036
226.33	206.931	7	771.621	<BeadTracker.Bead object at 0x000001A3C952B190>	0.0	0	2035	2037	0	True	376.0	M450		2037
226.345	207.06	7	761.74	<BeadTracker.Bead object at 0x000001A3C952B3A0>	0.0	0	2036	2038	0	True	376.0	M450		2038
226.428	206.965	7	792.691	<BeadTracker.Bead object at 0x000001A3C952B5B0>	0.0	0	2037	2039	0	True	370.0	M450		2039
226.287	207.163	7	825.506	<BeadTracker.Bead object at 0x000001A3C952B7C0>	0.0	0	2038	2040	0	True	368.0	M450		2040
226.408	207.062	7	829.674	<BeadTracker.Bead object at 0x000001A3C952B9D0>	0.0	0	2039	2041	0	True	366.0	M450		2041
226.331	207.24	7	838.299	<BeadTracker.Bead object at 0x000001A3C952BBE0>	0.0	0	2040	2042	0	True	366.0	M450		2042
226.408	207.222	7	843.917	<BeadTracker.Bead object at 0x000001A3C952BDF0>	0.0	0	2041	2043	0	True	365.0	M450		2043
226.4	207.231	7	845.445	<BeadTracker.Bead object at 0x000001A3C9535040>	0.0	0	2042	2044	0	True	353.0	M450		2044
226.357	207.218	7	869.363	<BeadTracker.Bead object at 0x000001A3C9535250>	0.0	0	2043	2045	0	True	350.0	M450		2045
226.368	207.339	7	856.986	<BeadTracker.Bead object at 0x000001A3C9535460>	0.0	0	2044	2046	0	True	350.0	M450		2046
226.419	207.209	7	864.075	<BeadTracker.Bead object at 0x000001A3C9535670>	0.0	0	2045	2047	0	True	351.0	M450		2047
226.478	207.269	7	884.647	<BeadTracker.Bead object at 0x000001A3C9535880>	0.0	0	2046	2048	0	True	348.0	M450		2048
226.519	207.203	7	901.523	<BeadTracker.Bead object at 0x000001A3C9535A90>	0.0	0	2047	2049	0	True	344.0	M450		2049
226.448	207.359	7	891.175	<BeadTracker.Bead object at 0x000001A3C9535CA0>	0.0	0	2048	2050	0	True	346.0	M450		2050
226.569	207.292	7	916.673	<BeadTracker.Bead object at 0x000001A3C9542040>	0.0	0	2049	2051	0	True	343.0	M450		2051
226.548	207.377	7	908.983	<BeadTracker.Bead object at 0x000001A3C9542100>	0.0	0	2050	2052	0	True	344.0	M450		2052
226.634	207.24	7	917.911	<BeadTracker.Bead object at 0x000001A3C9542310>	0.0	0	2051	2053	0	True	342.0	M450		2053
226.632	207.302	7	936.972	<BeadTracker.Bead object at 0x000001A3C9542520>	0.0	0	2052	2054	0	True	334.0	M450		2054
226.755	207.19	7	939.491	<BeadTracker.Bead object at 0x000001A3C9542730>	0.0	0	2053	2055	0	True	332.0	M450		2055
226.641	207.21	7	936.031	<BeadTracker.Bead object at 0x000001A3C9542940>	0.0	0	2054	2056	0	True	333.0	M450		2056
226.786	207.156	7	952.404	<BeadTracker.Bead object at 0x000001A3C9542B50>	0.0	0	2055	2057	0	True	331.0	M450		2057
226.844	207.157	7	968.081	<BeadTracker.Bead object at 0x000001A3C9542D60>	0.0	0	2056	2058	0	True	329.0	M450		2058
226.875	207.21	7	972.982	<BeadTracker.Bead object at 0x000001A3C95250A0>	0.0	0	2057	2059	0	True	328.0	M450		2059
226.856	207.237	7	951.876	<BeadTracker.Bead object at 0x000001A3C95251C0>	0.0	0	2058	2060	0	True	330.0	M450		2060
226.934	207.036	7	959.769	<BeadTracker.Bead object at 0x000001A3C95253D0>	0.0	0	2059	2061	0	True	329.0	M450		2061
226.873	207.042	7	941.715	<BeadTracker.Bead object at 0x000001A3C95255E0>	0.0	0	2060	2062	0	True	330.0	M450		2062
227.058	207.094	7	984.361	<BeadTracker.Bead object at 0x000001A3C95257F0>	0.0	0	2061	2063	0	True	327.0	M450		2063
226.944	207.134	7	967.184	<BeadTracker.Bead object at 0x000001A3C9525A00>	0.0	0	2062	2064	0	True	328.0	M450		2064
226.989	207.091	7	974.147	<BeadTracker.Bead object at 0x000001A3C9525C10>	0.0	0	2063	2065	0	True	327.0	M450		2065
226.935	206.987	7	962.431	<BeadTracker.Bead object at 0x000001A3C9525E20>	0.0	0	2064	2066	0	True	329.0	M450		2066
227.002	206.856	7	972.589	<BeadTracker.Bead object at 0x000001A3C9532070>	0.0	0	2065	2067	0	True	327.0	M450		2067
226.949	206.854	7	988.98	<BeadTracker.Bead object at 0x000001A3C9532280>	0.0	0	2066	2068	0	True	325.0	M450		2068
227.015	206.891	7	985.339	<BeadTracker.Bead object at 0x000001A3C9532490>	0.0	0	2067	2069	0	True	326.0	M450		2069
226.902	206.92	7	967.945	<BeadTracker.Bead object at 0x000001A3C95326A0>	0.0	0	2068	2070	0	True	328.0	M450		2070
227.008	206.696	7	964.065	<BeadTracker.Bead object at 0x000001A3C95328B0>	0.0	0	2069	2071	0	True	327.0	M450		2071
227.041	206.698	7	971.452	<BeadTracker.Bead object at 0x000001A3C9532AC0>	0.0	0	2070	2072	0	True	327.0	M450		2072
227.066	206.785	7	958.466	<BeadTracker.Bead object at 0x000001A3C9532CD0>	0.0	0	2071	2073	0	True	326.0	M450		2073
227.009	206.775	7	949.361	<BeadTracker.Bead object at 0x000001A3C955C040>	0.0	0	2072	2074	0	True	328.0	M450		2074
227.096	206.681	7	952.533	<BeadTracker.Bead object at 0x000001A3C955C130>	0.0	0	2073	2075	0	True	329.0	M450		2075
226.909	206.601	7	956.688	<BeadTracker.Bead object at 0x000001A3C955C340>	0.0	0	2074	2076	0	True	328.0	M450		2076
227.032	206.634	7	965.989	<BeadTracker.Bead object at 0x000001A3C955C550>	0.0	0	2075	2077	0	True	327.0	M450		2077
227.002	206.847	7	938.857	<BeadTracker.Bead object at 0x000001A3C955C760>	0.0	0	2076	2078	0	True	329.0	M450		2078
227.073	206.779	7	947.797	<BeadTracker.Bead object at 0x000001A3C955C970>	0.0	0	2077	2079	0	True	329.0	M450		2079
226.945	206.849	7	934.848	<BeadTracker.Bead object at 0x000001A3C955CB80>	0.0	0	2078	2080	0	True	331.0	M450		2080
227.004	206.668	7	939.703	<BeadTracker.Bead object at 0x000001A3C955CD90>	0.0	0	2079	2081	0	True	330.0	M450		2081
227.013	206.812	7	957.82	<BeadTracker.Bead object at 0x000001A3C9545190>	0.0	0	2080	2082	0	True	330.0	M450		2082
227.105	206.949	7	931.536	<BeadTracker.Bead object at 0x000001A3C95451F0>	0.0	0	2081	2083	0	True	332.0	M450		2083
227.054	206.974	7	951.466	<BeadTracker.Bead object at 0x000001A3C9545400>	0.0	0	2082	2084	0	True	329.0	M450		2084
227.17	206.819	7	953.087	<BeadTracker.Bead object at 0x000001A3C9545610>	0.0	0	2083	2085	0	True	329.0	M450		2085
227.028	206.691	7	968.113	<BeadTracker.Bead object at 0x000001A3C9545820>	0.0	0	2084	2086	0	True	328.0	M450		2086
227.148	206.857	7	969.666	<BeadTracker.Bead object at 0x000001A3C9545A30>	0.0	0	2085	2087	0	True	327.0	M450		2087
227.093	206.972	7	945.431	<BeadTracker.Bead object at 0x000001A3C9545C40>	0.0	0	2086	2088	0	True	330.0	M450		2088
227.205	206.922	7	945.945	<BeadTracker.Bead object at 0x000001A3C9545E50>	0.0	0	2087	2089	0	True	330.0	M450		2089
227.158	206.899	7	976.715	<BeadTracker.Bead object at 0x000001A3C95550A0>	0.0	0	2088	2090	0	True	326.0	M450		2090
227.208	206.737	7	977.018	<BeadTracker.Bead object at 0x000001A3C95552B0>	0.0	0	2089	2091	0	True	326.0	M450		2091
227.217	206.845	7	978.922	<BeadTracker.Bead object at 0x000001A3C95554C0>	0.0	0	2090	2092	0	True	325.0	M450		2092
227.224	206.863	7	971.927	<BeadTracker.Bead object at 0x000001A3C95556D0>	0.0	0	2091	2093	0	True	327.0	M450		2093
227.235	206.904	7	979.53	<BeadTracker.Bead object at 0x000001A3C95558E0>	0.0	0	2092	2094	0	True	325.0	M450		2094
227.46	206.785	7	984.088	<BeadTracker.Bead object at 0x000001A3C9555AF0>	0.0	0	2093	2095	0	True	323.0	M450		2095
227.2	206.715	7	972.982	<BeadTracker.Bead object at 0x000001A3C9555D00>	0.0	0	2094	2096	0	True	325.0	M450		2096
227.335	206.897	7	993.165	<BeadTracker.Bead object at 0x000001A3C954C040>	0.0	0	2095	2097	0	True	323.0	M450		2097
227.565	206.771	0	2056.857	<BeadTracker.Bead object at 0x000001A3C954C160>	1.0	79	2096	2098	0	True	329.0	M450		2098
227.631	206.711	0	999.832	<BeadTracker.Bead object at 0x000001A3C954C370>	2.0	79	2097	2099	0	False	329.0	M450		2099
227.702	207.065	0	505.941	<BeadTracker.Bead object at 0x000001A3C954C580>	3.0	79	2098	2100	0	False	329.0	M450		2100
227.881	206.706	0	1989.833	<BeadTracker.Bead object at 0x000001A3C954C790>	1.0	80	2099	2101	0	True	312.0	M450		2101
228.036	206.451	0	1016.793	<BeadTracker.Bead object at 0x000001A3C954C9A0>	2.0	80	2100	2102	0	False	312.0	M450		2102
227.997	206.948	0	520.475	<BeadTracker.Bead object at 0x000001A3C954CBB0>	3.0	80	2101	2103	0	False	312.0	M450		2103
227.835	206.682	0	1947.519	<BeadTracker.Bead object at 0x000001A3C954CDC0>	1.0	81	2102	2104	0	True	329.0	M450		2104
228.13	206.47	0	1037.89	<BeadTracker.Bead object at 0x000001A3C954CFD0>	2.0	81	2103	2105	0	False	329.0	M450		2105
228.101	206.928	0	531.653	<BeadTracker.Bead object at 0x000001A3C9548220>	3.0	81	2104	2106	0	False	329.0	M450		2106
228.234	206.819	0	1922.445	<BeadTracker.Bead object at 0x000001A3C9548430>	1.0	82	2105	2107	0	True	326.0	M450		2107
228.458	206.31	0	1035.534	<BeadTracker.Bead object at 0x000001A3C9548640>	2.0	82	2106	2108	0	False	326.0	M450		2108
228.32	206.799	0	512.056	<BeadTracker.Bead object at 0x000001A3C9548850>	3.0	82	2107	2109	0	False	326.0	M450		2109
228.525	206.484	0	1926.14	<BeadTracker.Bead object at 0x000001A3C9548A60>	1.0	83	2108	2110	0	True	338.0	M450		2110
228.726	206.122	0	1033.042	<BeadTracker.Bead object at 0x000001A3C9548C70>	2.0	83	2109	2111	0	False	338.0	M450		2111
228.636	206.544	0	482.877	<BeadTracker.Bead object at 0x000001A3C9548BE0>	3.0	83	2110	2112	0	False	338.0	M450		2112
228.886	206.469	0	1938.926	<BeadTracker.Bead object at 0x000001A3C4F7C0D0>	1.0	84	2111	2113	0	True	334.0	M450		2113
229.009	206.07	0	1042.872	<BeadTracker.Bead object at 0x000001A3C4F7C2E0>	2.0	84	2112	2114	0	False	334.0	M450		2114
229.027	206.581	0	496.31	<BeadTracker.Bead object at 0x000001A3C4F7C4F0>	3.0	84	2113	2115	0	False	334.0	M450		2115
230.681	207.092	0	1947.607	<BeadTracker.Bead object at 0x000001A3C4F7C700>	1.0	85	2114	2117	0	True	335.0	M450		2117
230.857	206.988	0	973.328	<BeadTracker.Bead object at 0x000001A3C4F7C910>	2.0	85	2115	2118	0	False	335.0	M450		2118
230.74	207.43	0	468.401	<BeadTracker.Bead object at 0x000001A3C4F7CB20>	3.0	85	2116	2119	0	False	335.0	M450		2119
230.996	207.477	0	1949.987	<BeadTracker.Bead object at 0x000001A3C4F7CD30>	1.0	86	2117	2120	0	True	338.0	M450		2120
231.336	207.328	0	1014.576	<BeadTracker.Bead object at 0x000001A3C4F913A0>	2.0	86	2118	2121	0	False	338.0	M450		2121
231.031	207.865	0	485.426	<BeadTracker.Bead object at 0x000001A3C4F91C70>	3.0	86	2119	2122	0	False	338.0	M450		2122
231.162	207.591	0	1931.094	<BeadTracker.Bead object at 0x000001A3C4F91C40>	1.0	87	2120	2123	0	True	320.0	M450		2123
231.505	207.105	0	1052.57	<BeadTracker.Bead object at 0x000001A3C4F91580>	2.0	87	2121	2124	0	False	320.0	M450		2124
231.197	207.722	0	497.874	<BeadTracker.Bead object at 0x000001A3C4F91100>	3.0	87	2122	2125	0	False	320.0	M450		2125
231.167	207.555	0	1913.412	<BeadTracker.Bead object at 0x000001A3C4F91B20>	1.0	88	2123	2126	0	True	325.0	M450		2126
231.252	207.149	0	1021.744	<BeadTracker.Bead object at 0x000001A3C4F91CD0>	2.0	88	2124	2127	0	False	325.0	M450		2127
231.193	207.805	0	474.712	<BeadTracker.Bead object at 0x000001A3C4F91730>	3.0	88	2125	2128	0	False	325.0	M450		2128
231.094	207.449	0	1936.817	<BeadTracker.Bead object at 0x000001A3C4F96040>	1.0	89	2126	2129	0	True	340.0	M450		2129
230.988	206.968	0	995.995	<BeadTracker.Bead object at 0x000001A3C4F96250>	2.0	89	2127	2130	0	False	340.0	M450		2130
231.097	207.507	0	489.395	<BeadTracker.Bead object at 0x000001A3C4F96460>	3.0	89	2128	2131	0	False	340.0	M450		2131
231.034	207.241	0	1937.757	<BeadTracker.Bead object at 0x000001A3C4F96670>	1.0	90	2129	2132	0	True	336.0	M450		2132
231.031	206.792	0	966.253	<BeadTracker.Bead object at 0x000001A3C4F96880>	2.0	90	2130	2133	0	False	336.0	M450		2133
231.071	207.334	0	501.899	<BeadTracker.Bead object at 0x000001A3C4F96A90>	3.0	90	2131	2134	0	False	336.0	M450		2134
230.302	207.457	-8	640.987	<BeadTracker.Bead object at 0x000001A3C4F96CA0>	0.1	0	2132	2135	0	True	376.0	M450		2135
230.567	207.403	-8	793.263	<BeadTracker.Bead object at 0x000001A3C4F6A040>	0.1	0	2133	2136	0	True	379.0	M450		2136
230.619	207.078	-8	903.726	<BeadTracker.Bead object at 0x000001A3C4F6A100>	0.1	0	2134	2137	0	True	347.0	M450		2137
230.779	206.926	-8	930.833	<BeadTracker.Bead object at 0x000001A3C4F6A310>	0.1	0	2135	2138	0	True	331.0	M450		2138
230.761	207.0	-8	951.239	<BeadTracker.Bead object at 0x000001A3C4F6A520>	0.1	0	2136	2139	0	True	329.0	M450		2139
230.841	207.045	-8	959.396	<BeadTracker.Bead object at 0x000001A3C4F6A730>	0.1	0	2137	2140	0	True	331.0	M450		2140
230.746	207.088	-8	931.835	<BeadTracker.Bead object at 0x000001A3C4F6A940>	0.1	0	2138	2141	0	True	332.0	M450		2141
230.832	207.079	-8	924.045	<BeadTracker.Bead object at 0x000001A3C4F6AB50>	0.1	0	2139	2142	0	True	335.0	M450		2142
230.76	206.902	-8	937.919	<BeadTracker.Bead object at 0x000001A3C4F6AD60>	0.1	0	2140	2143	0	True	331.0	M450		2143
230.895	206.972	-8	938.823	<BeadTracker.Bead object at 0x000001A3C4F780A0>	0.1	0	2141	2144	0	True	332.0	M450		2144
230.848	206.991	-8	943.234	<BeadTracker.Bead object at 0x000001A3C4F781C0>	0.1	0	2142	2145	0	True	332.0	M450		2145
230.95	207.111	-8	930.145	<BeadTracker.Bead object at 0x000001A3C4F783D0>	0.1	0	2143	2146	0	True	333.0	M450		2146
230.865	206.971	-8	945.116	<BeadTracker.Bead object at 0x000001A3C4F785E0>	0.1	0	2144	2147	0	True	331.0	M450		2147
230.934	206.933	-8	946.073	<BeadTracker.Bead object at 0x000001A3C4F787F0>	0.1	0	2145	2148	0	True	331.0	M450		2148
230.894	207.075	-8	957.091	<BeadTracker.Bead object at 0x000001A3C4F78A00>	0.1	0	2146	2149	0	True	330.0	M450		2149
230.964	207.07	-8	937.658	<BeadTracker.Bead object at 0x000001A3C4F78C10>	0.1	0	2147	2150	0	True	333.0	M450		2150
230.953	206.973	-8	946.056	<BeadTracker.Bead object at 0x000001A3C4F78E20>	0.1	0	2148	2151	0	True	331.0	M450		2151
231.058	206.927	-8	941.275	<BeadTracker.Bead object at 0x000001A3C4F73070>	0.1	0	2149	2152	0	True	331.0	M450		2152
230.966	206.846	-8	958.73	<BeadTracker.Bead object at 0x000001A3C4F73280>	0.1	0	2150	2153	0	True	329.0	M450		2153
230.954	206.965	-8	964.411	<BeadTracker.Bead object at 0x000001A3C4F73490>	0.1	0	2151	2154	0	True	328.0	M450		2154
230.872	206.906	-8	949.989	<BeadTracker.Bead object at 0x000001A3C4F736A0>	0.1	0	2152	2155	0	True	330.0	M450		2155
231.104	206.97	-8	951.794	<BeadTracker.Bead object at 0x000001A3C4F738B0>	0.1	0	2153	2156	0	True	330.0	M450		2156
231.021	206.888	-8	964.104	<BeadTracker.Bead object at 0x000001A3C4F73AC0>	0.1	0	2154	2157	0	True	328.0	M450		2157
231.053	206.893	-8	966.021	<BeadTracker.Bead object at 0x000001A3C4F73CD0>	0.1	0	2155	2158	0	True	329.0	M450		2158
231.036	206.942	-8	973.932	<BeadTracker.Bead object at 0x000001A3C4F75040>	0.1	0	2156	2159	0	True	328.0	M450		2159
231.017	206.943	-8	954.224	<BeadTracker.Bead object at 0x000001A3C4F75130>	0.1	0	2157	2160	0	True	329.0	M450		2160
230.898	206.791	-8	956.835	<BeadTracker.Bead object at 0x000001A3C4F75340>	0.1	0	2158	2161	0	True	329.0	M450		2161
231.05	206.696	-8	950.929	<BeadTracker.Bead object at 0x000001A3C4F75550>	0.1	0	2159	2162	0	True	329.0	M450		2162
230.963	206.718	-8	970.403	<BeadTracker.Bead object at 0x000001A3C4F75760>	0.1	0	2160	2163	0	True	328.0	M450		2163
230.99	206.893	-8	948.809	<BeadTracker.Bead object at 0x000001A3C4F75970>	0.1	0	2161	2164	0	True	330.0	M450		2164
230.858	206.677	-8	938.144	<BeadTracker.Bead object at 0x000001A3C4F75B80>	0.1	0	2162	2165	0	True	330.0	M450		2165
230.989	206.773	-8	944.455	<BeadTracker.Bead object at 0x000001A3C4F75D90>	0.1	0	2163	2166	0	True	330.0	M450		2166
230.94	206.767	-8	956.267	<BeadTracker.Bead object at 0x000001A3C4F8C190>	0.1	0	2164	2167	0	True	330.0	M450		2167
230.861	206.789	-8	948.146	<BeadTracker.Bead object at 0x000001A3C4F8C1F0>	0.1	0	2165	2168	0	True	329.0	M450		2168
230.833	206.798	-8	937.454	<BeadTracker.Bead object at 0x000001A3C4F8C400>	0.1	0	2166	2169	0	True	331.0	M450		2169
230.85	206.918	-8	911.84	<BeadTracker.Bead object at 0x000001A3C4F8C610>	0.1	0	2167	2170	0	True	333.0	M450		2170
230.864	206.747	-8	940.785	<BeadTracker.Bead object at 0x000001A3C4F8C820>	0.1	0	2168	2171	0	True	330.0	M450		2171
230.957	206.84	-8	953.739	<BeadTracker.Bead object at 0x000001A3C4F8CA30>	0.1	0	2169	2172	0	True	330.0	M450		2172
230.821	206.832	-8	923.327	<BeadTracker.Bead object at 0x000001A3C4F8CC40>	0.1	0	2170	2173	0	True	332.0	M450		2173
230.867	206.919	-8	903.034	<BeadTracker.Bead object at 0x000001A3C4F8CE50>	0.1	0	2171	2174	0	True	334.0	M450		2174
230.861	206.77	-8	929.798	<BeadTracker.Bead object at 0x000001A3C4F6E0A0>	0.1	0	2172	2175	0	True	332.0	M450		2175
231.041	206.844	-8	927.578	<BeadTracker.Bead object at 0x000001A3C4F6E2B0>	0.1	0	2173	2176	0	True	331.0	M450		2176
230.905	206.815	-8	944.748	<BeadTracker.Bead object at 0x000001A3C4F6E4C0>	0.1	0	2174	2177	0	True	330.0	M450		2177
230.864	206.88	-8	938.028	<BeadTracker.Bead object at 0x000001A3C4F6E6D0>	0.1	0	2175	2178	0	True	331.0	M450		2178
230.883	206.845	-8	915.891	<BeadTracker.Bead object at 0x000001A3C4F6E8E0>	0.1	0	2176	2179	0	True	332.0	M450		2179
231.007	206.871	-8	929.479	<BeadTracker.Bead object at 0x000001A3C4F6EAF0>	0.1	0	2177	2180	0	True	331.0	M450		2180
231.015	206.852	-8	955.58	<BeadTracker.Bead object at 0x000001A3C4F6ED00>	0.1	0	2178	2181	0	True	330.0	M450		2181
231.03	206.862	-8	939.953	<BeadTracker.Bead object at 0x000001A3C4F80040>	0.1	0	2179	2182	0	True	331.0	M450		2182
230.981	206.826	-8	926.836	<BeadTracker.Bead object at 0x000001A3C4F80160>	0.1	0	2180	2183	0	True	331.0	M450		2183
231.101	206.875	-8	927.622	<BeadTracker.Bead object at 0x000001A3C4F80370>	0.1	0	2181	2184	0	True	331.0	M450		2184
231.086	206.689	-8	950.33	<BeadTracker.Bead object at 0x000001A3C4F80580>	0.1	0	2182	2185	0	True	329.0	M450		2185
231.15	206.909	-8	963.859	<BeadTracker.Bead object at 0x000001A3C4F80790>	0.1	0	2183	2186	0	True	328.0	M450		2186
231.055	206.861	-8	955.416	<BeadTracker.Bead object at 0x000001A3C4F809A0>	0.1	0	2184	2187	0	True	329.0	M450		2187
231.065	206.829	-8	947.584	<BeadTracker.Bead object at 0x000001A3C4F80BB0>	0.1	0	2185	2188	0	True	329.0	M450		2188
231.093	206.672	-8	948.414	<BeadTracker.Bead object at 0x000001A3C4F80DC0>	0.1	0	2186	2189	0	True	330.0	M450		2189
231.185	206.685	-8	959.619	<BeadTracker.Bead object at 0x000001A3C4F80FD0>	0.1	0	2187	2190	0	True	328.0	M450		2190
231.218	206.774	-8	979.179	<BeadTracker.Bead object at 0x000001A3C4F9C220>	0.1	0	2188	2191	0	True	326.0	M450		2191
231.197	206.871	-8	958.469	<BeadTracker.Bead object at 0x000001A3C4F9C430>	0.1	0	2189	2192	0	True	327.0	M450		2192
231.122	206.78	-8	941.251	<BeadTracker.Bead object at 0x000001A3C4F9C640>	0.1	0	2190	2193	0	True	329.0	M450		2193
231.165	206.878	-8	941.704	<BeadTracker.Bead object at 0x000001A3C4F9C850>	0.1	0	2191	2194	0	True	329.0	M450		2194
231.128	206.63	-8	940.19	<BeadTracker.Bead object at 0x000001A3C4F9CA60>	0.1	0	2192	2195	0	True	328.0	M450		2195
231.302	206.686	-8	958.629	<BeadTracker.Bead object at 0x000001A3C4F9CC70>	0.1	0	2193	2196	0	True	329.0	M450		2196
231.193	206.633	-8	951.966	<BeadTracker.Bead object at 0x000001A3C4F9CBE0>	0.1	0	2194	2197	0	True	329.0	M450		2197
231.222	206.597	-8	951.456	<BeadTracker.Bead object at 0x000001A3C4F970D0>	0.1	0	2195	2198	0	True	328.0	M450		2198
231.19	206.571	-8	958.268	<BeadTracker.Bead object at 0x000001A3C4F972E0>	0.1	0	2196	2199	0	True	328.0	M450		2199
231.276	206.606	-8	961.741	<BeadTracker.Bead object at 0x000001A3C4F974F0>	0.1	0	2197	2200	0	True	328.0	M450		2200
231.35	206.59	-8	951.362	<BeadTracker.Bead object at 0x000001A3C4F97700>	0.1	0	2198	2201	0	True	329.0	M450		2201
231.394	206.456	-8	950.298	<BeadTracker.Bead object at 0x000001A3C4F97910>	0.1	0	2199	2202	0	True	332.0	M450		2202
231.423	206.276	-8	969.26	<BeadTracker.Bead object at 0x000001A3C4F97B20>	0.1	0	2200	2203	0	True	327.0	M450		2203
231.49	206.318	-8	976.875	<BeadTracker.Bead object at 0x000001A3C4F97D30>	0.1	0	2201	2204	0	True	326.0	M450		2204
231.502	206.263	-8	979.215	<BeadTracker.Bead object at 0x000001A3C4F95070>	0.1	0	2202	2205	0	True	327.0	M450		2205
231.652	206.483	-8	951.239	<BeadTracker.Bead object at 0x000001A3C4F95190>	0.1	0	2203	2206	0	True	331.0	M450		2206
231.516	206.356	-8	979.093	<BeadTracker.Bead object at 0x000001A3C4F953A0>	0.1	0	2204	2207	0	True	330.0	M450		2207
231.596	206.341	-8	961.82	<BeadTracker.Bead object at 0x000001A3C4F955B0>	0.1	0	2205	2208	0	True	330.0	M450		2208
231.573	206.096	-8	1000.455	<BeadTracker.Bead object at 0x000001A3C4F957C0>	0.1	0	2206	2209	0	True	326.0	M450		2209
231.624	206.36	-8	994.647	<BeadTracker.Bead object at 0x000001A3C4F959D0>	0.1	0	2207	2210	0	True	327.0	M450		2210
231.539	206.43	-8	969.358	<BeadTracker.Bead object at 0x000001A3C4F95BE0>	0.1	0	2208	2211	0	True	331.0	M450		2211
231.596	206.386	-8	951.28	<BeadTracker.Bead object at 0x000001A3C4F95DF0>	0.1	0	2209	2212	0	True	333.0	M450		2212
231.55	206.309	-8	982.438	<BeadTracker.Bead object at 0x000001A3C9B56040>	0.1	0	2210	2213	0	True	328.0	M450		2213
231.59	206.338	-8	1001.469	<BeadTracker.Bead object at 0x000001A3C9B56250>	0.1	0	2211	2214	0	True	327.0	M450		2214
231.662	206.376	-8	984.61	<BeadTracker.Bead object at 0x000001A3C9B56460>	0.1	0	2212	2215	0	True	326.0	M450		2215
231.721	206.477	-8	960.784	<BeadTracker.Bead object at 0x000001A3C9B56670>	0.1	0	2213	2216	0	True	331.0	M450		2216
231.721	206.498	-8	972.224	<BeadTracker.Bead object at 0x000001A3C9B56880>	0.1	0	2214	2217	0	True	329.0	M450		2217
231.72	206.452	-8	981.135	<BeadTracker.Bead object at 0x000001A3C9B56A90>	0.1	0	2215	2218	0	True	329.0	M450		2218
231.794	206.292	-8	999.108	<BeadTracker.Bead object at 0x000001A3C9B56CA0>	0.1	0	2216	2219	0	True	326.0	M450		2219
231.839	206.505	-8	983.78	<BeadTracker.Bead object at 0x000001A3C9B55040>	0.1	0	2217	2220	0	True	326.0	M450		2220
231.789	206.551	-8	969.467	<BeadTracker.Bead object at 0x000001A3C9B55100>	0.1	0	2218	2221	0	True	327.0	M450		2221
231.751	206.54	-8	980.578	<BeadTracker.Bead object at 0x000001A3C9B55310>	0.1	0	2219	2222	0	True	326.0	M450		2222
231.762	206.438	-8	1005.723	<BeadTracker.Bead object at 0x000001A3C9B55520>	0.1	0	2220	2223	0	True	327.0	M450		2223
231.927	206.462	-8	1001.955	<BeadTracker.Bead object at 0x000001A3C9B55730>	0.1	0	2221	2224	0	True	327.0	M450		2224
231.895	206.457	-8	1000.118	<BeadTracker.Bead object at 0x000001A3C9B55940>	0.1	0	2222	2225	0	True	326.0	M450		2225
231.933	206.42	-8	987.889	<BeadTracker.Bead object at 0x000001A3C9B55B50>	0.1	0	2223	2226	0	True	328.0	M450		2226
231.974	206.275	-8	1012.119	<BeadTracker.Bead object at 0x000001A3C9B55D60>	0.1	0	2224	2227	0	True	325.0	M450		2227
231.874	206.458	-8	996.41	<BeadTracker.Bead object at 0x000001A3C9B520A0>	0.1	0	2225	2228	0	True	328.0	M450		2228
231.794	206.531	-8	998.029	<BeadTracker.Bead object at 0x000001A3C9B521C0>	0.1	0	2226	2229	0	True	325.0	M450		2229
231.881	206.546	-8	963.135	<BeadTracker.Bead object at 0x000001A3C9B523D0>	0.1	0	2227	2230	0	True	327.0	M450		2230
231.822	206.404	-8	967.904	<BeadTracker.Bead object at 0x000001A3C9B525E0>	0.1	0	2228	2231	0	True	330.0	M450		2231
231.835	206.409	-8	982.484	<BeadTracker.Bead object at 0x000001A3C9B527F0>	0.1	0	2229	2232	0	True	329.0	M450		2232
231.779	206.179	-8	985.622	<BeadTracker.Bead object at 0x000001A3C9B52A00>	0.1	0	2230	2233	0	True	327.0	M450		2233
231.888	206.338	-8	998.308	<BeadTracker.Bead object at 0x000001A3C9B52C10>	0.1	0	2231	2234	0	True	328.0	M450		2234
231.823	206.412	-8	975.6	<BeadTracker.Bead object at 0x000001A3C9B52E20>	0.1	0	2232	2235	0	True	329.0	M450		2235
231.81	206.324	-8	982.731	<BeadTracker.Bead object at 0x000001A3C9B74070>	0.1	0	2233	2236	0	True	329.0	M450		2236
231.734	206.305	-8	976.186	<BeadTracker.Bead object at 0x000001A3C9B74280>	0.1	0	2234	2237	0	True	329.0	M450		2237
231.643	206.416	-8	970.455	<BeadTracker.Bead object at 0x000001A3C9B74490>	0.1	0	2235	2238	0	True	331.0	M450		2238
231.58	206.35	-8	964.812	<BeadTracker.Bead object at 0x000001A3C9B746A0>	0.1	0	2236	2239	0	True	330.0	M450		2239
231.697	206.43	-8	963.197	<BeadTracker.Bead object at 0x000001A3C9B748B0>	0.1	0	2237	2240	0	True	331.0	M450		2240
231.502	206.311	-8	967.332	<BeadTracker.Bead object at 0x000001A3C9B74AC0>	0.1	0	2238	2241	0	True	330.0	M450		2241
231.469	206.347	-8	973.863	<BeadTracker.Bead object at 0x000001A3C9B74CD0>	0.1	0	2239	2242	0	True	328.0	M450		2242
231.407	206.325	-8	967.863	<BeadTracker.Bead object at 0x000001A3C9B61040>	0.1	0	2240	2243	0	True	330.0	M450		2243
231.682	206.579	-8	945.823	<BeadTracker.Bead object at 0x000001A3C9B61130>	0.1	0	2241	2244	0	True	329.0	M450		2244
231.623	206.583	-8	952.783	<BeadTracker.Bead object at 0x000001A3C9B61340>	0.1	0	2242	2245	0	True	329.0	M450		2245
231.624	206.451	-8	967.491	<BeadTracker.Bead object at 0x000001A3C9B61550>	0.1	0	2243	2246	0	True	331.0	M450		2246
231.621	206.566	-8	964.293	<BeadTracker.Bead object at 0x000001A3C9B61760>	0.1	0	2244	2247	0	True	327.0	M450		2247
231.716	206.634	-8	953.116	<BeadTracker.Bead object at 0x000001A3C9B61970>	0.1	0	2245	2248	0	True	329.0	M450		2248
231.766	206.676	-8	947.785	<BeadTracker.Bead object at 0x000001A3C9B61B80>	0.1	0	2246	2249	0	True	329.0	M450		2249
231.933	206.758	-8	956.804	<BeadTracker.Bead object at 0x000001A3C9B61D90>	0.1	0	2247	2250	0	True	329.0	M450		2250
231.862	206.641	-8	946.935	<BeadTracker.Bead object at 0x000001A3C9B8F190>	0.1	0	2248	2251	0	True	329.0	M450		2251
231.94	206.754	-8	964.588	<BeadTracker.Bead object at 0x000001A3C9B8F1F0>	0.1	0	2249	2252	0	True	329.0	M450		2252
231.997	206.381	-8	972.644	<BeadTracker.Bead object at 0x000001A3C9B8F400>	0.1	0	2250	2253	0	True	330.0	M450		2253
232.149	206.572	-8	963.445	<BeadTracker.Bead object at 0x000001A3C9B8F610>	0.1	0	2251	2254	0	True	327.0	M450		2254
232.235	206.613	-8	977.824	<BeadTracker.Bead object at 0x000001A3C9B8F820>	0.1	0	2252	2255	0	True	326.0	M450		2255
232.236	206.458	-8	984.24	<BeadTracker.Bead object at 0x000001A3C9B8FA30>	0.1	0	2253	2256	0	True	327.0	M450		2256
232.269	206.522	-8	986.532	<BeadTracker.Bead object at 0x000001A3C9B8FC40>	0.1	0	2254	2257	0	True	311.0	M450		2257
232.378	206.426	-8	965.078	<BeadTracker.Bead object at 0x000001A3C9B8FE50>	0.1	0	2255	2258	0	True	329.0	M450		2258
232.419	206.416	-8	1009.662	<BeadTracker.Bead object at 0x000001A3C9B590A0>	0.1	0	2256	2259	0	True	325.0	M450		2259
232.454	206.409	-8	987.736	<BeadTracker.Bead object at 0x000001A3C9B592B0>	0.1	0	2257	2260	0	True	327.0	M450		2260
232.356	206.564	-8	996.218	<BeadTracker.Bead object at 0x000001A3C9B594C0>	0.1	0	2258	2261	0	True	311.0	M450		2261
232.246	206.558	-8	983.196	<BeadTracker.Bead object at 0x000001A3C9B596D0>	0.1	0	2259	2262	0	True	326.0	M450		2262
232.248	206.423	-8	979.131	<BeadTracker.Bead object at 0x000001A3C9B598E0>	0.1	0	2260	2263	0	True	329.0	M450		2263
232.297	206.539	-8	969.769	<BeadTracker.Bead object at 0x000001A3C9B59AF0>	0.1	0	2261	2264	0	True	326.0	M450		2264
232.357	206.631	-8	977.869	<BeadTracker.Bead object at 0x000001A3C9B59D00>	0.1	0	2262	2265	0	True	326.0	M450		2265
232.26	206.506	-8	975.015	<BeadTracker.Bead object at 0x000001A3C9B5D040>	0.1	0	2263	2266	0	True	326.0	M450		2266
232.202	206.453	-8	979.039	<BeadTracker.Bead object at 0x000001A3C9B5D160>	0.1	0	2264	2267	0	True	329.0	M450		2267
232.194	206.472	8	948.921	<BeadTracker.Bead object at 0x000001A3C9B5D370>	0.0	0	2265	2268	0	True	333.0	M450		2268
232.247	206.561	8	977.371	<BeadTracker.Bead object at 0x000001A3C9B5D580>	0.0	0	2266	2269	0	True	326.0	M450		2269
232.314	206.636	8	935.66	<BeadTracker.Bead object at 0x000001A3C9B5D790>	0.0	0	2267	2270	0	True	329.0	M450		2270
232.212	206.586	8	961.221	<BeadTracker.Bead object at 0x000001A3C9B5D9A0>	0.0	0	2268	2271	0	True	328.0	M450		2271
232.264	206.552	8	953.693	<BeadTracker.Bead object at 0x000001A3C9B5DBB0>	0.0	0	2269	2272	0	True	329.0	M450		2272
232.258	206.453	8	939.699	<BeadTracker.Bead object at 0x000001A3C9B5DDC0>	0.0	0	2270	2273	0	True	332.0	M450		2273
232.416	206.546	8	951.393	<BeadTracker.Bead object at 0x000001A3C9B5DFD0>	0.0	0	2271	2274	0	True	329.0	M450		2274
232.372	206.486	8	952.297	<BeadTracker.Bead object at 0x000001A3C9B81220>	0.0	0	2272	2275	0	True	331.0	M450		2275
232.369	206.5	8	941.53	<BeadTracker.Bead object at 0x000001A3C9B81430>	0.0	0	2273	2276	0	True	333.0	M450		2276
232.472	206.33	8	944.196	<BeadTracker.Bead object at 0x000001A3C9B81640>	0.0	0	2274	2277	0	True	331.0	M450		2277
232.482	206.409	8	939.068	<BeadTracker.Bead object at 0x000001A3C9B81850>	0.0	0	2275	2278	0	True	332.0	M450		2278
232.511	206.534	8	961.203	<BeadTracker.Bead object at 0x000001A3C9B81A60>	0.0	0	2276	2279	0	True	329.0	M450		2279
232.487	206.514	8	944.965	<BeadTracker.Bead object at 0x000001A3C9B81C70>	0.0	0	2277	2280	0	True	330.0	M450		2280
232.47	206.571	8	949.236	<BeadTracker.Bead object at 0x000001A3C9B81BE0>	0.0	0	2278	2281	0	True	330.0	M450		2281
232.472	206.591	8	928.701	<BeadTracker.Bead object at 0x000001A3C9B7B0D0>	0.0	0	2279	2282	0	True	330.0	M450		2282
232.401	206.413	8	954.725	<BeadTracker.Bead object at 0x000001A3C9B7B2E0>	0.0	0	2280	2283	0	True	332.0	M450		2283
232.623	206.606	8	965.102	<BeadTracker.Bead object at 0x000001A3C9B7B4F0>	0.0	0	2281	2284	0	True	328.0	M450		2284
232.505	206.629	8	949.439	<BeadTracker.Bead object at 0x000001A3C9B7B700>	0.0	0	2282	2285	0	True	329.0	M450		2285
232.386	206.828	8	941.778	<BeadTracker.Bead object at 0x000001A3C9B7B910>	0.0	0	2283	2286	0	True	329.0	M450		2286
232.528	206.512	8	952.718	<BeadTracker.Bead object at 0x000001A3C9B7BB20>	0.0	0	2284	2287	0	True	330.0	M450		2287
232.519	206.725	8	959.562	<BeadTracker.Bead object at 0x000001A3C9B7BD30>	0.0	0	2285	2288	0	True	330.0	M450		2288
232.479	206.978	8	949.71	<BeadTracker.Bead object at 0x000001A3C9B7C070>	0.0	0	2286	2289	0	True	329.0	M450		2289
232.387	206.871	8	934.043	<BeadTracker.Bead object at 0x000001A3C9B7C190>	0.0	0	2287	2290	0	True	330.0	M450		2290
232.331	206.802	8	953.386	<BeadTracker.Bead object at 0x000001A3C9B7C3A0>	0.0	0	2288	2291	0	True	329.0	M450		2291
232.343	206.714	8	940.473	<BeadTracker.Bead object at 0x000001A3C9B7C5B0>	0.0	0	2289	2292	0	True	330.0	M450		2292
232.298	206.625	8	961.625	<BeadTracker.Bead object at 0x000001A3C9B7C7C0>	0.0	0	2290	2293	0	True	328.0	M450		2293
232.42	206.801	8	951.236	<BeadTracker.Bead object at 0x000001A3C9B7C9D0>	0.0	0	2291	2294	0	True	330.0	M450		2294
232.278	206.852	8	921.91	<BeadTracker.Bead object at 0x000001A3C9B7CBE0>	0.0	0	2292	2295	0	True	332.0	M450		2295
232.272	206.632	8	942.812	<BeadTracker.Bead object at 0x000001A3C9B7CDF0>	0.0	0	2293	2296	0	True	330.0	M450		2296
232.223	206.44	8	936.099	<BeadTracker.Bead object at 0x000001A3C9B71040>	0.0	0	2294	2297	0	True	335.0	M450		2297
232.232	206.415	8	949.679	<BeadTracker.Bead object at 0x000001A3C9B71250>	0.0	0	2295	2298	0	True	333.0	M450		2298
232.257	206.821	8	972.816	<BeadTracker.Bead object at 0x000001A3C9B71460>	0.0	0	2296	2299	0	True	329.0	M450		2299
232.234	206.772	8	933.632	<BeadTracker.Bead object at 0x000001A3C9B71670>	0.0	0	2297	2300	0	True	330.0	M450		2300
232.203	206.539	8	936.331	<BeadTracker.Bead object at 0x000001A3C9B71880>	0.0	0	2298	2301	0	True	330.0	M450		2301
232.051	206.385	8	943.627	<BeadTracker.Bead object at 0x000001A3C9B71A90>	0.0	0	2299	2302	0	True	334.0	M450		2302
232.055	206.404	8	950.008	<BeadTracker.Bead object at 0x000001A3C9B71CA0>	0.0	0	2300	2303	0	True	334.0	M450		2303
232.067	206.706	8	938.264	<BeadTracker.Bead object at 0x000001A3DCEB8040>	0.0	0	2301	2304	0	True	331.0	M450		2304
231.998	206.615	8	934.441	<BeadTracker.Bead object at 0x000001A3DCEB8100>	0.0	0	2302	2305	0	True	331.0	M450		2305
231.805	206.613	8	924.606	<BeadTracker.Bead object at 0x000001A3DCEB8310>	0.0	0	2303	2306	0	True	331.0	M450		2306
231.73	206.48	8	938.034	<BeadTracker.Bead object at 0x000001A3DCEB8520>	0.0	0	2304	2307	0	True	344.0	M450		2307
231.835	206.778	8	919.305	<BeadTracker.Bead object at 0x000001A3DCEB8730>	0.0	0	2305	2308	0	True	333.0	M450		2308
231.802	206.765	8	909.014	<BeadTracker.Bead object at 0x000001A3DCEB8940>	0.0	0	2306	2309	0	True	333.0	M450		2309
231.802	206.749	8	918.277	<BeadTracker.Bead object at 0x000001A3DCEB8B50>	0.0	0	2307	2310	0	True	333.0	M450		2310
231.813	206.632	8	924.781	<BeadTracker.Bead object at 0x000001A3DCEB8D60>	0.0	0	2308	2311	0	True	331.0	M450		2311
231.807	206.799	8	922.334	<BeadTracker.Bead object at 0x000001A3DCED20A0>	0.0	0	2309	2312	0	True	333.0	M450		2312
231.751	206.85	8	907.891	<BeadTracker.Bead object at 0x000001A3DCED21C0>	0.0	0	2310	2313	0	True	348.0	M450		2313
231.744	206.778	8	879.212	<BeadTracker.Bead object at 0x000001A3DCED23D0>	0.0	0	2311	2314	0	True	350.0	M450		2314
231.587	206.807	8	910.669	<BeadTracker.Bead object at 0x000001A3DCED25E0>	0.0	0	2312	2315	0	True	347.0	M450		2315
231.569	206.683	8	903.79	<BeadTracker.Bead object at 0x000001A3DCED27F0>	0.0	0	2313	2316	0	True	347.0	M450		2316
231.59	206.558	8	918.86	<BeadTracker.Bead object at 0x000001A3DCED2A00>	0.0	0	2314	2317	0	True	331.0	M450		2317
231.603	206.608	8	895.071	<BeadTracker.Bead object at 0x000001A3DCED2C10>	0.0	0	2315	2318	0	True	333.0	M450		2318
231.568	206.789	8	890.161	<BeadTracker.Bead object at 0x000001A3DCED2E20>	0.0	0	2316	2319	0	True	350.0	M450		2319
231.548	206.628	8	880.256	<BeadTracker.Bead object at 0x000001A3DCEBA070>	0.0	0	2317	2320	0	True	349.0	M450		2320
231.517	206.51	8	886.779	<BeadTracker.Bead object at 0x000001A3DCEBA280>	0.0	0	2318	2321	0	True	333.0	M450		2321
231.432	206.439	8	879.307	<BeadTracker.Bead object at 0x000001A3DCEBA490>	0.0	0	2319	2322	0	True	364.0	M450		2322
231.444	206.458	8	893.477	<BeadTracker.Bead object at 0x000001A3DCEBA6A0>	0.0	0	2320	2323	0	True	351.0	M450		2323
231.46	206.374	8	865.247	<BeadTracker.Bead object at 0x000001A3DCEBA8B0>	0.0	0	2321	2324	0	True	367.0	M450		2324
231.364	206.272	8	866.027	<BeadTracker.Bead object at 0x000001A3DCEBAAC0>	0.0	0	2322	2325	0	True	364.0	M450		2325
231.236	206.376	8	870.221	<BeadTracker.Bead object at 0x000001A3DCEBACD0>	0.0	0	2323	2326	0	True	363.0	M450		2326
231.068	206.248	8	858.503	<BeadTracker.Bead object at 0x000001A3DCEBB040>	0.0	0	2324	2327	0	True	366.0	M450		2327
230.908	206.273	8	819.194	<BeadTracker.Bead object at 0x000001A3DCEBB130>	0.0	0	2325	2328	0	True	372.0	M450		2328
230.86	206.043	8	804.48	<BeadTracker.Bead object at 0x000001A3DCEBB340>	0.0	0	2326	2329	0	True	374.0	M450		2329
230.768	205.988	8	789.612	<BeadTracker.Bead object at 0x000001A3DCEBB550>	0.0	0	2327	2330	0	True	375.0	M450		2330
230.583	205.674	8	779.427	<BeadTracker.Bead object at 0x000001A3DCEBB760>	0.0	0	2328	2331	0	True	373.0	M450		2331
230.419	205.741	8	744.477	<BeadTracker.Bead object at 0x000001A3DCEBB970>	0.0	0	2329	2332	0	True	399.0	M450		2332
230.323	205.532	8	723.99	<BeadTracker.Bead object at 0x000001A3DCEBBB80>	0.0	0	2330	2333	0	True	410.0	M450		2333
230.518	205.668	8	699.747	<BeadTracker.Bead object at 0x000001A3DCEBBD90>	0.0	0	2331	2334	0	True	412.0	M450		2334
230.043	205.792	8	719.699	<BeadTracker.Bead object at 0x000001A3DCEC6190>	0.0	0	2332	2335	0	True	422.0	M450		2335
230.125	206.093	8	725.09	<BeadTracker.Bead object at 0x000001A3DCEC61F0>	0.0	0	2333	2336	0	True	422.0	M450		2336
230.028	206.239	8	739.068	<BeadTracker.Bead object at 0x000001A3DCEC6400>	0.0	0	2334	2337	0	True	409.0	M450		2337
230.109	206.228	8	739.537	<BeadTracker.Bead object at 0x000001A3DCEC6610>	0.0	0	2335	2338	0	True	405.0	M450		2338
230.052	206.276	8	770.069	<BeadTracker.Bead object at 0x000001A3DCEC6820>	0.0	0	2336	2339	0	True	400.0	M450		2339
230.046	206.398	8	748.514	<BeadTracker.Bead object at 0x000001A3DCEC6A30>	0.0	0	2337	2340	0	True	401.0	M450		2340
230.101	206.443	8	781.55	<BeadTracker.Bead object at 0x000001A3DCEC6C40>	0.0	0	2338	2341	0	True	400.0	M450		2341
230.143	206.569	8	789.267	<BeadTracker.Bead object at 0x000001A3DCEC6E50>	0.0	0	2339	2342	0	True	389.0	M450		2342
230.239	206.51	8	786.521	<BeadTracker.Bead object at 0x000001A3DCEE50A0>	0.0	0	2340	2343	0	True	371.0	M450		2343
230.199	206.502	8	820.261	<BeadTracker.Bead object at 0x000001A3DCEE52B0>	0.0	0	2341	2344	0	True	367.0	M450		2344
230.264	206.556	8	821.173	<BeadTracker.Bead object at 0x000001A3DCEE54C0>	0.0	0	2342	2345	0	True	367.0	M450		2345
230.199	206.687	8	820.451	<BeadTracker.Bead object at 0x000001A3DCEE56D0>	0.0	0	2343	2346	0	True	369.0	M450		2346
230.295	206.675	8	826.282	<BeadTracker.Bead object at 0x000001A3DCEE58E0>	0.0	0	2344	2347	0	True	367.0	M450		2347
230.345	206.692	8	840.504	<BeadTracker.Bead object at 0x000001A3DCEE5AF0>	0.0	0	2345	2348	0	True	364.0	M450		2348
230.421	206.645	8	868.447	<BeadTracker.Bead object at 0x000001A3DCEE5D00>	0.0	0	2346	2349	0	True	354.0	M450		2349
230.378	206.846	8	870.474	<BeadTracker.Bead object at 0x000001A3DCED0040>	0.0	0	2347	2350	0	True	352.0	M450		2350
230.383	206.706	8	878.236	<BeadTracker.Bead object at 0x000001A3DCED0160>	0.0	0	2348	2351	0	True	353.0	M450		2351
230.508	206.823	8	875.614	<BeadTracker.Bead object at 0x000001A3DCED0370>	0.0	0	2349	2352	0	True	352.0	M450		2352
230.527	206.774	8	914.422	<BeadTracker.Bead object at 0x000001A3DCED0580>	0.0	0	2350	2353	0	True	349.0	M450		2353
230.553	206.684	8	907.324	<BeadTracker.Bead object at 0x000001A3DCED0790>	0.0	0	2351	2354	0	True	333.0	M450		2354
230.576	206.696	8	922.453	<BeadTracker.Bead object at 0x000001A3DCED09A0>	0.0	0	2352	2355	0	True	331.0	M450		2355
230.541	206.947	8	913.61	<BeadTracker.Bead object at 0x000001A3DCED0BB0>	0.0	0	2353	2356	0	True	347.0	M450		2356
230.641	206.8	8	907.145	<BeadTracker.Bead object at 0x000001A3DCED0DC0>	0.0	0	2354	2357	0	True	333.0	M450		2357
230.702	206.777	8	918.962	<BeadTracker.Bead object at 0x000001A3DCED0FD0>	0.0	0	2355	2358	0	True	332.0	M450		2358
230.759	206.699	8	932.34	<BeadTracker.Bead object at 0x000001A3DCEC0220>	0.0	0	2356	2359	0	True	332.0	M450		2359
230.765	206.818	8	939.651	<BeadTracker.Bead object at 0x000001A3DCEC0430>	0.0	0	2357	2360	0	True	331.0	M450		2360
230.744	206.628	8	942.572	<BeadTracker.Bead object at 0x000001A3DCEC0640>	0.0	0	2358	2361	0	True	330.0	M450		2361
230.785	206.725	8	928.505	<BeadTracker.Bead object at 0x000001A3DCEC0850>	0.0	0	2359	2362	0	True	331.0	M450		2362
230.737	206.661	8	935.988	<BeadTracker.Bead object at 0x000001A3DCEC0A60>	0.0	0	2360	2363	0	True	330.0	M450		2363
230.665	206.708	8	924.1	<BeadTracker.Bead object at 0x000001A3DCEC0C70>	0.0	0	2361	2364	0	True	331.0	M450		2364
230.682	206.656	8	925.288	<BeadTracker.Bead object at 0x000001A3DCEC0BE0>	0.0	0	2362	2365	0	True	332.0	M450		2365
230.715	206.559	8	920.736	<BeadTracker.Bead object at 0x000001A3DCEC90D0>	0.0	0	2363	2366	0	True	331.0	M450		2366
230.724	206.62	8	941.96	<BeadTracker.Bead object at 0x000001A3DCEC92E0>	0.0	0	2364	2367	0	True	330.0	M450		2367
230.715	206.683	8	931.498	<BeadTracker.Bead object at 0x000001A3DCEC94F0>	0.0	0	2365	2368	0	True	331.0	M450		2368
230.67	206.738	8	928.57	<BeadTracker.Bead object at 0x000001A3DCEC9700>	0.0	0	2366	2369	0	True	331.0	M450		2369
230.726	206.788	8	924.359	<BeadTracker.Bead object at 0x000001A3DCEC9910>	0.0	0	2367	2370	0	True	332.0	M450		2370
230.7	206.582	8	911.74	<BeadTracker.Bead object at 0x000001A3DCEC9B20>	0.0	0	2368	2371	0	True	332.0	M450		2371
230.75	206.691	8	925.044	<BeadTracker.Bead object at 0x000001A3DCEC9D30>	0.0	0	2369	2372	0	True	331.0	M450		2372
230.839	206.705	8	913.181	<BeadTracker.Bead object at 0x000001A3DCEBE070>	0.0	0	2370	2373	0	True	332.0	M450		2373
230.743	206.773	8	912.227	<BeadTracker.Bead object at 0x000001A3DCEBE190>	0.0	0	2371	2374	0	True	333.0	M450		2374
230.842	206.484	8	905.337	<BeadTracker.Bead object at 0x000001A3DCEBE3A0>	0.0	0	2372	2375	0	True	349.0	M450		2375
230.928	206.496	8	913.917	<BeadTracker.Bead object at 0x000001A3DCEBE5B0>	0.0	0	2373	2376	0	True	347.0	M450		2376
231.084	206.571	8	930.677	<BeadTracker.Bead object at 0x000001A3DCEBE7C0>	0.0	0	2374	2377	0	True	331.0	M450		2377
231.054	206.677	8	918.755	<BeadTracker.Bead object at 0x000001A3DCEBE9D0>	0.0	0	2375	2378	0	True	331.0	M450		2378
231.121	206.522	8	938.484	<BeadTracker.Bead object at 0x000001A3DCEBEBE0>	0.0	0	2376	2379	0	True	331.0	M450		2379
231.099	206.661	8	914.974	<BeadTracker.Bead object at 0x000001A3DCEBEDF0>	0.0	0	2377	2380	0	True	332.0	M450		2380
231.182	206.39	8	945.44	<BeadTracker.Bead object at 0x000001A3DCEB6040>	0.0	0	2378	2381	0	True	336.0	M450		2381
231.143	206.544	8	948.127	<BeadTracker.Bead object at 0x000001A3DCEB6250>	0.0	0	2379	2382	0	True	330.0	M450		2382
231.148	206.638	8	967.732	<BeadTracker.Bead object at 0x000001A3DCEB6460>	0.0	0	2380	2383	0	True	329.0	M450		2383
231.138	206.733	8	932.884	<BeadTracker.Bead object at 0x000001A3DCEB6670>	0.0	0	2381	2384	0	True	332.0	M450		2384
231.18	206.452	8	944.988	<BeadTracker.Bead object at 0x000001A3DCEB6880>	0.0	0	2382	2385	0	True	342.0	M450		2385
231.156	206.67	8	943.236	<BeadTracker.Bead object at 0x000001A3DCEB6A90>	0.0	0	2383	2386	0	True	331.0	M450		2386
231.227	206.72	8	946.186	<BeadTracker.Bead object at 0x000001A3DCEB6CA0>	0.0	0	2384	2387	0	True	330.0	M450		2387
231.11	206.878	8	926.785	<BeadTracker.Bead object at 0x000001A3DCEBC040>	0.0	0	2385	2388	0	True	332.0	M450		2388
231.165	206.674	8	927.905	<BeadTracker.Bead object at 0x000001A3DCEBC100>	0.0	0	2386	2389	0	True	331.0	M450		2389
231.09	206.654	8	934.19	<BeadTracker.Bead object at 0x000001A3DCEBC310>	0.0	0	2387	2390	0	True	331.0	M450		2390
231.202	206.651	8	947.185	<BeadTracker.Bead object at 0x000001A3DCEBC520>	0.0	0	2388	2391	0	True	329.0	M450		2391
231.159	206.818	8	937.075	<BeadTracker.Bead object at 0x000001A3DCEBC730>	0.0	0	2389	2392	0	True	331.0	M450		2392
231.233	206.823	8	921.626	<BeadTracker.Bead object at 0x000001A3DCEBC940>	0.0	0	2390	2393	0	True	331.0	M450		2393
231.189	206.771	8	924.305	<BeadTracker.Bead object at 0x000001A3DCEBCB50>	0.0	0	2391	2394	0	True	331.0	M450		2394
231.194	206.62	8	951.777	<BeadTracker.Bead object at 0x000001A3DCEBCD60>	0.0	0	2392	2395	0	True	329.0	M450		2395
231.175	206.689	8	942.935	<BeadTracker.Bead object at 0x000001A3DCED6A90>	0.0	0	2393	2396	0	True	330.0	M450		2396
231.246	206.679	8	938.705	<BeadTracker.Bead object at 0x000001A3DCED68E0>	0.0	0	2394	2397	0	True	330.0	M450		2397
231.123	206.717	8	927.334	<BeadTracker.Bead object at 0x000001A3DCED60A0>	0.0	0	2395	2398	0	True	331.0	M450		2398
231.214	206.464	8	938.077	<BeadTracker.Bead object at 0x000001A3DCED62E0>	0.0	0	2396	2399	0	True	344.0	M450		2399
231.129	206.359	8	948.202	<BeadTracker.Bead object at 0x000001A3DCED6430>	0.0	0	2397	2400	0	True	333.0	M450		2400
230.984	206.472	0	1897.388	<BeadTracker.Bead object at 0x000001A3DCED6C70>	1.0	91	2398	2401	0	True	342.0	M450		2401
231.445	206.21	0	980.212	<BeadTracker.Bead object at 0x000001A3DCED6AF0>	2.0	91	2399	2402	0	False	342.0	M450		2402
231.158	206.519	0	473.128	<BeadTracker.Bead object at 0x000001A3DCED6490>	3.0	91	2400	2403	0	False	342.0	M450		2403
231.148	206.587	0	1916.851	<BeadTracker.Bead object at 0x000001A3C9DCD070>	1.0	92	2401	2404	0	True	326.0	M450		2404
231.589	206.307	0	990.574	<BeadTracker.Bead object at 0x000001A3C9DCD280>	2.0	92	2402	2405	0	False	326.0	M450		2405
231.323	206.799	0	483.912	<BeadTracker.Bead object at 0x000001A3C9DCD490>	3.0	92	2403	2406	0	False	326.0	M450		2406
231.428	206.65	0	1910.018	<BeadTracker.Bead object at 0x000001A3C9DCD6A0>	1.0	93	2404	2407	0	True	327.0	M450		2407
231.752	206.296	0	1020.89	<BeadTracker.Bead object at 0x000001A3C9DCD8B0>	2.0	93	2405	2408	0	False	327.0	M450		2408
231.287	206.989	0	471.034	<BeadTracker.Bead object at 0x000001A3C9DCDAC0>	3.0	93	2406	2409	0	False	327.0	M450		2409
231.388	207.273	0	1898.943	<BeadTracker.Bead object at 0x000001A3C9DCDCD0>	1.0	94	2407	2410	0	True	336.0	M450		2410
231.601	206.496	0	968.012	<BeadTracker.Bead object at 0x000001A3C9DAE040>	2.0	94	2408	2411	0	False	336.0	M450		2411
231.294	207.111	0	465.092	<BeadTracker.Bead object at 0x000001A3C9DAE130>	3.0	94	2409	2412	0	False	336.0	M450		2412
230.976	206.861	0	1933.076	<BeadTracker.Bead object at 0x000001A3C9DAE340>	1.0	95	2410	2413	0	True	326.0	M450		2413
231.22	206.395	0	976.382	<BeadTracker.Bead object at 0x000001A3C9DAE550>	2.0	95	2411	2414	0	False	326.0	M450		2414
231.098	206.981	0	471.262	<BeadTracker.Bead object at 0x000001A3C9DAE760>	3.0	95	2412	2415	0	False	326.0	M450		2415
230.852	206.772	0	1903.959	<BeadTracker.Bead object at 0x000001A3C9DAE970>	1.0	96	2413	2416	0	True	334.0	M450		2416
230.843	206.367	0	918.548	<BeadTracker.Bead object at 0x000001A3C9DAEB80>	2.0	96	2414	2417	0	False	334.0	M450		2417
230.693	206.771	0	461.651	<BeadTracker.Bead object at 0x000001A3C9DAED90>	3.0	96	2415	2418	0	False	334.0	M450		2418
230.56	207.327	0	1870.683	<BeadTracker.Bead object at 0x000001A3C9DBF190>	1.0	97	2416	2420	0	True	359.0	M450		2420
230.585	206.777	0	949.668	<BeadTracker.Bead object at 0x000001A3C9DBF1F0>	2.0	97	2417	2421	0	False	359.0	M450		2421
230.455	207.479	0	474.689	<BeadTracker.Bead object at 0x000001A3C9DBF400>	3.0	97	2418	2422	0	False	359.0	M450		2422
230.754	207.328	0	1846.852	<BeadTracker.Bead object at 0x000001A3C9DBF610>	1.0	98	2419	2423	0	True	366.0	M450		2423
230.787	206.861	0	899.306	<BeadTracker.Bead object at 0x000001A3C9DBF820>	2.0	98	2420	2424	0	False	366.0	M450		2424
230.652	207.502	0	489.49	<BeadTracker.Bead object at 0x000001A3C9DBFA30>	3.0	98	2421	2425	0	False	366.0	M450		2425
230.785	207.154	0	1826.527	<BeadTracker.Bead object at 0x000001A3C9DBFC40>	1.0	99	2422	2426	0	True	368.0	M450		2426
230.853	207.022	0	899.312	<BeadTracker.Bead object at 0x000001A3C9DBFE50>	2.0	99	2423	2427	0	False	368.0	M450		2427
230.642	207.488	0	465.379	<BeadTracker.Bead object at 0x000001A3C9DB80A0>	3.0	99	2424	2428	0	False	368.0	M450		2428
230.304	206.89	0	1820.984	<BeadTracker.Bead object at 0x000001A3C9DB82B0>	1.0	100	2425	2429	0	True	335.0	M450		2429
230.517	206.684	0	908.81	<BeadTracker.Bead object at 0x000001A3C9DB84C0>	2.0	100	2426	2430	0	False	335.0	M450		2430
230.253	207.068	0	442.829	<BeadTracker.Bead object at 0x000001A3C9DB86D0>	3.0	100	2427	2431	0	False	335.0	M450		2431
230.178	206.981	0	1852.398	<BeadTracker.Bead object at 0x000001A3C9DB88E0>	1.0	101	2428	2432	0	True	335.0	M450		2432
230.433	206.78	0	933.996	<BeadTracker.Bead object at 0x000001A3C9DB8AF0>	2.0	101	2429	2433	0	False	335.0	M450		2433
230.133	207.147	0	444.199	<BeadTracker.Bead object at 0x000001A3C9DB8D00>	3.0	101	2430	2434	0	False	335.0	M450		2434
230.024	207.203	0	1867.972	<BeadTracker.Bead object at 0x000001A3C9DC8040>	1.0	102	2431	2435	0	True	338.0	M450		2435
230.17	206.98	0	968.464	<BeadTracker.Bead object at 0x000001A3C9DC8160>	2.0	102	2432	2436	0	False	338.0	M450		2436
230.007	207.458	0	461.949	<BeadTracker.Bead object at 0x000001A3C9DC8370>	3.0	102	2433	2437	0	False	338.0	M450		2437
229.6	207.702	-9	634.624	<BeadTracker.Bead object at 0x000001A3C9DC8580>	0.1	0	2434	2438	0	True	378.0	M450		2438
229.608	207.557	-9	768.149	<BeadTracker.Bead object at 0x000001A3C9DC8790>	0.1	0	2435	2439	0	True	372.0	M450		2439
229.925	207.383	-9	881.437	<BeadTracker.Bead object at 0x000001A3C9DC89A0>	0.1	0	2436	2440	0	True	346.0	M450		2440
230.069	207.209	-9	956.305	<BeadTracker.Bead object at 0x000001A3C9DC8BB0>	0.1	0	2437	2441	0	True	329.0	M450		2441
230.104	207.098	-9	947.896	<BeadTracker.Bead object at 0x000001A3C9DC8DC0>	0.1	0	2438	2442	0	True	329.0	M450		2442
229.867	207.115	-9	924.666	<BeadTracker.Bead object at 0x000001A3C9DC8FD0>	0.1	0	2439	2443	0	True	331.0	M450		2443
229.962	207.288	-9	905.572	<BeadTracker.Bead object at 0x000001A3C9D95220>	0.1	0	2440	2444	0	True	333.0	M450		2444
229.913	207.239	-9	887.984	<BeadTracker.Bead object at 0x000001A3C9D95430>	0.1	0	2441	2445	0	True	346.0	M450		2445
229.958	207.276	-9	896.6	<BeadTracker.Bead object at 0x000001A3C9D95640>	0.1	0	2442	2446	0	True	334.0	M450		2446
229.84	207.281	-9	864.151	<BeadTracker.Bead object at 0x000001A3C9D95850>	0.1	0	2443	2447	0	True	349.0	M450		2447
229.853	207.28	-9	836.326	<BeadTracker.Bead object at 0x000001A3C9D95A60>	0.1	0	2444	2448	0	True	352.0	M450		2448
229.721	207.326	-9	851.687	<BeadTracker.Bead object at 0x000001A3C9D95C70>	0.1	0	2445	2449	0	True	350.0	M450		2449
229.814	207.333	-9	860.969	<BeadTracker.Bead object at 0x000001A3C9D95BE0>	0.1	0	2446	2450	0	True	349.0	M450		2450
229.795	207.407	-9	866.677	<BeadTracker.Bead object at 0x000001A3C9D9D0D0>	0.1	0	2447	2451	0	True	348.0	M450		2451
229.96	207.358	-9	860.569	<BeadTracker.Bead object at 0x000001A3C9D9D2E0>	0.1	0	2448	2452	0	True	349.0	M450		2452
229.909	207.183	-9	838.882	<BeadTracker.Bead object at 0x000001A3C9D9D4F0>	0.1	0	2449	2453	0	True	350.0	M450		2453
230.038	207.107	-9	875.897	<BeadTracker.Bead object at 0x000001A3C9D9D700>	0.1	0	2450	2454	0	True	346.0	M450		2454
229.921	207.28	-9	861.266	<BeadTracker.Bead object at 0x000001A3C9D9D910>	0.1	0	2451	2455	0	True	346.0	M450		2455
230.002	207.294	-9	874.745	<BeadTracker.Bead object at 0x000001A3C9D9DB20>	0.1	0	2452	2456	0	True	347.0	M450		2456
229.876	207.449	-9	866.665	<BeadTracker.Bead object at 0x000001A3C9D9DD30>	0.1	0	2453	2457	0	True	347.0	M450		2457
229.994	207.438	-9	877.739	<BeadTracker.Bead object at 0x000001A3C9DA3AF0>	0.1	0	2454	2458	0	True	347.0	M450		2458
229.931	207.426	-9	893.232	<BeadTracker.Bead object at 0x000001A3C9DA30D0>	0.1	0	2455	2459	0	True	343.0	M450		2459
229.947	207.502	-9	894.019	<BeadTracker.Bead object at 0x000001A3C9DA3400>	0.1	0	2456	2460	0	True	331.0	M450		2460
229.8	207.614	-9	867.52	<BeadTracker.Bead object at 0x000001A3C9DA3670>	0.1	0	2457	2461	0	True	333.0	M450		2461
229.946	207.66	-9	849.203	<BeadTracker.Bead object at 0x000001A3C9DA36A0>	0.1	0	2458	2462	0	True	347.0	M450		2462
229.875	207.52	-9	872.229	<BeadTracker.Bead object at 0x000001A3C9DA3B20>	0.1	0	2459	2463	0	True	333.0	M450		2463
229.998	207.494	-9	892.078	<BeadTracker.Bead object at 0x000001A3C9DA3E20>	0.1	0	2460	2464	0	True	342.0	M450		2464
230.024	207.434	-9	894.669	<BeadTracker.Bead object at 0x000001A3C9DA3790>	0.1	0	2461	2465	0	True	342.0	M450		2465
230.088	207.384	-9	883.631	<BeadTracker.Bead object at 0x000001A3C9DB0D60>	0.1	0	2462	2466	0	True	344.0	M450		2466
229.949	207.449	-9	889.438	<BeadTracker.Bead object at 0x000001A3C9DB0160>	0.1	0	2463	2467	0	True	341.0	M450		2467
230.088	207.331	-9	901.557	<BeadTracker.Bead object at 0x000001A3C9DB04C0>	0.1	0	2464	2468	0	True	337.0	M450		2468
230.066	207.177	-9	923.916	<BeadTracker.Bead object at 0x000001A3C9DB04F0>	0.1	0	2465	2469	0	True	331.0	M450		2469
230.223	207.234	-9	934.225	<BeadTracker.Bead object at 0x000001A3C9DB0A60>	0.1	0	2466	2470	0	True	331.0	M450		2470
230.07	207.228	-9	935.306	<BeadTracker.Bead object at 0x000001A3C9DB03D0>	0.1	0	2467	2471	0	True	330.0	M450		2471
230.132	207.389	-9	922.687	<BeadTracker.Bead object at 0x000001A3C9DB0DC0>	0.1	0	2468	2472	0	True	331.0	M450		2472
230.048	207.354	-9	941.089	<BeadTracker.Bead object at 0x000001A3C9DB4BE0>	0.1	0	2469	2473	0	True	328.0	M450		2473
230.102	207.348	-9	950.694	<BeadTracker.Bead object at 0x000001A3C9DB4640>	0.1	0	2470	2474	0	True	329.0	M450		2474
229.962	207.296	-9	933.21	<BeadTracker.Bead object at 0x000001A3C9DB4340>	0.1	0	2471	2475	0	True	330.0	M450		2475
229.971	207.392	-9	939.934	<BeadTracker.Bead object at 0x000001A3C9DB41F0>	0.1	0	2472	2476	0	True	330.0	M450		2476
229.958	207.268	-9	935.417	<BeadTracker.Bead object at 0x000001A3C9DB4730>	0.1	0	2473	2477	0	True	330.0	M450		2477
229.989	207.132	-9	957.898	<BeadTracker.Bead object at 0x000001A3C9DB4820>	0.1	0	2474	2478	0	True	327.0	M450		2478
229.904	207.172	-9	948.245	<BeadTracker.Bead object at 0x000001A3C9DB4CA0>	0.1	0	2475	2479	0	True	329.0	M450		2479
229.957	207.305	-9	918.561	<BeadTracker.Bead object at 0x000001A3C9DB4FA0>	0.1	0	2476	2480	0	True	332.0	M450		2480
229.828	207.224	-9	884.325	<BeadTracker.Bead object at 0x000001A3C9DA70A0>	0.1	0	2477	2481	0	True	343.0	M450		2481
229.96	207.117	-9	903.924	<BeadTracker.Bead object at 0x000001A3C9DA71C0>	0.1	0	2478	2482	0	True	333.0	M450		2482
229.922	207.051	-9	937.168	<BeadTracker.Bead object at 0x000001A3C9DA73D0>	0.1	0	2479	2483	0	True	329.0	M450		2483
229.988	207.298	-9	907.086	<BeadTracker.Bead object at 0x000001A3C9DA75E0>	0.1	0	2480	2484	0	True	334.0	M450		2484
229.81	207.365	-9	892.248	<BeadTracker.Bead object at 0x000001A3C9DA77F0>	0.1	0	2481	2485	0	True	341.0	M450		2485
229.875	207.317	-9	873.561	<BeadTracker.Bead object at 0x000001A3C9DA7A00>	0.1	0	2482	2486	0	True	345.0	M450		2486
229.854	207.061	-9	921.274	<BeadTracker.Bead object at 0x000001A3C9DA7C10>	0.1	0	2483	2487	0	True	332.0	M450		2487
229.919	207.18	-9	944.898	<BeadTracker.Bead object at 0x000001A3C9DA7E20>	0.1	0	2484	2488	0	True	329.0	M450		2488
229.882	207.291	-9	943.794	<BeadTracker.Bead object at 0x000001A3C9DBE070>	0.1	0	2485	2489	0	True	331.0	M450		2489
230.122	207.493	-9	935.142	<BeadTracker.Bead object at 0x000001A3C9DBE280>	0.1	0	2486	2490	0	True	333.0	M450		2490
229.929	207.365	-9	912.886	<BeadTracker.Bead object at 0x000001A3C9DBE490>	0.1	0	2487	2491	0	True	336.0	M450		2491
229.998	207.234	-9	928.554	<BeadTracker.Bead object at 0x000001A3C9DBE6A0>	0.1	0	2488	2492	0	True	330.0	M450		2492
229.97	207.303	-9	928.07	<BeadTracker.Bead object at 0x000001A3C9DBE8B0>	0.1	0	2489	2493	0	True	332.0	M450		2493
230.015	207.433	-9	921.792	<BeadTracker.Bead object at 0x000001A3C9DBEAC0>	0.1	0	2490	2494	0	True	334.0	M450		2494
229.924	207.46	-9	923.466	<BeadTracker.Bead object at 0x000001A3C9DBECD0>	0.1	0	2491	2495	0	True	334.0	M450		2495
230.043	207.364	-9	901.928	<BeadTracker.Bead object at 0x000001A3C9D94040>	0.1	0	2492	2496	0	True	343.0	M450		2496
229.999	207.204	-9	944.323	<BeadTracker.Bead object at 0x000001A3C9D94130>	0.1	0	2493	2497	0	True	329.0	M450		2497
230.057	207.449	-9	957.876	<BeadTracker.Bead object at 0x000001A3C9D94340>	0.1	0	2494	2498	0	True	328.0	M450		2498
230.067	207.356	-9	945.597	<BeadTracker.Bead object at 0x000001A3C9D94550>	0.1	0	2495	2499	0	True	330.0	M450		2499
230.171	207.52	-9	951.257	<BeadTracker.Bead object at 0x000001A3C9D94760>	0.1	0	2496	2500	0	True	328.0	M450		2500
230.094	207.331	-9	965.92	<BeadTracker.Bead object at 0x000001A3C9D94970>	0.1	0	2497	2501	0	True	326.0	M450		2501
230.096	207.284	-9	955.842	<BeadTracker.Bead object at 0x000001A3C9D94B80>	0.1	0	2498	2502	0	True	328.0	M450		2502
229.997	207.238	-9	954.063	<BeadTracker.Bead object at 0x000001A3C9D94D90>	0.1	0	2499	2503	0	True	330.0	M450		2503
230.148	207.407	-9	926.333	<BeadTracker.Bead object at 0x000001A3CD21D190>	0.1	0	2500	2504	0	True	334.0	M450		2504
230.114	207.293	-9	947.666	<BeadTracker.Bead object at 0x000001A3CD21D1F0>	0.1	0	2501	2505	0	True	330.0	M450		2505
230.205	207.174	-9	958.719	<BeadTracker.Bead object at 0x000001A3CD21D400>	0.1	0	2502	2506	0	True	327.0	M450		2506
230.159	207.086	-9	981.035	<BeadTracker.Bead object at 0x000001A3CD21D610>	0.1	0	2503	2507	0	True	325.0	M450		2507
230.285	207.296	-9	999.574	<BeadTracker.Bead object at 0x000001A3CD21D820>	0.1	0	2504	2508	0	True	324.0	M450		2508
230.093	207.321	-9	989.059	<BeadTracker.Bead object at 0x000001A3CD21DA30>	0.1	0	2505	2509	0	True	325.0	M450		2509
230.252	207.368	-9	1007.123	<BeadTracker.Bead object at 0x000001A3CD21DC40>	0.1	0	2506	2510	0	True	322.0	M450		2510
230.104	207.055	-9	992.817	<BeadTracker.Bead object at 0x000001A3CD21DE50>	0.1	0	2507	2511	0	True	325.0	M450		2511
230.189	207.187	-9	991.968	<BeadTracker.Bead object at 0x000001A3CD2300A0>	0.1	0	2508	2512	0	True	324.0	M450		2512
229.969	207.366	-9	989.443	<BeadTracker.Bead object at 0x000001A3CD2302B0>	0.1	0	2509	2513	0	True	324.0	M450		2513
230.094	207.436	-9	982.358	<BeadTracker.Bead object at 0x000001A3CD2304C0>	0.1	0	2510	2514	0	True	326.0	M450		2514
230.099	207.257	-9	1012.863	<BeadTracker.Bead object at 0x000001A3CD2306D0>	0.1	0	2511	2515	0	True	323.0	M450		2515
230.067	207.435	-9	993.587	<BeadTracker.Bead object at 0x000001A3CD2308E0>	0.1	0	2512	2516	0	True	325.0	M450		2516
229.934	207.392	-9	959.163	<BeadTracker.Bead object at 0x000001A3CD230AF0>	0.1	0	2513	2517	0	True	329.0	M450		2517
230.03	207.464	-9	937.575	<BeadTracker.Bead object at 0x000001A3CD230D00>	0.1	0	2514	2518	0	True	335.0	M450		2518
229.905	207.551	-9	949.066	<BeadTracker.Bead object at 0x000001A3CD225040>	0.1	0	2515	2519	0	True	329.0	M450		2519
230.008	207.617	-9	943.979	<BeadTracker.Bead object at 0x000001A3CD225160>	0.1	0	2516	2520	0	True	329.0	M450		2520
229.935	207.47	-9	962.455	<BeadTracker.Bead object at 0x000001A3CD225370>	0.1	0	2517	2521	0	True	331.0	M450		2521
229.953	207.383	-9	938.504	<BeadTracker.Bead object at 0x000001A3CD225580>	0.1	0	2518	2522	0	True	333.0	M450		2522
230.021	207.378	-9	926.059	<BeadTracker.Bead object at 0x000001A3CD225790>	0.1	0	2519	2523	0	True	333.0	M450		2523
230.079	207.427	-9	927.403	<BeadTracker.Bead object at 0x000001A3CD2259A0>	0.1	0	2520	2524	0	True	335.0	M450		2524
230.024	207.344	-9	963.843	<BeadTracker.Bead object at 0x000001A3CD225BB0>	0.1	0	2521	2525	0	True	328.0	M450		2525
230.172	207.548	-9	973.427	<BeadTracker.Bead object at 0x000001A3CD225DC0>	0.1	0	2522	2526	0	True	326.0	M450		2526
230.069	207.387	-9	965.456	<BeadTracker.Bead object at 0x000001A3CD225FD0>	0.1	0	2523	2527	0	True	328.0	M450		2527
230.182	207.415	-9	978.477	<BeadTracker.Bead object at 0x000001A3CD22F220>	0.1	0	2524	2528	0	True	327.0	M450		2528
230.127	207.326	-9	998.794	<BeadTracker.Bead object at 0x000001A3CD22F430>	0.1	0	2525	2529	0	True	324.0	M450		2529
230.138	207.565	-9	995.408	<BeadTracker.Bead object at 0x000001A3CD22F640>	0.1	0	2526	2530	0	True	311.0	M450		2530
230.094	207.565	-9	957.325	<BeadTracker.Bead object at 0x000001A3CD22F850>	0.1	0	2527	2531	0	True	328.0	M450		2531
230.235	207.441	-9	975.479	<BeadTracker.Bead object at 0x000001A3CD22FA60>	0.1	0	2528	2532	0	True	326.0	M450		2532
230.233	207.219	-9	988.132	<BeadTracker.Bead object at 0x000001A3CD22FC70>	0.1	0	2529	2533	0	True	324.0	M450		2533
230.386	207.227	-9	1002.604	<BeadTracker.Bead object at 0x000001A3CD22FBE0>	0.1	0	2530	2534	0	True	322.0	M450		2534
230.195	207.466	-9	996.026	<BeadTracker.Bead object at 0x000001A3CD2230D0>	0.1	0	2531	2535	0	True	324.0	M450		2535
230.213	207.433	-9	997.882	<BeadTracker.Bead object at 0x000001A3CD2232E0>	0.1	0	2532	2536	0	True	325.0	M450		2536
230.219	207.369	-9	1004.232	<BeadTracker.Bead object at 0x000001A3CD2234F0>	0.1	0	2533	2537	0	True	324.0	M450		2537
230.306	207.332	-9	1017.805	<BeadTracker.Bead object at 0x000001A3CD223700>	0.1	0	2534	2538	0	True	323.0	M450		2538
230.191	207.34	-9	1013.111	<BeadTracker.Bead object at 0x000001A3CD223910>	0.1	0	2535	2539	0	True	322.0	M450		2539
230.336	207.353	-9	1030.189	<BeadTracker.Bead object at 0x000001A3CD223B20>	0.1	0	2536	2540	0	True	322.0	M450		2540
230.14	207.198	-9	1000.726	<BeadTracker.Bead object at 0x000001A3CD223D30>	0.1	0	2537	2541	0	True	323.0	M450		2541
230.24	207.104	-9	1009.565	<BeadTracker.Bead object at 0x000001A3CD22E070>	0.1	0	2538	2542	0	True	322.0	M450		2542
230.162	207.061	-9	1013.838	<BeadTracker.Bead object at 0x000001A3CD22E190>	0.1	0	2539	2543	0	True	322.0	M450		2543
230.335	207.614	-9	1000.446	<BeadTracker.Bead object at 0x000001A3CD22E3A0>	0.1	0	2540	2544	0	True	310.0	M450		2544
230.152	207.574	-9	972.59	<BeadTracker.Bead object at 0x000001A3CD22E5B0>	0.1	0	2541	2545	0	True	326.0	M450		2545
230.099	207.367	-9	969.151	<BeadTracker.Bead object at 0x000001A3CD22E7C0>	0.1	0	2542	2546	0	True	327.0	M450		2546
230.107	207.297	-9	983.485	<BeadTracker.Bead object at 0x000001A3CD22E9D0>	0.1	0	2543	2547	0	True	325.0	M450		2547
230.22	207.143	-9	978.992	<BeadTracker.Bead object at 0x000001A3CD22EBE0>	0.1	0	2544	2548	0	True	325.0	M450		2548
230.085	207.354	-9	1018.106	<BeadTracker.Bead object at 0x000001A3CD22EDF0>	0.1	0	2545	2549	0	True	323.0	M450		2549
230.262	207.337	-9	998.439	<BeadTracker.Bead object at 0x000001A3CD23D040>	0.1	0	2546	2550	0	True	324.0	M450		2550
230.073	207.187	-9	987.186	<BeadTracker.Bead object at 0x000001A3CD23D250>	0.1	0	2547	2551	0	True	325.0	M450		2551
230.202	207.126	-9	1002.83	<BeadTracker.Bead object at 0x000001A3CD23D460>	0.1	0	2548	2552	0	True	323.0	M450		2552
230.168	207.277	-9	998.25	<BeadTracker.Bead object at 0x000001A3CD23D670>	0.1	0	2549	2553	0	True	325.0	M450		2553
230.293	207.548	-9	967.133	<BeadTracker.Bead object at 0x000001A3CD23D880>	0.1	0	2550	2554	0	True	326.0	M450		2554
230.174	207.55	-9	936.538	<BeadTracker.Bead object at 0x000001A3CD23DA90>	0.1	0	2551	2555	0	True	329.0	M450		2555
230.219	207.341	-9	942.632	<BeadTracker.Bead object at 0x000001A3CD23DCA0>	0.1	0	2552	2556	0	True	331.0	M450		2556
230.143	207.182	-9	995.646	<BeadTracker.Bead object at 0x000001A3CD24BBB0>	0.1	0	2553	2557	0	True	324.0	M450		2557
230.262	207.2	-9	990.854	<BeadTracker.Bead object at 0x000001A3CD24B430>	0.1	0	2554	2558	0	True	324.0	M450		2558
230.244	207.634	-9	987.196	<BeadTracker.Bead object at 0x000001A3CD24B340>	0.1	0	2555	2559	0	True	325.0	M450		2559
230.306	207.643	-9	928.04	<BeadTracker.Bead object at 0x000001A3CD24B550>	0.1	0	2556	2560	0	True	330.0	M450		2560
230.215	207.405	-9	966.489	<BeadTracker.Bead object at 0x000001A3CD24B790>	0.1	0	2557	2561	0	True	328.0	M450		2561
230.223	207.191	-9	989.748	<BeadTracker.Bead object at 0x000001A3CD24B7C0>	0.1	0	2558	2562	0	True	324.0	M450		2562
230.259	207.244	-9	1026.558	<BeadTracker.Bead object at 0x000001A3CD24BCA0>	0.1	0	2559	2563	0	True	321.0	M450		2563
230.399	207.423	-9	1036.312	<BeadTracker.Bead object at 0x000001A3CD24BE20>	0.1	0	2560	2564	0	True	321.0	M450		2564
230.307	207.479	-9	1020.779	<BeadTracker.Bead object at 0x000001A3CD23B0A0>	0.1	0	2561	2565	0	True	322.0	M450		2565
230.357	207.322	-9	1027.962	<BeadTracker.Bead object at 0x000001A3CD23B1C0>	0.1	0	2562	2566	0	True	321.0	M450		2566
230.232	207.352	-9	1030.304	<BeadTracker.Bead object at 0x000001A3CD23B3D0>	0.1	0	2563	2567	0	True	321.0	M450		2567
230.378	207.339	-9	1014.89	<BeadTracker.Bead object at 0x000001A3CD23B5E0>	0.1	0	2564	2568	0	True	321.0	M450		2568
230.341	207.38	-9	1030.509	<BeadTracker.Bead object at 0x000001A3CD23B7F0>	0.1	0	2565	2569	0	True	321.0	M450		2569
230.334	207.411	-9	1034.875	<BeadTracker.Bead object at 0x000001A3CD23BA00>	0.1	0	2566	2570	0	True	321.0	M450		2570
230.293	207.412	9	1056.131	<BeadTracker.Bead object at 0x000001A3CD23BC10>	0.0	0	2567	2571	0	True	320.0	M450		2571
230.331	207.425	9	1033.177	<BeadTracker.Bead object at 0x000001A3CD23BE20>	0.0	0	2568	2572	0	True	321.0	M450		2572
230.199	207.322	9	1008.741	<BeadTracker.Bead object at 0x000001A3CD21BCD0>	0.0	0	2569	2573	0	True	323.0	M450		2573
230.316	207.347	9	1009.065	<BeadTracker.Bead object at 0x000001A3CD21B0D0>	0.0	0	2570	2574	0	True	322.0	M450		2574
230.183	207.095	9	1038.182	<BeadTracker.Bead object at 0x000001A3CD21B400>	0.0	0	2571	2575	0	True	318.0	M450		2575
230.242	207.135	9	1067.545	<BeadTracker.Bead object at 0x000001A3CD21B2E0>	0.0	0	2572	2576	0	True	303.0	M450		2576
230.207	207.132	9	1049.287	<BeadTracker.Bead object at 0x000001A3CD21B7F0>	0.0	0	2573	2577	0	True	306.0	M450		2577
230.277	207.397	9	1024.753	<BeadTracker.Bead object at 0x000001A3CD21BB20>	0.0	0	2574	2578	0	True	321.0	M450		2578
230.203	207.211	9	1023.068	<BeadTracker.Bead object at 0x000001A3CD21BD30>	0.0	0	2575	2579	0	True	321.0	M450		2579
230.196	207.161	9	1035.61	<BeadTracker.Bead object at 0x000001A3CD216040>	0.0	0	2576	2580	0	True	320.0	M450		2580
230.074	207.06	9	1051.332	<BeadTracker.Bead object at 0x000001A3CD216130>	0.0	0	2577	2581	0	True	318.0	M450		2581
230.158	207.298	9	1020.372	<BeadTracker.Bead object at 0x000001A3CD216340>	0.0	0	2578	2582	0	True	322.0	M450		2582
230.073	207.306	9	999.585	<BeadTracker.Bead object at 0x000001A3CD216550>	0.0	0	2579	2583	0	True	324.0	M450		2583
230.144	207.272	9	1010.232	<BeadTracker.Bead object at 0x000001A3CD216760>	0.0	0	2580	2584	0	True	323.0	M450		2584
230.04	207.071	9	1038.142	<BeadTracker.Bead object at 0x000001A3CD216970>	0.0	0	2581	2585	0	True	319.0	M450		2585
230.1	207.179	9	1024.384	<BeadTracker.Bead object at 0x000001A3CD216B80>	0.0	0	2582	2586	0	True	321.0	M450		2586
230.008	207.155	9	1040.133	<BeadTracker.Bead object at 0x000001A3CD216D90>	0.0	0	2583	2587	0	True	320.0	M450		2587
230.178	207.333	9	1015.655	<BeadTracker.Bead object at 0x000001A3CD218190>	0.0	0	2584	2588	0	True	323.0	M450		2588
230.128	207.241	9	1027.044	<BeadTracker.Bead object at 0x000001A3CD2181F0>	0.0	0	2585	2589	0	True	320.0	M450		2589
230.146	207.177	9	1022.063	<BeadTracker.Bead object at 0x000001A3CD218400>	0.0	0	2586	2590	0	True	321.0	M450		2590
230.114	207.223	9	1026.972	<BeadTracker.Bead object at 0x000001A3CD218610>	0.0	0	2587	2591	0	True	321.0	M450		2591
230.18	207.274	9	1018.56	<BeadTracker.Bead object at 0x000001A3CD218820>	0.0	0	2588	2592	0	True	321.0	M450		2592
230.151	207.303	9	1036.279	<BeadTracker.Bead object at 0x000001A3CD218A30>	0.0	0	2589	2593	0	True	320.0	M450		2593
230.295	207.282	9	1047.299	<BeadTracker.Bead object at 0x000001A3CD218C40>	0.0	0	2590	2594	0	True	319.0	M450		2594
230.108	207.178	9	1025.532	<BeadTracker.Bead object at 0x000001A3CD218E50>	0.0	0	2591	2595	0	True	321.0	M450		2595
230.121	207.243	9	1030.955	<BeadTracker.Bead object at 0x000001A3CD2190A0>	0.0	0	2592	2596	0	True	319.0	M450		2596
230.021	207.285	9	1021.684	<BeadTracker.Bead object at 0x000001A3CD2192B0>	0.0	0	2593	2597	0	True	321.0	M450		2597
230.201	207.301	9	1055.36	<BeadTracker.Bead object at 0x000001A3CD2194C0>	0.0	0	2594	2598	0	True	319.0	M450		2598
230.165	207.199	9	1060.584	<BeadTracker.Bead object at 0x000001A3CD2196D0>	0.0	0	2595	2599	0	True	303.0	M450		2599
230.164	207.056	9	1069.487	<BeadTracker.Bead object at 0x000001A3CD2198E0>	0.0	0	2596	2600	0	True	302.0	M450		2600
230.025	207.154	9	1066.287	<BeadTracker.Bead object at 0x000001A3CD219AF0>	0.0	0	2597	2601	0	True	303.0	M450		2601
230.137	207.24	9	1051.22	<BeadTracker.Bead object at 0x000001A3CD219D00>	0.0	0	2598	2602	0	True	319.0	M450		2602
230.044	207.15	9	1080.273	<BeadTracker.Bead object at 0x000001A3C75B4D30>	0.0	0	2599	2603	0	True	300.0	M450		2603
230.178	207.217	9	1096.574	<BeadTracker.Bead object at 0x000001A3C75B4790>	0.0	0	2600	2604	0	True	298.0	M450		2604
229.991	207.279	9	1055.707	<BeadTracker.Bead object at 0x000001A3C75B4D60>	0.0	0	2601	2605	0	True	318.0	M450		2605
229.923	207.231	9	1013.256	<BeadTracker.Bead object at 0x000001A3C75B4760>	0.0	0	2602	2606	0	True	322.0	M450		2606
229.995	207.024	9	1045.865	<BeadTracker.Bead object at 0x000001A3C75B4640>	0.0	0	2603	2607	0	True	318.0	M450		2607
230.1	207.186	9	1034.975	<BeadTracker.Bead object at 0x000001A3C75B4F70>	0.0	0	2604	2608	0	True	320.0	M450		2608
229.931	207.169	9	1042.235	<BeadTracker.Bead object at 0x000001A3C75B49A0>	0.0	0	2605	2609	0	True	319.0	M450		2609
229.859	207.049	9	1042.522	<BeadTracker.Bead object at 0x000001A3C75B4340>	0.0	0	2606	2610	0	True	318.0	M450		2610
229.688	207.039	9	1044.373	<BeadTracker.Bead object at 0x000001A3C75B4400>	0.0	0	2607	2611	0	True	320.0	M450		2611
229.684	207.127	9	1024.273	<BeadTracker.Bead object at 0x000001A3C759D220>	0.0	0	2608	2612	0	True	322.0	M450		2612
229.653	207.104	9	1023.282	<BeadTracker.Bead object at 0x000001A3C759D430>	0.0	0	2609	2613	0	True	321.0	M450		2613
229.687	207.074	9	1012.574	<BeadTracker.Bead object at 0x000001A3C759D640>	0.0	0	2610	2614	0	True	322.0	M450		2614
229.643	207.037	9	1006.686	<BeadTracker.Bead object at 0x000001A3C759D850>	0.0	0	2611	2615	0	True	323.0	M450		2615
229.506	207.163	9	996.956	<BeadTracker.Bead object at 0x000001A3C759DA60>	0.0	0	2612	2616	0	True	326.0	M450		2616
229.45	207.059	9	986.832	<BeadTracker.Bead object at 0x000001A3C759DC70>	0.0	0	2613	2617	0	True	324.0	M450		2617
229.529	207.18	9	978.705	<BeadTracker.Bead object at 0x000001A3C759DBE0>	0.0	0	2614	2618	0	True	327.0	M450		2618
229.423	207.173	9	971.349	<BeadTracker.Bead object at 0x000001A3C75900D0>	0.0	0	2615	2619	0	True	326.0	M450		2619
229.371	207.192	9	943.933	<BeadTracker.Bead object at 0x000001A3C75902E0>	0.0	0	2616	2620	0	True	329.0	M450		2620
229.223	207.114	9	933.88	<BeadTracker.Bead object at 0x000001A3C75904F0>	0.0	0	2617	2621	0	True	330.0	M450		2621
229.279	207.269	9	922.559	<BeadTracker.Bead object at 0x000001A3C7590700>	0.0	0	2618	2622	0	True	336.0	M450		2622
229.259	207.315	9	956.2	<BeadTracker.Bead object at 0x000001A3C7590910>	0.0	0	2619	2623	0	True	331.0	M450		2623
229.196	207.269	9	921.005	<BeadTracker.Bead object at 0x000001A3C7590B20>	0.0	0	2620	2624	0	True	335.0	M450		2624
229.178	207.13	9	934.614	<BeadTracker.Bead object at 0x000001A3C7590D30>	0.0	0	2621	2625	0	True	333.0	M450		2625
229.118	207.109	9	914.804	<BeadTracker.Bead object at 0x000001A3C75B5700>	0.0	0	2622	2626	0	True	333.0	M450		2626
229.042	207.064	9	907.146	<BeadTracker.Bead object at 0x000001A3C75B5280>	0.0	0	2623	2627	0	True	334.0	M450		2627
229.07	207.241	9	900.391	<BeadTracker.Bead object at 0x000001A3C75B53D0>	0.0	0	2624	2628	0	True	343.0	M450		2628
228.992	207.198	9	885.27	<BeadTracker.Bead object at 0x000001A3C75B51F0>	0.0	0	2625	2629	0	True	347.0	M450		2629
228.853	207.052	9	861.169	<BeadTracker.Bead object at 0x000001A3C75B5A90>	0.0	0	2626	2630	0	True	351.0	M450		2630
228.714	206.742	9	848.379	<BeadTracker.Bead object at 0x000001A3C75B5730>	0.0	0	2627	2631	0	True	351.0	M450		2631
228.823	206.794	9	834.451	<BeadTracker.Bead object at 0x000001A3C75B5EE0>	0.0	0	2628	2632	0	True	366.0	M450		2632
228.768	206.718	9	832.356	<BeadTracker.Bead object at 0x000001A3C75B5760>	0.0	0	2629	2633	0	True	366.0	M450		2633
228.574	206.597	9	797.743	<BeadTracker.Bead object at 0x000001A3C75B7040>	0.0	0	2630	2634	0	True	369.0	M450		2634
228.445	206.323	9	780.798	<BeadTracker.Bead object at 0x000001A3C75B7250>	0.0	0	2631	2635	0	True	376.0	M450		2635
228.459	206.201	9	750.391	<BeadTracker.Bead object at 0x000001A3C75B7460>	0.0	0	2632	2636	0	True	397.0	M450		2636
228.716	206.19	9	741.426	<BeadTracker.Bead object at 0x000001A3C75B7670>	0.0	0	2633	2637	0	True	398.0	M450		2637
228.4	206.46	9	763.125	<BeadTracker.Bead object at 0x000001A3C75B7880>	0.0	0	2634	2638	0	True	398.0	M450		2638
228.411	206.598	9	757.836	<BeadTracker.Bead object at 0x000001A3C75B7A90>	0.0	0	2635	2639	0	True	390.0	M450		2639
228.333	206.605	9	787.014	<BeadTracker.Bead object at 0x000001A3C75B7CA0>	0.0	0	2636	2640	0	True	372.0	M450		2640
228.362	206.587	9	806.534	<BeadTracker.Bead object at 0x000001A3C75AF040>	0.0	0	2637	2641	0	True	369.0	M450		2641
228.319	206.878	9	824.765	<BeadTracker.Bead object at 0x000001A3C75AF100>	0.0	0	2638	2642	0	True	367.0	M450		2642
228.351	206.985	9	846.282	<BeadTracker.Bead object at 0x000001A3C75AF310>	0.0	0	2639	2643	0	True	363.0	M450		2643
228.37	206.983	9	840.226	<BeadTracker.Bead object at 0x000001A3C75AF520>	0.0	0	2640	2644	0	True	364.0	M450		2644
228.304	206.813	9	879.355	<BeadTracker.Bead object at 0x000001A3C75AF730>	0.0	0	2641	2645	0	True	346.0	M450		2645
228.347	207.08	9	901.8	<BeadTracker.Bead object at 0x000001A3C75AF940>	0.0	0	2642	2646	0	True	343.0	M450		2646
228.337	207.138	9	904.946	<BeadTracker.Bead object at 0x000001A3C75AFB50>	0.0	0	2643	2647	0	True	344.0	M450		2647
228.328	207.257	9	895.372	<BeadTracker.Bead object at 0x000001A3C75AFD60>	0.0	0	2644	2648	0	True	344.0	M450		2648
228.267	207.155	9	885.334	<BeadTracker.Bead object at 0x000001A3C75BF0A0>	0.0	0	2645	2649	0	True	345.0	M450		2649
228.337	207.035	9	904.331	<BeadTracker.Bead object at 0x000001A3C75BF1C0>	0.0	0	2646	2650	0	True	343.0	M450		2650
228.259	206.974	9	922.74	<BeadTracker.Bead object at 0x000001A3C75BF3D0>	0.0	0	2647	2651	0	True	333.0	M450		2651
228.387	207.261	9	924.659	<BeadTracker.Bead object at 0x000001A3C75BF5E0>	0.0	0	2648	2652	0	True	334.0	M450		2652
228.305	207.357	9	905.647	<BeadTracker.Bead object at 0x000001A3C75BF7F0>	0.0	0	2649	2653	0	True	342.0	M450		2653
228.294	207.229	9	919.371	<BeadTracker.Bead object at 0x000001A3C75BFA00>	0.0	0	2650	2654	0	True	335.0	M450		2654
228.344	207.033	9	961.276	<BeadTracker.Bead object at 0x000001A3C75BFC10>	0.0	0	2651	2655	0	True	327.0	M450		2655
228.367	207.075	9	959.043	<BeadTracker.Bead object at 0x000001A3C75BFE20>	0.0	0	2652	2656	0	True	328.0	M450		2656
228.337	207.063	9	965.314	<BeadTracker.Bead object at 0x000001A3C75A1070>	0.0	0	2653	2657	0	True	329.0	M450		2657
228.456	207.197	9	930.821	<BeadTracker.Bead object at 0x000001A3C75A1280>	0.0	0	2654	2658	0	True	332.0	M450		2658
228.436	206.982	9	976.111	<BeadTracker.Bead object at 0x000001A3C75A1490>	0.0	0	2655	2659	0	True	326.0	M450		2659
228.44	207.059	9	998.454	<BeadTracker.Bead object at 0x000001A3C75A16A0>	0.0	0	2656	2660	0	True	321.0	M450		2660
228.492	206.866	9	997.254	<BeadTracker.Bead object at 0x000001A3C75A18B0>	0.0	0	2657	2661	0	True	323.0	M450		2661
228.511	207.121	9	977.418	<BeadTracker.Bead object at 0x000001A3C75A1AC0>	0.0	0	2658	2662	0	True	325.0	M450		2662
228.619	207.288	9	987.516	<BeadTracker.Bead object at 0x000001A3C75A1CD0>	0.0	0	2659	2663	0	True	325.0	M450		2663
228.478	207.124	9	981.297	<BeadTracker.Bead object at 0x000001A3C75AB040>	0.0	0	2660	2664	0	True	326.0	M450		2664
228.501	206.894	9	1018.727	<BeadTracker.Bead object at 0x000001A3C75AB130>	0.0	0	2661	2665	0	True	312.0	M450		2665
228.62	206.894	9	1030.011	<BeadTracker.Bead object at 0x000001A3C75AB340>	0.0	0	2662	2666	0	True	310.0	M450		2666
228.633	206.888	9	1045.686	<BeadTracker.Bead object at 0x000001A3C75AB550>	0.0	0	2663	2667	0	True	308.0	M450		2667
228.711	207.07	9	1017.121	<BeadTracker.Bead object at 0x000001A3C75AB760>	0.0	0	2664	2668	0	True	321.0	M450		2668
228.558	206.997	9	1032.666	<BeadTracker.Bead object at 0x000001A3C75AB970>	0.0	0	2665	2669	0	True	319.0	M450		2669
228.694	206.947	9	1057.304	<BeadTracker.Bead object at 0x000001A3C75ABB80>	0.0	0	2666	2670	0	True	308.0	M450		2670
228.74	206.905	9	1053.545	<BeadTracker.Bead object at 0x000001A3C75ABD90>	0.0	0	2667	2671	0	True	306.0	M450		2671
228.909	206.878	9	1035.063	<BeadTracker.Bead object at 0x000001A3C75CE190>	0.0	0	2668	2672	0	True	309.0	M450		2672
228.903	206.912	9	1053.296	<BeadTracker.Bead object at 0x000001A3C75CE1F0>	0.0	0	2669	2673	0	True	307.0	M450		2673
228.802	206.841	9	1032.762	<BeadTracker.Bead object at 0x000001A3C75CE400>	0.0	0	2670	2674	0	True	309.0	M450		2674
228.78	206.776	9	1038.006	<BeadTracker.Bead object at 0x000001A3C75CE610>	0.0	0	2671	2675	0	True	307.0	M450		2675
228.818	206.839	9	1018.856	<BeadTracker.Bead object at 0x000001A3C75CE820>	0.0	0	2672	2676	0	True	312.0	M450		2676
228.776	206.616	9	1026.088	<BeadTracker.Bead object at 0x000001A3C75CEA30>	0.0	0	2673	2677	0	True	306.0	M450		2677
228.841	206.667	9	1035.294	<BeadTracker.Bead object at 0x000001A3C75CEC40>	0.0	0	2674	2678	0	True	308.0	M450		2678
228.739	206.716	9	1059.539	<BeadTracker.Bead object at 0x000001A3C75CEE50>	0.0	0	2675	2679	0	True	306.0	M450		2679
228.798	206.69	9	1048.147	<BeadTracker.Bead object at 0x000001A3C75CC0A0>	0.0	0	2676	2680	0	True	306.0	M450		2680
228.717	206.606	9	1046.382	<BeadTracker.Bead object at 0x000001A3C75CC2B0>	0.0	0	2677	2681	0	True	306.0	M450		2681
228.772	206.614	9	1031.078	<BeadTracker.Bead object at 0x000001A3C75CC4C0>	0.0	0	2678	2682	0	True	309.0	M450		2682
228.666	206.55	9	1047.143	<BeadTracker.Bead object at 0x000001A3C75CC6D0>	0.0	0	2679	2683	0	True	307.0	M450		2683
228.697	206.634	9	1043.78	<BeadTracker.Bead object at 0x000001A3C75CC8E0>	0.0	0	2680	2684	0	True	307.0	M450		2684
228.547	206.643	9	1024.878	<BeadTracker.Bead object at 0x000001A3C75CCAF0>	0.0	0	2681	2685	0	True	309.0	M450		2685
228.669	206.724	9	970.325	<BeadTracker.Bead object at 0x000001A3C75CCD00>	0.0	0	2682	2686	0	True	327.0	M450		2686
228.66	206.664	9	965.765	<BeadTracker.Bead object at 0x000001A3C7592040>	0.0	0	2683	2687	0	True	327.0	M450		2687
228.703	206.562	9	989.673	<BeadTracker.Bead object at 0x000001A3C7592160>	0.0	0	2684	2688	0	True	325.0	M450		2688
228.678	206.536	9	1001.951	<BeadTracker.Bead object at 0x000001A3C7592370>	0.0	0	2685	2689	0	True	310.0	M450		2689
228.701	206.778	9	959.671	<BeadTracker.Bead object at 0x000001A3C7592580>	0.0	0	2686	2690	0	True	327.0	M450		2690
228.807	206.543	9	987.758	<BeadTracker.Bead object at 0x000001A3C7592790>	0.0	0	2687	2691	0	True	325.0	M450		2691
228.922	206.628	9	1010.192	<BeadTracker.Bead object at 0x000001A3C75929A0>	0.0	0	2688	2692	0	True	310.0	M450		2692
228.756	206.549	9	1021.608	<BeadTracker.Bead object at 0x000001A3C7592BB0>	0.0	0	2689	2693	0	True	310.0	M450		2693
228.76	206.677	9	985.733	<BeadTracker.Bead object at 0x000001A3C7592DC0>	0.0	0	2690	2694	0	True	325.0	M450		2694
228.866	206.459	9	982.062	<BeadTracker.Bead object at 0x000001A3C7592FD0>	0.0	0	2691	2695	0	True	326.0	M450		2695
228.849	206.651	9	997.216	<BeadTracker.Bead object at 0x000001A3C75A7220>	0.0	0	2692	2696	0	True	324.0	M450		2696
228.904	206.663	9	1004.21	<BeadTracker.Bead object at 0x000001A3C75A7430>	0.0	0	2693	2697	0	True	311.0	M450		2697
228.855	206.699	9	1014.148	<BeadTracker.Bead object at 0x000001A3C75A7640>	0.0	0	2694	2698	0	True	310.0	M450		2698
228.932	206.62	9	1018.589	<BeadTracker.Bead object at 0x000001A3C75A7850>	0.0	0	2695	2699	0	True	310.0	M450		2699
228.898	206.68	9	989.355	<BeadTracker.Bead object at 0x000001A3C75A7A60>	0.0	0	2696	2700	0	True	311.0	M450		2700
228.846	206.395	9	1032.649	<BeadTracker.Bead object at 0x000001A3C75A7C70>	0.0	0	2697	2701	0	True	322.0	M450		2701
228.941	206.47	9	1025.172	<BeadTracker.Bead object at 0x000001A3C75A7BE0>	0.0	0	2698	2702	0	True	322.0	M450		2702
228.973	206.555	9	1049.894	<BeadTracker.Bead object at 0x000001A3C96450D0>	0.0	0	2699	2703	0	True	307.0	M450		2703
228.825	206.583	0	1907.007	<BeadTracker.Bead object at 0x000001A3C96452E0>	1.0	103	2700	2704	0	True	317.0	M450		2704
229.051	206.324	0	1032.097	<BeadTracker.Bead object at 0x000001A3C96454F0>	2.0	103	2701	2705	0	False	317.0	M450		2705
228.753	206.642	0	527.004	<BeadTracker.Bead object at 0x000001A3C9645700>	3.0	103	2702	2706	0	False	317.0	M450		2706
228.673	206.635	0	1863.847	<BeadTracker.Bead object at 0x000001A3C9645910>	1.0	104	2703	2707	0	True	326.0	M450		2707
229.082	206.241	0	1065.697	<BeadTracker.Bead object at 0x000001A3C9645B20>	2.0	104	2704	2708	0	False	326.0	M450		2708
228.549	206.698	0	546.703	<BeadTracker.Bead object at 0x000001A3C9645D30>	3.0	104	2705	2709	0	False	326.0	M450		2709
228.797	206.503	0	1874.123	<BeadTracker.Bead object at 0x000001A3C964A070>	1.0	105	2706	2710	0	True	316.0	M450		2710
229.051	206.164	0	1091.462	<BeadTracker.Bead object at 0x000001A3C964A190>	2.0	105	2707	2711	0	False	316.0	M450		2711
228.769	206.421	0	538.72	<BeadTracker.Bead object at 0x000001A3C964A3A0>	3.0	105	2708	2712	0	False	316.0	M450		2712
229.082	206.591	0	1867.08	<BeadTracker.Bead object at 0x000001A3C964A5B0>	1.0	106	2709	2713	0	True	312.0	M450		2713
229.34	205.752	0	1071.93	<BeadTracker.Bead object at 0x000001A3C964A7C0>	2.0	106	2710	2714	0	False	312.0	M450		2714
229.039	206.605	0	525.131	<BeadTracker.Bead object at 0x000001A3C964A9D0>	3.0	106	2711	2715	0	False	312.0	M450		2715
229.347	206.138	0	1865.89	<BeadTracker.Bead object at 0x000001A3C964ABE0>	1.0	107	2712	2716	0	True	332.0	M450		2716
229.443	205.731	0	1009.82	<BeadTracker.Bead object at 0x000001A3C964ADF0>	2.0	107	2713	2717	0	False	332.0	M450		2717
229.527	206.31	0	528.427	<BeadTracker.Bead object at 0x000001A3C9644040>	3.0	107	2714	2718	0	False	332.0	M450		2718
229.768	206.338	0	1829.767	<BeadTracker.Bead object at 0x000001A3C9644250>	1.0	108	2715	2719	0	True	335.0	M450		2719
229.634	205.901	0	1012.774	<BeadTracker.Bead object at 0x000001A3C9644460>	2.0	108	2716	2720	0	False	335.0	M450		2720
229.721	206.665	0	515.693	<BeadTracker.Bead object at 0x000001A3C9644670>	3.0	108	2717	2721	0	False	335.0	M450		2721
231.246	206.523	0	1904.566	<BeadTracker.Bead object at 0x000001A3C9644880>	1.0	109	2718	2723	0	True	306.0	M450		2723
231.585	206.035	0	1130.121	<BeadTracker.Bead object at 0x000001A3C9644A90>	2.0	109	2719	2724	0	False	306.0	M450		2724
231.147	206.778	0	556.785	<BeadTracker.Bead object at 0x000001A3C9644CA0>	3.0	109	2720	2725	0	False	306.0	M450		2725
230.977	206.312	0	1941.168	<BeadTracker.Bead object at 0x000001A3C9624940>	1.0	110	2721	2726	0	True	292.0	M450		2726
231.533	205.792	0	1148.481	<BeadTracker.Bead object at 0x000001A3C96242E0>	2.0	110	2722	2727	0	False	292.0	M450		2727
231.004	206.318	0	583.331	<BeadTracker.Bead object at 0x000001A3C96243D0>	3.0	110	2723	2728	0	False	292.0	M450		2728
231.2	206.337	0	1932.643	<BeadTracker.Bead object at 0x000001A3C9624790>	1.0	111	2724	2729	0	True	300.0	M450		2729
231.74	205.688	0	1185.286	<BeadTracker.Bead object at 0x000001A3C9624700>	2.0	111	2725	2730	0	False	300.0	M450		2730
231.188	206.264	0	589.211	<BeadTracker.Bead object at 0x000001A3C9624BE0>	3.0	111	2726	2731	0	False	300.0	M450		2731
231.345	206.194	0	1910.756	<BeadTracker.Bead object at 0x000001A3C9624B50>	1.0	112	2727	2732	0	True	271.0	M450		2732
231.849	205.569	0	1215.071	<BeadTracker.Bead object at 0x000001A3C9624EB0>	2.0	112	2728	2733	0	False	271.0	M450		2733
231.172	206.158	0	588.215	<BeadTracker.Bead object at 0x000001A3C96590A0>	3.0	112	2729	2734	0	False	271.0	M450		2734
231.376	206.219	0	1916.663	<BeadTracker.Bead object at 0x000001A3C96591C0>	1.0	113	2730	2735	0	True	293.0	M450		2735
232.014	205.484	0	1253.979	<BeadTracker.Bead object at 0x000001A3C96593D0>	2.0	113	2731	2736	0	False	293.0	M450		2736
231.297	206.066	0	578.667	<BeadTracker.Bead object at 0x000001A3C96595E0>	3.0	113	2732	2737	0	False	293.0	M450		2737
231.657	206.18	0	1952.203	<BeadTracker.Bead object at 0x000001A3C96597F0>	1.0	114	2733	2738	0	True	298.0	M450		2738
232.117	205.453	0	1271.529	<BeadTracker.Bead object at 0x000001A3C9659A00>	2.0	114	2734	2739	0	False	298.0	M450		2739
231.491	206.096	0	593.329	<BeadTracker.Bead object at 0x000001A3C9659C10>	3.0	114	2735	2740	0	False	298.0	M450		2740
231.294	206.5	-10	736.615	<BeadTracker.Bead object at 0x000001A3C9659E20>	0.1	0	2736	2741	0	True	338.0	M450		2741
231.488	205.925	-10	1035.187	<BeadTracker.Bead object at 0x000001A3C9649070>	0.1	0	2737	2742	0	True	306.0	M450		2742
231.865	205.931	-10	1173.998	<BeadTracker.Bead object at 0x000001A3C9649280>	0.1	0	2738	2743	0	True	289.0	M450		2743
231.911	205.781	-10	1221.293	<BeadTracker.Bead object at 0x000001A3C9649490>	0.1	0	2739	2744	0	True	268.0	M450		2744
231.963	205.684	-10	1237.83	<BeadTracker.Bead object at 0x000001A3C96496A0>	0.1	0	2740	2745	0	True	267.0	M450		2745
231.954	205.573	-10	1229.328	<BeadTracker.Bead object at 0x000001A3C96498B0>	0.1	0	2741	2746	0	True	266.0	M450		2746
231.916	205.54	-10	1230.038	<BeadTracker.Bead object at 0x000001A3C9649AC0>	0.1	0	2742	2747	0	True	266.0	M450		2747
231.975	205.474	-10	1233.315	<BeadTracker.Bead object at 0x000001A3C9649CD0>	0.1	0	2743	2748	0	True	291.0	M450		2748
231.955	205.562	-10	1215.541	<BeadTracker.Bead object at 0x000001A3C965E040>	0.1	0	2744	2749	0	True	267.0	M450		2749
231.931	205.602	-10	1212.176	<BeadTracker.Bead object at 0x000001A3C965E130>	0.1	0	2745	2750	0	True	269.0	M450		2750
231.935	205.697	-10	1219.72	<BeadTracker.Bead object at 0x000001A3C965E340>	0.1	0	2746	2751	0	True	268.0	M450		2751
231.94	205.578	-10	1218.437	<BeadTracker.Bead object at 0x000001A3C965E550>	0.1	0	2747	2752	0	True	269.0	M450		2752
231.978	205.704	-10	1218.566	<BeadTracker.Bead object at 0x000001A3C965E760>	0.1	0	2748	2753	0	True	268.0	M450		2753
231.992	205.735	-10	1190.148	<BeadTracker.Bead object at 0x000001A3C965E970>	0.1	0	2749	2754	0	True	286.0	M450		2754
231.89	205.736	-10	1188.69	<BeadTracker.Bead object at 0x000001A3C965EB80>	0.1	0	2750	2755	0	True	270.0	M450		2755
231.94	205.586	-10	1204.973	<BeadTracker.Bead object at 0x000001A3C965ED90>	0.1	0	2751	2756	0	True	269.0	M450		2756
231.93	205.789	-10	1199.731	<BeadTracker.Bead object at 0x000001A3C96564F0>	0.1	0	2753	2758	0	True	284.0	M450		2758
232.066	205.823	-10	1183.157	<BeadTracker.Bead object at 0x000001A3C9656730>	0.1	0	2754	2759	0	True	285.0	M450		2759
232.016	205.706	-10	1204.934	<BeadTracker.Bead object at 0x000001A3C96561F0>	0.1	0	2755	2760	0	True	269.0	M450		2760
231.964	205.771	-10	1187.529	<BeadTracker.Bead object at 0x000001A3C96568B0>	0.1	0	2756	2761	0	True	285.0	M450		2761
231.885	205.631	-10	1191.135	<BeadTracker.Bead object at 0x000001A3C9656B20>	0.1	0	2757	2762	0	True	270.0	M450		2762
232.134	205.719	-10	1188.482	<BeadTracker.Bead object at 0x000001A3C9656D60>	0.1	0	2758	2763	0	True	270.0	M450		2763
232.161	205.85	-10	1197.089	<BeadTracker.Bead object at 0x000001A3C96563D0>	0.1	0	2759	2764	0	True	270.0	M450		2764
232.1	205.827	-10	1228.755	<BeadTracker.Bead object at 0x000001A3C964C0A0>	0.1	0	2760	2765	0	True	267.0	M450		2765
232.055	205.774	-10	1216.447	<BeadTracker.Bead object at 0x000001A3C964C2B0>	0.1	0	2761	2766	0	True	268.0	M450		2766
232.215	205.888	-10	1186.583	<BeadTracker.Bead object at 0x000001A3C964C4C0>	0.1	0	2762	2767	0	True	285.0	M450		2767
232.268	205.924	-10	1207.112	<BeadTracker.Bead object at 0x000001A3C964C6D0>	0.1	0	2763	2768	0	True	267.0	M450		2768
232.337	205.939	-10	1209.5	<BeadTracker.Bead object at 0x000001A3C964C8E0>	0.1	0	2764	2769	0	True	268.0	M450		2769
232.219	205.828	-10	1233.085	<BeadTracker.Bead object at 0x000001A3C964CAF0>	0.1	0	2765	2770	0	True	265.0	M450		2770
232.182	205.905	-10	1219.352	<BeadTracker.Bead object at 0x000001A3C964CD00>	0.1	0	2766	2771	0	True	265.0	M450		2771
232.316	205.786	-10	1243.323	<BeadTracker.Bead object at 0x000001A3C9620040>	0.1	0	2767	2772	0	True	262.0	M450		2772
232.366	205.896	-10	1220.617	<BeadTracker.Bead object at 0x000001A3C9620160>	0.1	0	2768	2773	0	True	266.0	M450		2773
232.432	205.91	-10	1256.691	<BeadTracker.Bead object at 0x000001A3C9620370>	0.1	0	2769	2774	0	True	262.0	M450		2774
232.316	205.939	-10	1261.822	<BeadTracker.Bead object at 0x000001A3C9620580>	0.1	0	2770	2775	0	True	262.0	M450		2775
232.317	205.755	-10	1258.551	<BeadTracker.Bead object at 0x000001A3C9620790>	0.1	0	2771	2776	0	True	261.0	M450		2776
232.345	205.876	-10	1240.231	<BeadTracker.Bead object at 0x000001A3C96209A0>	0.1	0	2772	2777	0	True	264.0	M450		2777
232.455	205.895	-10	1253.677	<BeadTracker.Bead object at 0x000001A3C9620BB0>	0.1	0	2773	2778	0	True	263.0	M450		2778
232.46	205.844	-10	1254.15	<BeadTracker.Bead object at 0x000001A3C9620DC0>	0.1	0	2774	2779	0	True	261.0	M450		2779
232.466	205.679	-10	1278.993	<BeadTracker.Bead object at 0x000001A3C9620FD0>	0.1	0	2775	2780	0	True	256.0	M450		2780
232.478	205.892	-10	1269.171	<BeadTracker.Bead object at 0x000001A3C964F220>	0.1	0	2776	2781	0	True	260.0	M450		2781
232.443	205.64	-10	1249.92	<BeadTracker.Bead object at 0x000001A3C964F430>	0.1	0	2777	2782	0	True	260.0	M450		2782
232.444	205.743	-10	1250.328	<BeadTracker.Bead object at 0x000001A3C964F640>	0.1	0	2778	2783	0	True	262.0	M450		2783
232.391	205.586	-10	1275.108	<BeadTracker.Bead object at 0x000001A3C964F850>	0.1	0	2779	2784	0	True	255.0	M450		2784
232.355	205.857	-10	1254.586	<BeadTracker.Bead object at 0x000001A3C964FA60>	0.1	0	2780	2785	0	True	261.0	M450		2785
232.372	205.643	-10	1253.279	<BeadTracker.Bead object at 0x000001A3C964FC70>	0.1	0	2781	2786	0	True	258.0	M450		2786
232.401	205.785	-10	1233.25	<BeadTracker.Bead object at 0x000001A3C964FBE0>	0.1	0	2782	2787	0	True	261.0	M450		2787
232.329	205.569	-10	1247.741	<BeadTracker.Bead object at 0x000001A3C96220D0>	0.1	0	2783	2788	0	True	259.0	M450		2788
232.31	205.781	-10	1237.259	<BeadTracker.Bead object at 0x000001A3C96222E0>	0.1	0	2784	2789	0	True	261.0	M450		2789
232.345	205.6	-10	1234.341	<BeadTracker.Bead object at 0x000001A3C96224F0>	0.1	0	2785	2790	0	True	261.0	M450		2790
232.367	205.607	-10	1219.175	<BeadTracker.Bead object at 0x000001A3C9622910>	0.1	0	2787	2792	0	True	264.0	M450		2792
232.346	205.611	-10	1234.027	<BeadTracker.Bead object at 0x000001A3C9622B20>	0.1	0	2788	2793	0	True	261.0	M450		2793
232.322	205.643	-10	1239.294	<BeadTracker.Bead object at 0x000001A3C9622D30>	0.1	0	2789	2794	0	True	260.0	M450		2794
232.342	205.737	-10	1215.143	<BeadTracker.Bead object at 0x000001A3C9652070>	0.1	0	2790	2795	0	True	264.0	M450		2795
232.311	205.621	-10	1212.664	<BeadTracker.Bead object at 0x000001A3C9652190>	0.1	0	2791	2796	0	True	265.0	M450		2796
232.394	205.755	-10	1207.753	<BeadTracker.Bead object at 0x000001A3C96523A0>	0.1	0	2792	2797	0	True	265.0	M450		2797
232.398	205.807	-10	1227.116	<BeadTracker.Bead object at 0x000001A3C96525B0>	0.1	0	2793	2798	0	True	262.0	M450		2798
232.38	205.89	-10	1229.649	<BeadTracker.Bead object at 0x000001A3C96527C0>	0.1	0	2794	2799	0	True	263.0	M450		2799
232.346	205.745	-10	1227.803	<BeadTracker.Bead object at 0x000001A3C96529D0>	0.1	0	2795	2800	0	True	262.0	M450		2800
232.405	205.856	-10	1232.862	<BeadTracker.Bead object at 0x000001A3C9652BE0>	0.1	0	2796	2801	0	True	263.0	M450		2801
232.367	205.705	-10	1246.479	<BeadTracker.Bead object at 0x000001A3C9652DF0>	0.1	0	2797	2802	0	True	260.0	M450		2802
232.372	206.022	-10	1235.038	<BeadTracker.Bead object at 0x000001A3CC287700>	0.1	0	2798	2803	0	True	264.0	M450		2803
232.424	205.99	-10	1228.979	<BeadTracker.Bead object at 0x000001A3CC2872E0>	0.1	0	2799	2804	0	True	263.0	M450		2804
232.409	205.892	-10	1239.151	<BeadTracker.Bead object at 0x000001A3CC2873A0>	0.1	0	2800	2805	0	True	263.0	M450		2805
232.41	205.733	-10	1252.325	<BeadTracker.Bead object at 0x000001A3CC287910>	0.1	0	2801	2806	0	True	258.0	M450		2806
232.53	205.94	-10	1260.691	<BeadTracker.Bead object at 0x000001A3CC287A00>	0.1	0	2802	2807	0	True	266.0	M450		2807
232.493	205.979	-10	1273.194	<BeadTracker.Bead object at 0x000001A3CC287D30>	0.1	0	2803	2808	0	True	260.0	M450		2808
232.496	206.055	-10	1232.94	<BeadTracker.Bead object at 0x000001A3CC287E20>	0.1	0	2804	2809	0	True	263.0	M450		2809
232.516	205.865	-10	1256.57	<BeadTracker.Bead object at 0x000001A3CC274DC0>	0.1	0	2805	2810	0	True	266.0	M450		2810
232.581	205.979	-10	1278.656	<BeadTracker.Bead object at 0x000001A3CC2740D0>	0.1	0	2806	2811	0	True	264.0	M450		2811
232.599	205.909	-10	1287.831	<BeadTracker.Bead object at 0x000001A3CC274520>	0.1	0	2807	2812	0	True	263.0	M450		2812
232.59	205.974	-10	1266.602	<BeadTracker.Bead object at 0x000001A3CC274730>	0.1	0	2808	2813	0	True	265.0	M450		2813
232.62	206.001	-10	1279.022	<BeadTracker.Bead object at 0x000001A3CC274850>	0.1	0	2809	2814	0	True	263.0	M450		2814
232.632	205.956	-10	1277.893	<BeadTracker.Bead object at 0x000001A3CC274BB0>	0.1	0	2810	2815	0	True	263.0	M450		2815
232.659	205.881	-10	1291.232	<BeadTracker.Bead object at 0x000001A3CC274CA0>	0.1	0	2811	2816	0	True	261.0	M450		2816
232.679	205.832	-10	1286.031	<BeadTracker.Bead object at 0x000001A3CC274EB0>	0.1	0	2812	2817	0	True	262.0	M450		2817
232.625	205.852	-10	1270.622	<BeadTracker.Bead object at 0x000001A3CC2830A0>	0.1	0	2813	2818	0	True	262.0	M450		2818
232.547	205.92	-10	1269.226	<BeadTracker.Bead object at 0x000001A3CC2831C0>	0.1	0	2814	2819	0	True	265.0	M450		2819
232.576	205.752	-10	1274.87	<BeadTracker.Bead object at 0x000001A3CC2833D0>	0.1	0	2815	2820	0	True	263.0	M450		2820
232.583	205.775	-10	1266.409	<BeadTracker.Bead object at 0x000001A3CC2835E0>	0.1	0	2816	2821	0	True	264.0	M450		2821
232.564	205.866	-10	1266.269	<BeadTracker.Bead object at 0x000001A3CC2837F0>	0.1	0	2817	2822	0	True	265.0	M450		2822
232.536	205.87	-10	1247.18	<BeadTracker.Bead object at 0x000001A3CC283A00>	0.1	0	2818	2823	0	True	265.0	M450		2823
232.57	205.685	-10	1247.281	<BeadTracker.Bead object at 0x000001A3CC283C10>	0.1	0	2819	2824	0	True	264.0	M450		2824
232.601	205.73	-10	1254.875	<BeadTracker.Bead object at 0x000001A3CC283E20>	0.1	0	2820	2825	0	True	263.0	M450		2825
232.577	205.709	-10	1250.516	<BeadTracker.Bead object at 0x000001A3CC272B80>	0.1	0	2821	2826	0	True	263.0	M450		2826
232.531	205.915	-10	1248.797	<BeadTracker.Bead object at 0x000001A3CC2721F0>	0.1	0	2822	2827	0	True	265.0	M450		2827
232.534	205.848	-10	1258.218	<BeadTracker.Bead object at 0x000001A3CC2726D0>	0.1	0	2823	2828	0	True	265.0	M450		2828
232.564	205.869	-10	1229.718	<BeadTracker.Bead object at 0x000001A3CC272370>	0.1	0	2824	2829	0	True	267.0	M450		2829
232.491	205.737	-10	1241.774	<BeadTracker.Bead object at 0x000001A3CC2727F0>	0.1	0	2825	2830	0	True	260.0	M450		2830
232.502	206.003	-10	1244.142	<BeadTracker.Bead object at 0x000001A3CC2724C0>	0.1	0	2826	2831	0	True	268.0	M450		2831
232.606	206.195	-10	1231.719	<BeadTracker.Bead object at 0x000001A3CC272C40>	0.1	0	2827	2832	0	True	286.0	M450		2832
232.606	206.041	-10	1223.699	<BeadTracker.Bead object at 0x000001A3CC280040>	0.1	0	2828	2833	0	True	286.0	M450		2833
232.664	205.854	-10	1241.511	<BeadTracker.Bead object at 0x000001A3CC280130>	0.1	0	2829	2834	0	True	266.0	M450		2834
232.604	205.871	-10	1225.099	<BeadTracker.Bead object at 0x000001A3CC280340>	0.1	0	2830	2835	0	True	268.0	M450		2835
232.608	205.929	-10	1241.504	<BeadTracker.Bead object at 0x000001A3CC280550>	0.1	0	2831	2836	0	True	268.0	M450		2836
232.696	205.934	-10	1221.411	<BeadTracker.Bead object at 0x000001A3CC280760>	0.1	0	2832	2837	0	True	269.0	M450		2837
232.739	205.861	-10	1256.885	<BeadTracker.Bead object at 0x000001A3CC280970>	0.1	0	2833	2838	0	True	266.0	M450		2838
232.653	205.966	-10	1258.538	<BeadTracker.Bead object at 0x000001A3CC280B80>	0.1	0	2834	2839	0	True	267.0	M450		2839
232.688	205.716	-10	1268.634	<BeadTracker.Bead object at 0x000001A3CC280D90>	0.1	0	2835	2840	0	True	263.0	M450		2840
232.802	205.995	-10	1257.921	<BeadTracker.Bead object at 0x000001A3CC277190>	0.1	0	2836	2841	0	True	265.0	M450		2841
232.736	205.958	-10	1263.48	<BeadTracker.Bead object at 0x000001A3CC2771F0>	0.1	0	2837	2842	0	True	264.0	M450		2842
232.718	205.9	-10	1288.048	<BeadTracker.Bead object at 0x000001A3CC277400>	0.1	0	2838	2843	0	True	262.0	M450		2843
232.829	205.819	-10	1294.532	<BeadTracker.Bead object at 0x000001A3CC277610>	0.1	0	2839	2844	0	True	262.0	M450		2844
232.784	205.854	-10	1276.033	<BeadTracker.Bead object at 0x000001A3CC277820>	0.1	0	2840	2845	0	True	263.0	M450		2845
232.808	205.898	-10	1298.567	<BeadTracker.Bead object at 0x000001A3CC277A30>	0.1	0	2841	2846	0	True	262.0	M450		2846
232.851	205.945	-10	1283.21	<BeadTracker.Bead object at 0x000001A3CC277C40>	0.1	0	2842	2847	0	True	262.0	M450		2847
232.965	205.812	-10	1275.458	<BeadTracker.Bead object at 0x000001A3CC277E50>	0.1	0	2843	2848	0	True	262.0	M450		2848
232.873	205.863	-10	1263.824	<BeadTracker.Bead object at 0x000001A3CC2580A0>	0.1	0	2844	2849	0	True	263.0	M450		2849
232.831	205.792	-10	1293.379	<BeadTracker.Bead object at 0x000001A3CC2582B0>	0.1	0	2845	2850	0	True	261.0	M450		2850
232.864	205.942	-10	1288.867	<BeadTracker.Bead object at 0x000001A3CC2584C0>	0.1	0	2846	2851	0	True	263.0	M450		2851
232.952	205.874	-10	1267.085	<BeadTracker.Bead object at 0x000001A3CC2586D0>	0.1	0	2847	2852	0	True	264.0	M450		2852
232.806	205.797	-10	1277.19	<BeadTracker.Bead object at 0x000001A3CC2588E0>	0.1	0	2848	2853	0	True	262.0	M450		2853
232.848	205.611	-10	1279.247	<BeadTracker.Bead object at 0x000001A3CC258AF0>	0.1	0	2849	2854	0	True	258.0	M450		2854
232.866	205.713	-10	1267.927	<BeadTracker.Bead object at 0x000001A3CC258D00>	0.1	0	2850	2855	0	True	262.0	M450		2855
232.889	205.828	-10	1274.804	<BeadTracker.Bead object at 0x000001A3CC28B040>	0.1	0	2851	2856	0	True	263.0	M450		2856
232.867	205.824	-10	1245.731	<BeadTracker.Bead object at 0x000001A3CC28B160>	0.1	0	2852	2857	0	True	265.0	M450		2857
232.868	205.592	-10	1269.727	<BeadTracker.Bead object at 0x000001A3CC28B370>	0.1	0	2853	2858	0	True	261.0	M450		2858
232.841	205.796	-10	1259.006	<BeadTracker.Bead object at 0x000001A3CC28B580>	0.1	0	2854	2859	0	True	265.0	M450		2859
232.787	205.657	-10	1257.562	<BeadTracker.Bead object at 0x000001A3CC28B790>	0.1	0	2855	2860	0	True	264.0	M450		2860
232.908	205.699	-10	1253.989	<BeadTracker.Bead object at 0x000001A3CC28B9A0>	0.1	0	2856	2861	0	True	264.0	M450		2861
232.879	205.701	-10	1272.934	<BeadTracker.Bead object at 0x000001A3CC28BDC0>	0.1	0	2858	2863	0	True	262.0	M450		2863
232.93	205.731	-10	1276.566	<BeadTracker.Bead object at 0x000001A3CC28BFD0>	0.1	0	2859	2864	0	True	261.0	M450		2864
232.792	205.656	-10	1223.497	<BeadTracker.Bead object at 0x000001A3CC26D220>	0.1	0	2860	2865	0	True	266.0	M450		2865
232.929	205.643	-10	1261.1	<BeadTracker.Bead object at 0x000001A3CC26D430>	0.1	0	2861	2866	0	True	263.0	M450		2866
232.936	205.621	-10	1252.497	<BeadTracker.Bead object at 0x000001A3CC26D640>	0.1	0	2862	2867	0	True	263.0	M450		2867
233.006	205.613	-10	1263.716	<BeadTracker.Bead object at 0x000001A3CC26D850>	0.1	0	2863	2868	0	True	261.0	M450		2868
232.94	205.814	-10	1259.015	<BeadTracker.Bead object at 0x000001A3CC26DA60>	0.1	0	2864	2869	0	True	262.0	M450		2869
232.889	205.651	-10	1261.631	<BeadTracker.Bead object at 0x000001A3CC26DC70>	0.1	0	2865	2870	0	True	263.0	M450		2870
232.978	205.731	-10	1256.419	<BeadTracker.Bead object at 0x000001A3CC26DBE0>	0.1	0	2866	2871	0	True	264.0	M450		2871
233.057	205.718	-10	1270.824	<BeadTracker.Bead object at 0x000001A3CC27A0D0>	0.1	0	2867	2872	0	True	262.0	M450		2872
232.945	205.761	-10	1276.211	<BeadTracker.Bead object at 0x000001A3CC27A2E0>	0.1	0	2868	2873	0	True	262.0	M450		2873
232.993	205.702	10	1272.922	<BeadTracker.Bead object at 0x000001A3CC27A4F0>	0.0	0	2869	2874	0	True	260.0	M450		2874
232.963	205.734	10	1262.691	<BeadTracker.Bead object at 0x000001A3CC27A700>	0.0	0	2870	2875	0	True	264.0	M450		2875
233.034	205.773	10	1270.876	<BeadTracker.Bead object at 0x000001A3CC27A910>	0.0	0	2871	2876	0	True	261.0	M450		2876
233.085	205.838	10	1252.618	<BeadTracker.Bead object at 0x000001A3CC27AB20>	0.0	0	2872	2877	0	True	265.0	M450		2877
233.104	205.705	10	1275.118	<BeadTracker.Bead object at 0x000001A3CC27AD30>	0.0	0	2873	2878	0	True	259.0	M450		2878
233.079	205.773	10	1251.455	<BeadTracker.Bead object at 0x000001A3CC269070>	0.0	0	2874	2879	0	True	264.0	M450		2879
233.036	205.522	10	1257.985	<BeadTracker.Bead object at 0x000001A3CC269190>	0.0	0	2875	2880	0	True	260.0	M450		2880
233.145	205.591	10	1264.727	<BeadTracker.Bead object at 0x000001A3CC2693A0>	0.0	0	2876	2881	0	True	261.0	M450		2881
233.143	205.624	10	1300.293	<BeadTracker.Bead object at 0x000001A3CC2695B0>	0.0	0	2877	2882	0	True	256.0	M450		2882
233.014	205.61	10	1274.08	<BeadTracker.Bead object at 0x000001A3CC2697C0>	0.0	0	2878	2883	0	True	259.0	M450		2883
233.269	205.426	10	1268.699	<BeadTracker.Bead object at 0x000001A3CC2699D0>	0.0	0	2879	2884	0	True	288.0	M450		2884
233.067	205.278	10	1259.071	<BeadTracker.Bead object at 0x000001A3CC269BE0>	0.0	0	2880	2885	0	True	288.0	M450		2885
233.175	205.39	10	1297.829	<BeadTracker.Bead object at 0x000001A3CC269DF0>	0.0	0	2881	2886	0	True	267.0	M450		2886
233.165	205.508	10	1264.545	<BeadTracker.Bead object at 0x000001A3CC257040>	0.0	0	2882	2887	0	True	259.0	M450		2887
233.223	205.39	10	1288.192	<BeadTracker.Bead object at 0x000001A3CC257250>	0.0	0	2883	2888	0	True	265.0	M450		2888
233.122	205.533	10	1241.033	<BeadTracker.Bead object at 0x000001A3CC257460>	0.0	0	2884	2889	0	True	262.0	M450		2889
233.076	205.342	10	1263.342	<BeadTracker.Bead object at 0x000001A3CC257670>	0.0	0	2885	2890	0	True	268.0	M450		2890
233.101	205.376	10	1263.97	<BeadTracker.Bead object at 0x000001A3CC257880>	0.0	0	2886	2891	0	True	288.0	M450		2891
233.01	205.391	10	1266.278	<BeadTracker.Bead object at 0x000001A3CC257A90>	0.0	0	2887	2892	0	True	288.0	M450		2892
232.998	205.498	10	1215.392	<BeadTracker.Bead object at 0x000001A3CC257CA0>	0.0	0	2888	2893	0	True	292.0	M450		2893
233.004	205.379	10	1204.992	<BeadTracker.Bead object at 0x000001A3C6BF8040>	0.0	0	2889	2894	0	True	290.0	M450		2894
232.955	205.378	10	1212.983	<BeadTracker.Bead object at 0x000001A3C6BF8100>	0.0	0	2890	2895	0	True	290.0	M450		2895
233.063	205.417	10	1225.003	<BeadTracker.Bead object at 0x000001A3C6BF8310>	0.0	0	2891	2896	0	True	290.0	M450		2896
232.964	205.533	10	1203.314	<BeadTracker.Bead object at 0x000001A3C6BF8520>	0.0	0	2892	2897	0	True	267.0	M450		2897
233.067	205.429	10	1202.449	<BeadTracker.Bead object at 0x000001A3C6BF8730>	0.0	0	2893	2898	0	True	290.0	M450		2898
232.983	205.521	10	1185.81	<BeadTracker.Bead object at 0x000001A3C6BF8940>	0.0	0	2894	2899	0	True	267.0	M450		2899
232.975	205.356	10	1222.573	<BeadTracker.Bead object at 0x000001A3C6BF8B50>	0.0	0	2895	2900	0	True	289.0	M450		2900
232.99	205.499	10	1231.116	<BeadTracker.Bead object at 0x000001A3C6BF8D60>	0.0	0	2896	2901	0	True	290.0	M450		2901
233.063	205.543	10	1209.961	<BeadTracker.Bead object at 0x000001A3C6BF95E0>	0.0	0	2897	2902	0	True	265.0	M450		2902
232.993	205.602	10	1186.805	<BeadTracker.Bead object at 0x000001A3C6BF91C0>	0.0	0	2898	2903	0	True	284.0	M450		2903
232.982	205.515	10	1196.048	<BeadTracker.Bead object at 0x000001A3C6BF9250>	0.0	0	2899	2904	0	True	268.0	M450		2904
233.089	205.382	10	1222.656	<BeadTracker.Bead object at 0x000001A3C6BF9820>	0.0	0	2900	2905	0	True	289.0	M450		2905
233.248	205.494	10	1233.547	<BeadTracker.Bead object at 0x000001A3C6BF9910>	0.0	0	2901	2906	0	True	287.0	M450		2906
233.116	205.501	10	1215.752	<BeadTracker.Bead object at 0x000001A3C6BF9C70>	0.0	0	2902	2907	0	True	265.0	M450		2907
233.147	205.431	10	1207.491	<BeadTracker.Bead object at 0x000001A3C6BF9D60>	0.0	0	2903	2908	0	True	290.0	M450		2908
233.017	205.379	10	1222.002	<BeadTracker.Bead object at 0x000001A3C6BF9FD0>	0.0	0	2904	2909	0	True	289.0	M450		2909
233.164	205.319	10	1234.123	<BeadTracker.Bead object at 0x000001A3C6BFA8B0>	0.0	0	2905	2910	0	True	287.0	M450		2910
233.226	205.415	10	1228.827	<BeadTracker.Bead object at 0x000001A3C6BFA100>	0.0	0	2906	2911	0	True	289.0	M450		2911
233.237	205.404	10	1223.477	<BeadTracker.Bead object at 0x000001A3C6BFA6D0>	0.0	0	2907	2912	0	True	288.0	M450		2912
233.176	205.308	10	1239.138	<BeadTracker.Bead object at 0x000001A3C6BFA430>	0.0	0	2908	2913	0	True	268.0	M450		2913
233.241	205.219	10	1263.171	<BeadTracker.Bead object at 0x000001A3C6BFAB20>	0.0	0	2909	2914	0	True	264.0	M450		2914
233.148	205.258	10	1247.378	<BeadTracker.Bead object at 0x000001A3C6BFA880>	0.0	0	2910	2915	0	True	266.0	M450		2915
233.184	205.394	10	1251.377	<BeadTracker.Bead object at 0x000001A3C6BFAF70>	0.0	0	2911	2916	0	True	268.0	M450		2916
233.169	205.372	10	1223.107	<BeadTracker.Bead object at 0x000001A3C6BE5040>	0.0	0	2912	2917	0	True	289.0	M450		2917
233.126	205.078	10	1241.178	<BeadTracker.Bead object at 0x000001A3C6BE5130>	0.0	0	2913	2918	0	True	267.0	M450		2918
233.029	205.035	10	1241.15	<BeadTracker.Bead object at 0x000001A3C6BE5340>	0.0	0	2914	2919	0	True	267.0	M450		2919
233.05	205.136	10	1252.582	<BeadTracker.Bead object at 0x000001A3C6BE5550>	0.0	0	2915	2920	0	True	266.0	M450		2920
232.949	205.367	10	1199.393	<BeadTracker.Bead object at 0x000001A3C6BE5760>	0.0	0	2916	2921	0	True	291.0	M450		2921
232.887	205.273	10	1180.321	<BeadTracker.Bead object at 0x000001A3C6BE5970>	0.0	0	2917	2922	0	True	291.0	M450		2922
232.789	205.18	10	1164.256	<BeadTracker.Bead object at 0x000001A3C6BE5B80>	0.0	0	2918	2923	0	True	292.0	M450		2923
232.781	205.111	10	1164.584	<BeadTracker.Bead object at 0x000001A3C6BE5D90>	0.0	0	2919	2924	0	True	291.0	M450		2924
232.735	205.124	10	1151.388	<BeadTracker.Bead object at 0x000001A3C6BFF2B0>	0.0	0	2920	2925	0	True	292.0	M450		2925
232.661	205.227	10	1114.278	<BeadTracker.Bead object at 0x000001A3C6BFF130>	0.0	0	2921	2926	0	True	296.0	M450		2926
232.487	205.226	10	1126.177	<BeadTracker.Bead object at 0x000001A3C6BFF610>	0.0	0	2922	2927	0	True	291.0	M450		2927
232.492	204.956	10	1121.098	<BeadTracker.Bead object at 0x000001A3C6BFF730>	0.0	0	2923	2928	0	True	290.0	M450		2928
232.283	205.07	10	1121.151	<BeadTracker.Bead object at 0x000001A3C6BFFA60>	0.0	0	2924	2929	0	True	292.0	M450		2929
232.261	205.231	10	1095.32	<BeadTracker.Bead object at 0x000001A3C6BFFB80>	0.0	0	2925	2930	0	True	296.0	M450		2930
232.111	205.209	10	1046.984	<BeadTracker.Bead object at 0x000001A3C6BFFEB0>	0.0	0	2926	2931	0	True	320.0	M450		2931
232.142	205.045	10	1029.285	<BeadTracker.Bead object at 0x000001A3C6BFFEE0>	0.0	0	2927	2932	0	True	312.0	M450		2932
231.918	204.936	10	1036.713	<BeadTracker.Bead object at 0x000001A3C6BEA0A0>	0.0	0	2928	2933	0	True	310.0	M450		2933
231.798	204.841	10	999.599	<BeadTracker.Bead object at 0x000001A3C6BEA2B0>	0.0	0	2929	2934	0	True	324.0	M450		2934
231.847	204.874	10	960.118	<BeadTracker.Bead object at 0x000001A3C6BEA4C0>	0.0	0	2930	2935	0	True	328.0	M450		2935
231.87	204.82	10	930.443	<BeadTracker.Bead object at 0x000001A3C6BEA6D0>	0.0	0	2931	2936	0	True	330.0	M450		2936
231.604	204.453	10	933.209	<BeadTracker.Bead object at 0x000001A3C6BEA8E0>	0.0	0	2932	2937	0	True	336.0	M450		2937
231.626	204.247	10	944.793	<BeadTracker.Bead object at 0x000001A3C6BEAAF0>	0.0	0	2933	2938	0	True	330.0	M450		2938
231.522	204.169	10	906.459	<BeadTracker.Bead object at 0x000001A3C6BEAD00>	0.0	0	2934	2939	0	True	343.0	M450		2939
231.934	204.339	10	870.021	<BeadTracker.Bead object at 0x000001A3C6BF3040>	0.0	0	2935	2940	0	True	349.0	M450		2940
231.396	204.508	10	879.651	<BeadTracker.Bead object at 0x000001A3C6BF3160>	0.0	0	2936	2941	0	True	348.0	M450		2941
231.668	204.561	10	921.25	<BeadTracker.Bead object at 0x000001A3C6BF3370>	0.0	0	2937	2942	0	True	331.0	M450		2942
231.624	204.621	10	972.24	<BeadTracker.Bead object at 0x000001A3C6BF3580>	0.0	0	2938	2943	0	True	327.0	M450		2943
231.625	204.708	10	991.708	<BeadTracker.Bead object at 0x000001A3C6BF3790>	0.0	0	2939	2944	0	True	326.0	M450		2944
231.629	204.898	10	1015.544	<BeadTracker.Bead object at 0x000001A3C6BF39A0>	0.0	0	2940	2945	0	True	323.0	M450		2945
231.802	204.939	10	1046.285	<BeadTracker.Bead object at 0x000001A3C6BF3BB0>	0.0	0	2941	2946	0	True	310.0	M450		2946
231.63	204.969	10	1085.933	<BeadTracker.Bead object at 0x000001A3C6BF3DC0>	0.0	0	2942	2947	0	True	304.0	M450		2947
231.71	204.92	10	1092.308	<BeadTracker.Bead object at 0x000001A3C6BF3FD0>	0.0	0	2943	2948	0	True	298.0	M450		2948
231.719	205.057	10	1093.534	<BeadTracker.Bead object at 0x000001A3C6C1C220>	0.0	0	2944	2949	0	True	302.0	M450		2949
231.832	205.057	10	1126.694	<BeadTracker.Bead object at 0x000001A3C6C1C430>	0.0	0	2945	2950	0	True	295.0	M450		2950
231.714	205.153	10	1136.365	<BeadTracker.Bead object at 0x000001A3C6C1C640>	0.0	0	2946	2951	0	True	295.0	M450		2951
231.797	205.064	10	1172.622	<BeadTracker.Bead object at 0x000001A3C6C1C850>	0.0	0	2947	2952	0	True	291.0	M450		2952
231.742	205.254	10	1185.871	<BeadTracker.Bead object at 0x000001A3C6C1CA60>	0.0	0	2948	2953	0	True	292.0	M450		2953
231.768	205.281	10	1163.229	<BeadTracker.Bead object at 0x000001A3C6C1CC70>	0.0	0	2949	2954	0	True	293.0	M450		2954
231.726	205.265	10	1139.154	<BeadTracker.Bead object at 0x000001A3C6C1CBE0>	0.0	0	2950	2955	0	True	294.0	M450		2955
231.792	205.312	10	1181.462	<BeadTracker.Bead object at 0x000001A3C6BFB0D0>	0.0	0	2951	2956	0	True	292.0	M450		2956
231.683	205.43	10	1163.981	<BeadTracker.Bead object at 0x000001A3C6BFB2E0>	0.0	0	2952	2957	0	True	293.0	M450		2957
231.78	205.268	10	1185.978	<BeadTracker.Bead object at 0x000001A3C6BFB4F0>	0.0	0	2953	2958	0	True	292.0	M450		2958
231.832	205.366	10	1163.783	<BeadTracker.Bead object at 0x000001A3C6BFB700>	0.0	0	2954	2959	0	True	294.0	M450		2959
231.789	205.446	10	1158.395	<BeadTracker.Bead object at 0x000001A3C6BFB910>	0.0	0	2955	2960	0	True	294.0	M450		2960
231.9	205.465	10	1198.055	<BeadTracker.Bead object at 0x000001A3C6BFBD30>	0.0	0	2957	2962	0	True	292.0	M450		2962
231.829	205.422	10	1193.322	<BeadTracker.Bead object at 0x000001A3C6BF6070>	0.0	0	2958	2963	0	True	292.0	M450		2963
231.951	205.593	10	1168.074	<BeadTracker.Bead object at 0x000001A3C6BF6190>	0.0	0	2959	2964	0	True	285.0	M450		2964
231.83	205.478	10	1181.312	<BeadTracker.Bead object at 0x000001A3C6BF63A0>	0.0	0	2960	2965	0	True	294.0	M450		2965
231.995	205.405	10	1181.461	<BeadTracker.Bead object at 0x000001A3C6BF65B0>	0.0	0	2961	2966	0	True	291.0	M450		2966
231.969	205.602	10	1172.192	<BeadTracker.Bead object at 0x000001A3C6BF67C0>	0.0	0	2962	2967	0	True	286.0	M450		2967
232.076	205.527	10	1197.431	<BeadTracker.Bead object at 0x000001A3C6BF69D0>	0.0	0	2963	2968	0	True	284.0	M450		2968
232.06	205.63	10	1189.979	<BeadTracker.Bead object at 0x000001A3C6BF6BE0>	0.0	0	2964	2969	0	True	269.0	M450		2969
232.198	205.369	10	1207.638	<BeadTracker.Bead object at 0x000001A3C6BF6DF0>	0.0	0	2965	2970	0	True	290.0	M450		2970
232.175	205.582	10	1238.741	<BeadTracker.Bead object at 0x000001A3C6C0E040>	0.0	0	2966	2971	0	True	264.0	M450		2971
232.375	205.409	10	1205.892	<BeadTracker.Bead object at 0x000001A3C6C0E250>	0.0	0	2967	2972	0	True	290.0	M450		2972
232.121	205.458	10	1211.796	<BeadTracker.Bead object at 0x000001A3C6C0E460>	0.0	0	2968	2973	0	True	290.0	M450		2973
232.325	205.5	10	1220.727	<BeadTracker.Bead object at 0x000001A3C6C0E670>	0.0	0	2969	2974	0	True	265.0	M450		2974
232.333	205.469	10	1240.217	<BeadTracker.Bead object at 0x000001A3C6C0E880>	0.0	0	2970	2975	0	True	290.0	M450		2975
232.48	205.509	10	1237.862	<BeadTracker.Bead object at 0x000001A3C6C0EA90>	0.0	0	2971	2976	0	True	260.0	M450		2976
232.292	205.397	10	1235.569	<BeadTracker.Bead object at 0x000001A3C6C0ECA0>	0.0	0	2972	2977	0	True	289.0	M450		2977
232.421	205.343	10	1236.957	<BeadTracker.Bead object at 0x000001A3C6C00040>	0.0	0	2973	2978	0	True	287.0	M450		2978
232.496	205.422	10	1248.448	<BeadTracker.Bead object at 0x000001A3C6C00100>	0.0	0	2974	2979	0	True	268.0	M450		2979
232.524	205.413	10	1260.442	<BeadTracker.Bead object at 0x000001A3C6C00310>	0.0	0	2975	2980	0	True	290.0	M450		2980
232.539	205.378	10	1281.421	<BeadTracker.Bead object at 0x000001A3C6C00520>	0.0	0	2976	2981	0	True	290.0	M450		2981
232.694	205.297	10	1259.503	<BeadTracker.Bead object at 0x000001A3C6C00730>	0.0	0	2977	2982	0	True	288.0	M450		2982
232.481	205.095	10	1257.524	<BeadTracker.Bead object at 0x000001A3C6C00940>	0.0	0	2978	2983	0	True	265.0	M450		2983
232.714	205.278	10	1273.553	<BeadTracker.Bead object at 0x000001A3C6C00B50>	0.0	0	2979	2984	0	True	268.0	M450		2984
232.671	205.364	10	1288.088	<BeadTracker.Bead object at 0x000001A3C6C00D60>	0.0	0	2980	2985	0	True	289.0	M450		2985
232.772	205.348	10	1283.646	<BeadTracker.Bead object at 0x000001A3C6BEB0A0>	0.0	0	2981	2986	0	True	266.0	M450		2986
232.525	205.306	10	1251.916	<BeadTracker.Bead object at 0x000001A3C6BEB1C0>	0.0	0	2982	2987	0	True	288.0	M450		2987
232.661	205.155	10	1250.3	<BeadTracker.Bead object at 0x000001A3C6BEB3D0>	0.0	0	2983	2988	0	True	287.0	M450		2988
232.565	205.295	10	1274.008	<BeadTracker.Bead object at 0x000001A3C6BEB5E0>	0.0	0	2984	2989	0	True	287.0	M450		2989
232.709	205.313	10	1267.634	<BeadTracker.Bead object at 0x000001A3C6BEB7F0>	0.0	0	2985	2990	0	True	289.0	M450		2990
232.641	205.248	10	1261.727	<BeadTracker.Bead object at 0x000001A3C6BEBA00>	0.0	0	2986	2991	0	True	288.0	M450		2991
232.688	205.142	10	1249.445	<BeadTracker.Bead object at 0x000001A3C6BEBC10>	0.0	0	2987	2992	0	True	268.0	M450		2992
232.559	205.134	10	1236.903	<BeadTracker.Bead object at 0x000001A3C6BEBE20>	0.0	0	2988	2993	0	True	289.0	M450		2993
232.73	205.334	10	1244.609	<BeadTracker.Bead object at 0x000001A3CD87B070>	0.0	0	2989	2994	0	True	289.0	M450		2994
232.658	205.419	10	1221.224	<BeadTracker.Bead object at 0x000001A3CD87B280>	0.0	0	2990	2995	0	True	291.0	M450		2995
232.722	205.326	10	1214.178	<BeadTracker.Bead object at 0x000001A3CD87B490>	0.0	0	2991	2996	0	True	291.0	M450		2996
232.616	205.219	10	1202.521	<BeadTracker.Bead object at 0x000001A3CD87B6A0>	0.0	0	2992	2997	0	True	290.0	M450		2997
232.648	205.123	10	1208.948	<BeadTracker.Bead object at 0x000001A3CD87B8B0>	0.0	0	2993	2998	0	True	289.0	M450		2998
232.712	205.236	10	1232.583	<BeadTracker.Bead object at 0x000001A3CD87BAC0>	0.0	0	2994	2999	0	True	289.0	M450		2999
232.83	205.435	10	1225.946	<BeadTracker.Bead object at 0x000001A3CD87BCD0>	0.0	0	2995	3000	0	True	290.0	M450		3000
232.692	205.454	10	1209.899	<BeadTracker.Bead object at 0x000001A3CD85A040>	0.0	0	2996	3001	0	True	292.0	M450		3001
232.7	205.261	10	1195.555	<BeadTracker.Bead object at 0x000001A3CD85A130>	0.0	0	2997	3002	0	True	290.0	M450		3002
232.699	205.305	10	1208.429	<BeadTracker.Bead object at 0x000001A3CD85A340>	0.0	0	2998	3003	0	True	290.0	M450		3003
232.757	205.455	10	1214.805	<BeadTracker.Bead object at 0x000001A3CD85A550>	0.0	0	2999	3004	0	True	291.0	M450		3004
232.657	205.52	10	1184.842	<BeadTracker.Bead object at 0x000001A3CD85A760>	0.0	0	3000	3005	0	True	284.0	M450		3005
232.827	205.457	10	1166.327	<BeadTracker.Bead object at 0x000001A3CD85A970>	0.0	0	3001	3006	0	True	294.0	M450		3006
232.743	206.191	0	1875.236	<BeadTracker.Bead object at 0x000001A3CD85AB80>	1.0	115	3002	3007	0	True	296.0	M450		3007
233.037	205.134	0	1255.309	<BeadTracker.Bead object at 0x000001A3CD85AD90>	2.0	115	3003	3008	0	False	296.0	M450		3008
232.773	206.122	0	602.057	<BeadTracker.Bead object at 0x000001A3CD854190>	3.0	115	3004	3009	0	False	296.0	M450		3009
232.718	206.291	0	1897.143	<BeadTracker.Bead object at 0x000001A3CD8541F0>	1.0	116	3005	3010	0	True	283.0	M450		3010
232.994	205.642	0	1252.31	<BeadTracker.Bead object at 0x000001A3CD854400>	2.0	116	3006	3011	0	False	283.0	M450		3011
232.847	206.496	0	569.419	<BeadTracker.Bead object at 0x000001A3CD854610>	3.0	116	3007	3012	0	False	283.0	M450		3012
232.678	206.474	0	1887.992	<BeadTracker.Bead object at 0x000001A3CD854820>	1.0	117	3008	3013	0	True	295.0	M450		3013
232.844	205.457	0	1246.569	<BeadTracker.Bead object at 0x000001A3CD854A30>	2.0	117	3009	3014	0	False	295.0	M450		3014
232.722	206.598	0	601.441	<BeadTracker.Bead object at 0x000001A3CD854C40>	3.0	117	3010	3015	0	False	295.0	M450		3015
232.575	206.363	0	1851.728	<BeadTracker.Bead object at 0x000001A3CD854E50>	1.0	118	3011	3016	0	True	270.0	M450		3016
232.887	205.801	0	1224.666	<BeadTracker.Bead object at 0x000001A3CD8720A0>	2.0	118	3012	3017	0	False	270.0	M450		3017
232.758	206.591	0	593.548	<BeadTracker.Bead object at 0x000001A3CD8722B0>	3.0	118	3013	3018	0	False	270.0	M450		3018
232.637	206.556	0	1845.275	<BeadTracker.Bead object at 0x000001A3CD8724C0>	1.0	119	3014	3019	0	True	284.0	M450		3019
232.991	205.62	0	1209.727	<BeadTracker.Bead object at 0x000001A3CD8726D0>	2.0	119	3015	3020	0	False	284.0	M450		3020
232.764	206.426	0	601.919	<BeadTracker.Bead object at 0x000001A3CD8728E0>	3.0	119	3016	3021	0	False	284.0	M450		3021
232.494	205.976	0	1856.273	<BeadTracker.Bead object at 0x000001A3CD872AF0>	1.0	120	3017	3022	0	True	292.0	M450		3022
232.869	205.143	0	1250.457	<BeadTracker.Bead object at 0x000001A3CD872D00>	2.0	120	3018	3023	0	False	292.0	M450		3023
232.496	205.896	0	573.203	<BeadTracker.Bead object at 0x000001A3CD852040>	3.0	120	3019	3024	0	False	292.0	M450		3024
232.286	203.916	0	1851.671	<BeadTracker.Bead object at 0x000001A3CD852160>	1.0	121	3020	3026	0	True	290.0	M450		3026
232.86	203.21	0	1263.14	<BeadTracker.Bead object at 0x000001A3CD852370>	2.0	121	3021	3027	0	False	290.0	M450		3027
232.486	204.04	0	576.119	<BeadTracker.Bead object at 0x000001A3CD852580>	3.0	121	3022	3028	0	False	290.0	M450		3028
232.542	203.874	0	1862.084	<BeadTracker.Bead object at 0x000001A3CD852790>	1.0	122	3023	3029	0	True	273.0	M450		3029
233.06	203.133	0	1282.312	<BeadTracker.Bead object at 0x000001A3CD8529A0>	2.0	122	3024	3030	0	False	273.0	M450		3030
232.551	204.022	0	571.572	<BeadTracker.Bead object at 0x000001A3CD852BB0>	3.0	122	3025	3031	0	False	273.0	M450		3031
232.592	204.257	0	1834.212	<BeadTracker.Bead object at 0x000001A3CD852DC0>	1.0	123	3026	3032	0	True	295.0	M450		3032
232.959	203.364	0	1208.494	<BeadTracker.Bead object at 0x000001A3CD852FD0>	2.0	123	3027	3033	0	False	295.0	M450		3033
232.419	204.295	0	568.338	<BeadTracker.Bead object at 0x000001A3CD855220>	3.0	123	3028	3034	0	False	295.0	M450		3034
232.577	204.17	0	1832.453	<BeadTracker.Bead object at 0x000001A3CD855430>	1.0	124	3029	3035	0	True	295.0	M450		3035
232.883	203.381	0	1228.784	<BeadTracker.Bead object at 0x000001A3CD855640>	2.0	124	3030	3036	0	False	295.0	M450		3036
232.393	204.285	0	567.637	<BeadTracker.Bead object at 0x000001A3CD855850>	3.0	124	3031	3037	0	False	295.0	M450		3037
232.484	204.181	0	1820.68	<BeadTracker.Bead object at 0x000001A3CD855A60>	1.0	125	3032	3038	0	True	298.0	M450		3038
232.942	203.457	0	1228.092	<BeadTracker.Bead object at 0x000001A3CD855C70>	2.0	125	3033	3039	0	False	298.0	M450		3039
232.599	204.313	0	613.463	<BeadTracker.Bead object at 0x000001A3CD855BE0>	3.0	125	3034	3040	0	False	298.0	M450		3040
232.328	204.078	0	1820.322	<BeadTracker.Bead object at 0x000001A3CD8690D0>	1.0	126	3035	3041	0	True	294.0	M450		3041
232.935	203.43	0	1254.256	<BeadTracker.Bead object at 0x000001A3CD8692E0>	2.0	126	3036	3042	0	False	294.0	M450		3042
232.212	204.107	0	586.198	<BeadTracker.Bead object at 0x000001A3CD8694F0>	3.0	126	3037	3043	0	False	294.0	M450		3043
231.966	204.319	-11	746.962	<BeadTracker.Bead object at 0x000001A3CD869700>	0.1	0	3038	3044	0	True	334.0	M450		3044
232.033	204.067	-11	1001.896	<BeadTracker.Bead object at 0x000001A3CD869910>	0.1	0	3039	3045	0	True	315.0	M450		3045
232.414	203.636	-11	1214.619	<BeadTracker.Bead object at 0x000001A3CD869D30>	0.1	0	3041	3047	0	True	276.0	M450		3047
232.577	203.638	-11	1206.094	<BeadTracker.Bead object at 0x000001A3CD858070>	0.1	0	3042	3048	0	True	269.0	M450		3048
232.523	203.535	-11	1225.384	<BeadTracker.Bead object at 0x000001A3CD858190>	0.1	0	3043	3049	0	True	268.0	M450		3049
232.552	203.362	-11	1238.724	<BeadTracker.Bead object at 0x000001A3CD8583A0>	0.1	0	3044	3050	0	True	290.0	M450		3050
232.508	203.525	-11	1215.403	<BeadTracker.Bead object at 0x000001A3CD8585B0>	0.1	0	3045	3051	0	True	268.0	M450		3051
232.574	203.574	-11	1216.572	<BeadTracker.Bead object at 0x000001A3CD8587C0>	0.1	0	3046	3052	0	True	268.0	M450		3052
232.538	203.576	-11	1206.513	<BeadTracker.Bead object at 0x000001A3CD8589D0>	0.1	0	3047	3053	0	True	283.0	M450		3053
232.681	203.355	-11	1227.478	<BeadTracker.Bead object at 0x000001A3CD858BE0>	0.1	0	3048	3054	0	True	290.0	M450		3054
232.514	203.407	-11	1217.436	<BeadTracker.Bead object at 0x000001A3CD88A040>	0.1	0	3050	3056	0	True	291.0	M450		3056
232.55	203.49	-11	1215.721	<BeadTracker.Bead object at 0x000001A3CD88A250>	0.1	0	3051	3057	0	True	290.0	M450		3057
232.574	203.415	-11	1212.383	<BeadTracker.Bead object at 0x000001A3CD88A460>	0.1	0	3052	3058	0	True	291.0	M450		3058
232.461	203.362	-11	1237.726	<BeadTracker.Bead object at 0x000001A3CD88A670>	0.1	0	3053	3059	0	True	269.0	M450		3059
232.55	203.257	-11	1228.598	<BeadTracker.Bead object at 0x000001A3CD88A880>	0.1	0	3054	3060	0	True	289.0	M450		3060
232.469	203.416	-11	1194.444	<BeadTracker.Bead object at 0x000001A3CD88AA90>	0.1	0	3055	3061	0	True	288.0	M450		3061
232.453	203.424	-11	1183.379	<BeadTracker.Bead object at 0x000001A3CD88ACA0>	0.1	0	3056	3062	0	True	290.0	M450		3062
232.506	203.495	-11	1169.815	<BeadTracker.Bead object at 0x000001A3CD871040>	0.1	0	3057	3063	0	True	294.0	M450		3063
232.417	203.389	-11	1208.113	<BeadTracker.Bead object at 0x000001A3CD871100>	0.1	0	3058	3064	0	True	288.0	M450		3064
232.425	203.469	-11	1195.491	<BeadTracker.Bead object at 0x000001A3CD871310>	0.1	0	3059	3065	0	True	289.0	M450		3065
232.43	203.32	-11	1178.917	<BeadTracker.Bead object at 0x000001A3CD871520>	0.1	0	3060	3066	0	True	288.0	M450		3066
232.424	203.408	-11	1178.196	<BeadTracker.Bead object at 0x000001A3CD871730>	0.1	0	3061	3067	0	True	289.0	M450		3067
232.542	203.404	-11	1190.971	<BeadTracker.Bead object at 0x000001A3CD871940>	0.1	0	3062	3068	0	True	291.0	M450		3068
232.386	203.443	-11	1181.515	<BeadTracker.Bead object at 0x000001A3CD871B50>	0.1	0	3063	3069	0	True	290.0	M450		3069
232.445	203.456	-11	1185.329	<BeadTracker.Bead object at 0x000001A3CD871D60>	0.1	0	3064	3070	0	True	289.0	M450		3070
232.47	203.535	-11	1147.949	<BeadTracker.Bead object at 0x000001A3CD8760A0>	0.1	0	3065	3071	0	True	282.0	M450		3071
232.556	203.515	-11	1175.652	<BeadTracker.Bead object at 0x000001A3CD8761C0>	0.1	0	3066	3072	0	True	285.0	M450		3072
232.503	203.565	-11	1180.468	<BeadTracker.Bead object at 0x000001A3CD8763D0>	0.1	0	3067	3073	0	True	284.0	M450		3073
232.558	203.467	-11	1219.226	<BeadTracker.Bead object at 0x000001A3CD8765E0>	0.1	0	3068	3074	0	True	291.0	M450		3074
232.41	203.48	-11	1196.361	<BeadTracker.Bead object at 0x000001A3CD8767F0>	0.1	0	3069	3075	0	True	289.0	M450		3075
232.54	203.482	-11	1188.567	<BeadTracker.Bead object at 0x000001A3CD876A00>	0.1	0	3070	3076	0	True	292.0	M450		3076
232.55	203.52	-11	1184.779	<BeadTracker.Bead object at 0x000001A3CD876C10>	0.1	0	3071	3077	0	True	284.0	M450		3077
232.705	203.557	-11	1215.426	<BeadTracker.Bead object at 0x000001A3CD876E20>	0.1	0	3072	3078	0	True	266.0	M450		3078
232.575	203.539	-11	1194.15	<BeadTracker.Bead object at 0x000001A3CD887070>	0.1	0	3073	3079	0	True	284.0	M450		3079
232.704	203.427	-11	1212.263	<BeadTracker.Bead object at 0x000001A3CD887280>	0.1	0	3074	3080	0	True	290.0	M450		3080
232.724	203.486	-11	1218.225	<BeadTracker.Bead object at 0x000001A3CD887490>	0.1	0	3075	3081	0	True	291.0	M450		3081
232.801	203.419	-11	1223.778	<BeadTracker.Bead object at 0x000001A3CD8876A0>	0.1	0	3076	3082	0	True	290.0	M450		3082
232.738	203.512	-11	1238.289	<BeadTracker.Bead object at 0x000001A3CD8878B0>	0.1	0	3077	3083	0	True	267.0	M450		3083
232.788	203.491	-11	1225.098	<BeadTracker.Bead object at 0x000001A3CD887AC0>	0.1	0	3078	3084	0	True	290.0	M450		3084
232.782	203.371	-11	1221.492	<BeadTracker.Bead object at 0x000001A3CD887CD0>	0.1	0	3079	3085	0	True	289.0	M450		3085
232.841	203.336	-11	1238.875	<BeadTracker.Bead object at 0x000001A3CD86C040>	0.1	0	3080	3086	0	True	287.0	M450		3086
232.784	203.434	-11	1223.976	<BeadTracker.Bead object at 0x000001A3CD86C130>	0.1	0	3081	3087	0	True	290.0	M450		3087
232.928	203.329	-11	1238.241	<BeadTracker.Bead object at 0x000001A3CD86C340>	0.1	0	3082	3088	0	True	288.0	M450		3088
232.816	203.396	-11	1247.721	<BeadTracker.Bead object at 0x000001A3CD86C550>	0.1	0	3083	3089	0	True	287.0	M450		3089
232.974	203.376	-11	1243.716	<BeadTracker.Bead object at 0x000001A3CD86C760>	0.1	0	3084	3090	0	True	288.0	M450		3090
232.913	203.333	-11	1227.447	<BeadTracker.Bead object at 0x000001A3CD86C970>	0.1	0	3085	3091	0	True	289.0	M450		3091
232.895	203.396	-11	1249.723	<BeadTracker.Bead object at 0x000001A3CD86CB80>	0.1	0	3086	3092	0	True	288.0	M450		3092
232.776	203.375	-11	1229.224	<BeadTracker.Bead object at 0x000001A3CD86CD90>	0.1	0	3087	3093	0	True	288.0	M450		3093
232.863	203.275	-11	1217.018	<BeadTracker.Bead object at 0x000001A3C29A9190>	0.1	0	3088	3094	0	True	289.0	M450		3094
232.894	203.349	-11	1227.508	<BeadTracker.Bead object at 0x000001A3C29A91F0>	0.1	0	3089	3095	0	True	288.0	M450		3095
232.943	203.119	-11	1234.783	<BeadTracker.Bead object at 0x000001A3C29A9400>	0.1	0	3090	3096	0	True	268.0	M450		3096
232.821	203.283	-11	1228.254	<BeadTracker.Bead object at 0x000001A3C29A9610>	0.1	0	3091	3097	0	True	288.0	M450		3097
232.936	203.225	-11	1224.492	<BeadTracker.Bead object at 0x000001A3C29A9820>	0.1	0	3092	3098	0	True	286.0	M450		3098
232.72	203.262	-11	1203.735	<BeadTracker.Bead object at 0x000001A3C29A9A30>	0.1	0	3093	3099	0	True	289.0	M450		3099
232.954	203.265	-11	1208.036	<BeadTracker.Bead object at 0x000001A3C29A9C40>	0.1	0	3094	3100	0	True	288.0	M450		3100
232.868	203.358	-11	1204.038	<BeadTracker.Bead object at 0x000001A3C29A9E50>	0.1	0	3095	3101	0	True	290.0	M450		3101
232.94	203.449	-11	1203.185	<BeadTracker.Bead object at 0x000001A3C29940A0>	0.1	0	3096	3102	0	True	291.0	M450		3102
232.82	203.464	-11	1206.319	<BeadTracker.Bead object at 0x000001A3C29942B0>	0.1	0	3097	3103	0	True	291.0	M450		3103
232.887	203.298	-11	1192.921	<BeadTracker.Bead object at 0x000001A3C29944C0>	0.1	0	3098	3104	0	True	290.0	M450		3104
232.924	203.386	-11	1195.325	<BeadTracker.Bead object at 0x000001A3C29946D0>	0.1	0	3099	3105	0	True	289.0	M450		3105
232.951	203.361	-11	1223.528	<BeadTracker.Bead object at 0x000001A3C29948E0>	0.1	0	3100	3106	0	True	289.0	M450		3106
232.878	203.469	-11	1204.734	<BeadTracker.Bead object at 0x000001A3C2994AF0>	0.1	0	3101	3107	0	True	291.0	M450		3107
232.955	203.37	-11	1191.499	<BeadTracker.Bead object at 0x000001A3C2994D00>	0.1	0	3102	3108	0	True	290.0	M450		3108
232.99	203.347	-11	1190.046	<BeadTracker.Bead object at 0x000001A3C299E040>	0.1	0	3103	3109	0	True	290.0	M450		3109
233.099	203.409	-11	1197.237	<BeadTracker.Bead object at 0x000001A3C299E160>	0.1	0	3104	3110	0	True	290.0	M450		3110
232.988	203.392	-11	1210.599	<BeadTracker.Bead object at 0x000001A3C299E370>	0.1	0	3105	3111	0	True	290.0	M450		3111
233.111	203.48	-11	1217.323	<BeadTracker.Bead object at 0x000001A3C299E580>	0.1	0	3106	3112	0	True	290.0	M450		3112
233.05	203.515	-11	1206.491	<BeadTracker.Bead object at 0x000001A3C299E790>	0.1	0	3107	3113	0	True	267.0	M450		3113
233.136	203.335	-11	1196.058	<BeadTracker.Bead object at 0x000001A3C299E9A0>	0.1	0	3108	3114	0	True	289.0	M450		3114
233.12	203.321	-11	1223.371	<BeadTracker.Bead object at 0x000001A3C299EBB0>	0.1	0	3109	3115	0	True	288.0	M450		3115
233.206	203.426	-11	1227.14	<BeadTracker.Bead object at 0x000001A3C299EDC0>	0.1	0	3110	3116	0	True	288.0	M450		3116
233.202	203.49	-11	1217.316	<BeadTracker.Bead object at 0x000001A3C299EFD0>	0.1	0	3111	3117	0	True	290.0	M450		3117
233.237	203.358	-11	1213.258	<BeadTracker.Bead object at 0x000001A3C2996220>	0.1	0	3112	3118	0	True	288.0	M450		3118
233.286	203.264	-11	1239.592	<BeadTracker.Bead object at 0x000001A3C2996430>	0.1	0	3113	3119	0	True	269.0	M450		3119
233.325	203.182	-11	1263.646	<BeadTracker.Bead object at 0x000001A3C2996640>	0.1	0	3114	3120	0	True	265.0	M450		3120
233.148	203.331	-11	1249.647	<BeadTracker.Bead object at 0x000001A3C2996850>	0.1	0	3115	3121	0	True	268.0	M450		3121
233.302	203.299	-11	1219.388	<BeadTracker.Bead object at 0x000001A3C2996A60>	0.1	0	3116	3122	0	True	287.0	M450		3122
233.297	203.345	-11	1243.885	<BeadTracker.Bead object at 0x000001A3C2996C70>	0.1	0	3117	3123	0	True	269.0	M450		3123
233.307	203.283	-11	1257.421	<BeadTracker.Bead object at 0x000001A3C2996BE0>	0.1	0	3118	3124	0	True	267.0	M450		3124
233.234	203.303	-11	1244.333	<BeadTracker.Bead object at 0x000001A3C2981100>	0.1	0	3119	3125	0	True	268.0	M450		3125
233.206	203.296	-11	1229.36	<BeadTracker.Bead object at 0x000001A3C29814C0>	0.1	0	3120	3126	0	True	268.0	M450		3126
233.123	203.328	-11	1231.836	<BeadTracker.Bead object at 0x000001A3C2981700>	0.1	0	3121	3127	0	True	287.0	M450		3127
233.17	203.165	-11	1237.161	<BeadTracker.Bead object at 0x000001A3C2981820>	0.1	0	3122	3128	0	True	268.0	M450		3128
233.106	203.091	-11	1246.521	<BeadTracker.Bead object at 0x000001A3C2981B80>	0.1	0	3123	3129	0	True	267.0	M450		3129
233.339	203.247	-11	1239.402	<BeadTracker.Bead object at 0x000001A3C2981C70>	0.1	0	3124	3130	0	True	268.0	M450		3130
233.173	203.243	-11	1224.828	<BeadTracker.Bead object at 0x000001A3C2981FD0>	0.1	0	3125	3131	0	True	287.0	M450		3131
233.271	203.245	-11	1202.878	<BeadTracker.Bead object at 0x000001A3C298F0D0>	0.1	0	3126	3132	0	True	287.0	M450		3132
233.196	203.182	-11	1235.7	<BeadTracker.Bead object at 0x000001A3C298F7C0>	0.1	0	3127	3133	0	True	268.0	M450		3133
233.134	203.138	-11	1216.139	<BeadTracker.Bead object at 0x000001A3C298FE80>	0.1	0	3128	3134	0	True	287.0	M450		3134
233.134	203.231	-11	1200.224	<BeadTracker.Bead object at 0x000001A3C298FA60>	0.1	0	3129	3135	0	True	288.0	M450		3135
233.132	203.358	-11	1183.182	<BeadTracker.Bead object at 0x000001A3C298F2E0>	0.1	0	3130	3136	0	True	290.0	M450		3136
233.173	203.285	-11	1197.936	<BeadTracker.Bead object at 0x000001A3C298F760>	0.1	0	3131	3137	0	True	289.0	M450		3137
233.209	203.261	-11	1214.049	<BeadTracker.Bead object at 0x000001A3C298F220>	0.1	0	3132	3138	0	True	288.0	M450		3138
233.183	203.213	-11	1208.898	<BeadTracker.Bead object at 0x000001A3C298F0A0>	0.1	0	3133	3139	0	True	288.0	M450		3139
233.279	203.284	-11	1214.153	<BeadTracker.Bead object at 0x000001A3C2984040>	0.1	0	3134	3140	0	True	288.0	M450		3140
233.138	203.226	-11	1193.844	<BeadTracker.Bead object at 0x000001A3C2984250>	0.1	0	3135	3141	0	True	289.0	M450		3141
233.327	203.293	-11	1226.047	<BeadTracker.Bead object at 0x000001A3C2984460>	0.1	0	3136	3142	0	True	268.0	M450		3142
233.199	203.288	-11	1200.834	<BeadTracker.Bead object at 0x000001A3C2984670>	0.1	0	3137	3143	0	True	289.0	M450		3143
233.407	203.288	-11	1232.996	<BeadTracker.Bead object at 0x000001A3C2984880>	0.1	0	3138	3144	0	True	268.0	M450		3144
233.256	203.417	-11	1203.433	<BeadTracker.Bead object at 0x000001A3C2984A90>	0.1	0	3139	3145	0	True	290.0	M450		3145
233.44	203.304	-11	1217.347	<BeadTracker.Bead object at 0x000001A3C2984CA0>	0.1	0	3140	3146	0	True	288.0	M450		3146
233.39	203.341	-11	1228.548	<BeadTracker.Bead object at 0x000001A3C299B040>	0.1	0	3141	3147	0	True	267.0	M450		3147
233.495	203.175	-11	1246.028	<BeadTracker.Bead object at 0x000001A3C299B100>	0.1	0	3142	3148	0	True	266.0	M450		3148
233.337	203.329	-11	1246.264	<BeadTracker.Bead object at 0x000001A3C299B310>	0.1	0	3143	3149	0	True	268.0	M450		3149
233.513	203.341	-11	1241.938	<BeadTracker.Bead object at 0x000001A3C299B520>	0.1	0	3144	3150	0	True	290.0	M450		3150
233.532	203.348	-11	1235.204	<BeadTracker.Bead object at 0x000001A3C299B730>	0.1	0	3145	3151	0	True	290.0	M450		3151
233.591	203.125	-11	1254.808	<BeadTracker.Bead object at 0x000001A3C299B940>	0.1	0	3146	3152	0	True	287.0	M450		3152
233.452	203.085	-11	1257.611	<BeadTracker.Bead object at 0x000001A3C299BB50>	0.1	0	3147	3153	0	True	265.0	M450		3153
233.474	203.277	-11	1268.532	<BeadTracker.Bead object at 0x000001A3C299BD60>	0.1	0	3148	3154	0	True	265.0	M450		3154
233.574	203.247	-11	1252.255	<BeadTracker.Bead object at 0x000001A3C29830A0>	0.1	0	3149	3155	0	True	289.0	M450		3155
233.615	203.2	-11	1256.019	<BeadTracker.Bead object at 0x000001A3C29831C0>	0.1	0	3150	3156	0	True	287.0	M450		3156
233.535	203.228	-11	1275.453	<BeadTracker.Bead object at 0x000001A3C29833D0>	0.1	0	3151	3157	0	True	288.0	M450		3157
233.521	203.094	-11	1274.305	<BeadTracker.Bead object at 0x000001A3C29835E0>	0.1	0	3152	3158	0	True	268.0	M450		3158
233.458	203.177	-11	1282.952	<BeadTracker.Bead object at 0x000001A3C29837F0>	0.1	0	3153	3159	0	True	265.0	M450		3159
233.612	203.12	-11	1267.827	<BeadTracker.Bead object at 0x000001A3C2983A00>	0.1	0	3154	3160	0	True	268.0	M450		3160
233.473	203.146	-11	1271.352	<BeadTracker.Bead object at 0x000001A3C2983C10>	0.1	0	3155	3161	0	True	266.0	M450		3161
233.575	203.142	-11	1264.57	<BeadTracker.Bead object at 0x000001A3C2983E20>	0.1	0	3156	3162	0	True	287.0	M450		3162
233.385	203.023	-11	1256.565	<BeadTracker.Bead object at 0x000001A3C298D070>	0.1	0	3157	3163	0	True	266.0	M450		3163
233.415	203.066	-11	1254.531	<BeadTracker.Bead object at 0x000001A3C298D280>	0.1	0	3158	3164	0	True	266.0	M450		3164
233.437	203.23	-11	1252.755	<BeadTracker.Bead object at 0x000001A3C298D490>	0.1	0	3159	3165	0	True	267.0	M450		3165
233.555	203.121	-11	1265.139	<BeadTracker.Bead object at 0x000001A3C298D6A0>	0.1	0	3160	3166	0	True	287.0	M450		3166
233.441	203.206	-11	1268.145	<BeadTracker.Bead object at 0x000001A3C298D8B0>	0.1	0	3161	3167	0	True	266.0	M450		3167
233.355	203.036	-11	1242.627	<BeadTracker.Bead object at 0x000001A3C298DAC0>	0.1	0	3162	3168	0	True	267.0	M450		3168
233.33	203.045	-11	1240.385	<BeadTracker.Bead object at 0x000001A3C298DCD0>	0.1	0	3163	3169	0	True	268.0	M450		3169
233.393	203.144	-11	1249.072	<BeadTracker.Bead object at 0x000001A3C29B5040>	0.1	0	3164	3170	0	True	266.0	M450		3170
233.351	203.002	-11	1275.269	<BeadTracker.Bead object at 0x000001A3C29B5130>	0.1	0	3165	3171	0	True	264.0	M450		3171
233.485	203.024	-11	1260.07	<BeadTracker.Bead object at 0x000001A3C29B5340>	0.1	0	3166	3172	0	True	265.0	M450		3172
233.249	203.0	-11	1232.611	<BeadTracker.Bead object at 0x000001A3C29B5550>	0.1	0	3167	3173	0	True	267.0	M450		3173
233.4	203.171	-11	1224.342	<BeadTracker.Bead object at 0x000001A3C29B5760>	0.1	0	3168	3174	0	True	268.0	M450		3174
233.358	203.08	-11	1213.602	<BeadTracker.Bead object at 0x000001A3C29B5970>	0.1	0	3169	3175	0	True	268.0	M450		3175
233.4	202.941	-11	1248.255	<BeadTracker.Bead object at 0x000001A3C29B5B80>	0.1	0	3170	3176	0	True	264.0	M450		3176
233.397	203.188	11	1254.756	<BeadTracker.Bead object at 0x000001A3C29B5D90>	0.0	0	3171	3177	0	True	267.0	M450		3177
233.371	202.997	11	1244.651	<BeadTracker.Bead object at 0x000001A3C2999190>	0.0	0	3172	3178	0	True	265.0	M450		3178
233.389	202.99	11	1236.988	<BeadTracker.Bead object at 0x000001A3C29991F0>	0.0	0	3173	3179	0	True	266.0	M450		3179
233.399	202.97	11	1246.724	<BeadTracker.Bead object at 0x000001A3C2999400>	0.0	0	3174	3180	0	True	265.0	M450		3180
233.456	202.93	11	1257.71	<BeadTracker.Bead object at 0x000001A3C2999610>	0.0	0	3175	3181	0	True	264.0	M450		3181
233.575	203.166	11	1265.943	<BeadTracker.Bead object at 0x000001A3C2999820>	0.0	0	3176	3182	0	True	269.0	M450		3182
233.347	202.904	11	1230.703	<BeadTracker.Bead object at 0x000001A3C2999A30>	0.0	0	3177	3183	0	True	267.0	M450		3183
233.438	203.017	11	1251.151	<BeadTracker.Bead object at 0x000001A3C2999C40>	0.0	0	3178	3184	0	True	265.0	M450		3184
233.437	203.001	11	1260.032	<BeadTracker.Bead object at 0x000001A3C2999E50>	0.0	0	3179	3185	0	True	266.0	M450		3185
233.564	203.054	11	1284.701	<BeadTracker.Bead object at 0x000001A3C29870A0>	0.0	0	3180	3186	0	True	267.0	M450		3186
233.521	203.137	11	1271.241	<BeadTracker.Bead object at 0x000001A3C29872B0>	0.0	0	3181	3187	0	True	286.0	M450		3187
233.528	203.02	11	1264.338	<BeadTracker.Bead object at 0x000001A3C29874C0>	0.0	0	3182	3188	0	True	268.0	M450		3188
233.483	202.892	11	1282.014	<BeadTracker.Bead object at 0x000001A3C29876D0>	0.0	0	3183	3189	0	True	263.0	M450		3189
233.559	202.916	11	1298.238	<BeadTracker.Bead object at 0x000001A3C29878E0>	0.0	0	3184	3190	0	True	264.0	M450		3190
233.542	202.989	11	1282.656	<BeadTracker.Bead object at 0x000001A3C2987AF0>	0.0	0	3185	3191	0	True	267.0	M450		3191
233.568	203.046	11	1280.737	<BeadTracker.Bead object at 0x000001A3C2987D00>	0.0	0	3186	3192	0	True	266.0	M450		3192
233.441	202.864	11	1288.909	<BeadTracker.Bead object at 0x000001A3CD451040>	0.0	0	3187	3193	0	True	261.0	M450		3193
233.594	202.926	11	1295.86	<BeadTracker.Bead object at 0x000001A3CD451160>	0.0	0	3188	3194	0	True	265.0	M450		3194
233.563	203.015	11	1301.223	<BeadTracker.Bead object at 0x000001A3CD451370>	0.0	0	3189	3195	0	True	265.0	M450		3195
233.628	202.851	11	1280.488	<BeadTracker.Bead object at 0x000001A3CD451580>	0.0	0	3190	3196	0	True	266.0	M450		3196
233.507	202.867	11	1290.938	<BeadTracker.Bead object at 0x000001A3CD451790>	0.0	0	3191	3197	0	True	267.0	M450		3197
233.577	202.804	11	1310.722	<BeadTracker.Bead object at 0x000001A3CD4519A0>	0.0	0	3192	3198	0	True	264.0	M450		3198
233.373	202.786	11	1280.447	<BeadTracker.Bead object at 0x000001A3CD451BB0>	0.0	0	3193	3199	0	True	262.0	M450		3199
233.48	202.9	11	1278.017	<BeadTracker.Bead object at 0x000001A3CD451DC0>	0.0	0	3194	3200	0	True	263.0	M450		3200
233.392	202.95	11	1266.817	<BeadTracker.Bead object at 0x000001A3CD451FD0>	0.0	0	3195	3201	0	True	266.0	M450		3201
233.41	202.673	11	1260.518	<BeadTracker.Bead object at 0x000001A3CD468220>	0.0	0	3196	3202	0	True	264.0	M450		3202
233.419	202.658	11	1267.894	<BeadTracker.Bead object at 0x000001A3CD468430>	0.0	0	3197	3203	0	True	263.0	M450		3203
233.451	202.692	11	1278.344	<BeadTracker.Bead object at 0x000001A3CD468640>	0.0	0	3198	3204	0	True	264.0	M450		3204
233.313	202.84	11	1267.847	<BeadTracker.Bead object at 0x000001A3CD468850>	0.0	0	3199	3205	0	True	264.0	M450		3205
233.469	202.93	11	1262.395	<BeadTracker.Bead object at 0x000001A3CD468A60>	0.0	0	3200	3206	0	True	265.0	M450		3206
233.202	202.779	11	1235.565	<BeadTracker.Bead object at 0x000001A3CD468C70>	0.0	0	3201	3207	0	True	266.0	M450		3207
233.418	202.834	11	1238.386	<BeadTracker.Bead object at 0x000001A3CD468BE0>	0.0	0	3202	3208	0	True	266.0	M450		3208
233.382	202.9	11	1229.771	<BeadTracker.Bead object at 0x000001A3CD4670D0>	0.0	0	3203	3209	0	True	267.0	M450		3209
233.349	202.858	11	1255.734	<BeadTracker.Bead object at 0x000001A3CD4672E0>	0.0	0	3204	3210	0	True	266.0	M450		3210
233.299	202.969	11	1252.13	<BeadTracker.Bead object at 0x000001A3CD4674F0>	0.0	0	3205	3211	0	True	266.0	M450		3211
233.198	202.885	11	1249.113	<BeadTracker.Bead object at 0x000001A3CD467700>	0.0	0	3206	3212	0	True	267.0	M450		3212
233.2	202.861	11	1239.902	<BeadTracker.Bead object at 0x000001A3CD467910>	0.0	0	3207	3213	0	True	268.0	M450		3213
233.299	202.915	11	1239.279	<BeadTracker.Bead object at 0x000001A3CD467B20>	0.0	0	3208	3214	0	True	268.0	M450		3214
233.139	203.003	11	1225.43	<BeadTracker.Bead object at 0x000001A3CD467D30>	0.0	0	3209	3215	0	True	269.0	M450		3215
233.318	203.045	11	1229.134	<BeadTracker.Bead object at 0x000001A3CD487AC0>	0.0	0	3210	3216	0	True	269.0	M450		3216
233.137	202.967	11	1220.196	<BeadTracker.Bead object at 0x000001A3CD487190>	0.0	0	3211	3217	0	True	286.0	M450		3217
233.246	202.875	11	1251.245	<BeadTracker.Bead object at 0x000001A3CD4875B0>	0.0	0	3212	3218	0	True	267.0	M450		3218
233.164	202.964	11	1236.241	<BeadTracker.Bead object at 0x000001A3CD487250>	0.0	0	3213	3219	0	True	286.0	M450		3219
233.266	202.988	11	1217.825	<BeadTracker.Bead object at 0x000001A3CD487730>	0.0	0	3214	3220	0	True	287.0	M450		3220
233.116	203.031	11	1201.503	<BeadTracker.Bead object at 0x000001A3CD4873A0>	0.0	0	3215	3221	0	True	288.0	M450		3221
233.189	203.017	11	1233.736	<BeadTracker.Bead object at 0x000001A3CD487B80>	0.0	0	3216	3222	0	True	269.0	M450		3222
233.118	202.945	11	1232.361	<BeadTracker.Bead object at 0x000001A3CD4877F0>	0.0	0	3217	3223	0	True	269.0	M450		3223
233.126	202.945	11	1242.001	<BeadTracker.Bead object at 0x000001A3CD46D040>	0.0	0	3218	3224	0	True	269.0	M450		3224
232.976	202.996	11	1211.502	<BeadTracker.Bead object at 0x000001A3CD46D250>	0.0	0	3219	3225	0	True	287.0	M450		3225
232.801	202.891	11	1224.345	<BeadTracker.Bead object at 0x000001A3CD46D670>	0.0	0	3221	3227	0	True	286.0	M450		3227
232.819	202.907	11	1201.716	<BeadTracker.Bead object at 0x000001A3CD46D880>	0.0	0	3222	3228	0	True	289.0	M450		3228
232.781	202.851	11	1199.522	<BeadTracker.Bead object at 0x000001A3CD46DA90>	0.0	0	3223	3229	0	True	288.0	M450		3229
232.88	202.811	11	1182.334	<BeadTracker.Bead object at 0x000001A3CD46DCA0>	0.0	0	3224	3230	0	True	288.0	M450		3230
232.712	202.719	11	1192.19	<BeadTracker.Bead object at 0x000001A3CD463EE0>	0.0	0	3225	3231	0	True	288.0	M450		3231
232.682	202.607	11	1185.019	<BeadTracker.Bead object at 0x000001A3CD463040>	0.0	0	3226	3232	0	True	289.0	M450		3232
232.526	202.761	11	1149.561	<BeadTracker.Bead object at 0x000001A3CD4632E0>	0.0	0	3227	3233	0	True	292.0	M450		3233
232.562	202.729	11	1105.923	<BeadTracker.Bead object at 0x000001A3CD4630D0>	0.0	0	3228	3234	0	True	303.0	M450		3234
232.393	202.56	11	1110.213	<BeadTracker.Bead object at 0x000001A3CD4639D0>	0.0	0	3229	3235	0	True	291.0	M450		3235
232.491	202.438	11	1116.212	<BeadTracker.Bead object at 0x000001A3CD463670>	0.0	0	3230	3236	0	True	295.0	M450		3236
232.105	202.288	11	1072.676	<BeadTracker.Bead object at 0x000001A3CD463E20>	0.0	0	3231	3237	0	True	319.0	M450		3237
232.212	202.494	11	1046.062	<BeadTracker.Bead object at 0x000001A3CD463AC0>	0.0	0	3232	3238	0	True	321.0	M450		3238
232.072	202.419	11	1000.095	<BeadTracker.Bead object at 0x000001A3CD4544C0>	0.0	0	3233	3239	0	True	327.0	M450		3239
232.078	202.159	11	971.796	<BeadTracker.Bead object at 0x000001A3CD454310>	0.0	0	3234	3240	0	True	330.0	M450		3240
231.853	201.96	11	930.599	<BeadTracker.Bead object at 0x000001A3CD454040>	0.0	0	3235	3241	0	True	332.0	M450		3241
231.834	201.792	11	903.555	<BeadTracker.Bead object at 0x000001A3CD454880>	0.0	0	3236	3242	0	True	334.0	M450		3242
232.103	201.918	11	886.882	<BeadTracker.Bead object at 0x000001A3CD4540D0>	0.0	0	3237	3243	0	True	347.0	M450		3243
231.64	202.154	11	904.652	<BeadTracker.Bead object at 0x000001A3CD454CD0>	0.0	0	3238	3244	0	True	347.0	M450		3244
231.758	202.267	11	920.646	<BeadTracker.Bead object at 0x000001A3CD454520>	0.0	0	3239	3245	0	True	344.0	M450		3245
231.79	202.385	11	931.926	<BeadTracker.Bead object at 0x000001A3CD454D00>	0.0	0	3240	3246	0	True	336.0	M450		3246
231.801	202.431	11	961.055	<BeadTracker.Bead object at 0x000001A3CD459070>	0.0	0	3241	3247	0	True	335.0	M450		3247
231.822	202.7	11	976.401	<BeadTracker.Bead object at 0x000001A3CD459280>	0.0	0	3242	3248	0	True	328.0	M450		3248
231.776	202.687	11	992.333	<BeadTracker.Bead object at 0x000001A3CD459490>	0.0	0	3243	3249	0	True	326.0	M450		3249
231.908	202.801	11	1016.236	<BeadTracker.Bead object at 0x000001A3CD4596A0>	0.0	0	3244	3250	0	True	323.0	M450		3250
231.709	202.744	11	1031.717	<BeadTracker.Bead object at 0x000001A3CD4598B0>	0.0	0	3245	3251	0	True	310.0	M450		3251
231.722	202.921	11	1051.278	<BeadTracker.Bead object at 0x000001A3CD459AC0>	0.0	0	3246	3252	0	True	309.0	M450		3252
231.8	203.017	11	1050.068	<BeadTracker.Bead object at 0x000001A3CD459CD0>	0.0	0	3247	3253	0	True	320.0	M450		3253
231.885	203.1	11	1060.742	<BeadTracker.Bead object at 0x000001A3CD47E040>	0.0	0	3248	3254	0	True	318.0	M450		3254
231.889	202.91	11	1114.224	<BeadTracker.Bead object at 0x000001A3CD47E130>	0.0	0	3249	3255	0	True	295.0	M450		3255
231.994	202.942	11	1132.823	<BeadTracker.Bead object at 0x000001A3CD47E340>	0.0	0	3250	3256	0	True	293.0	M450		3256
231.945	203.11	11	1148.275	<BeadTracker.Bead object at 0x000001A3CD47E550>	0.0	0	3251	3257	0	True	293.0	M450		3257
232.052	203.342	11	1139.908	<BeadTracker.Bead object at 0x000001A3CD47E760>	0.0	0	3252	3258	0	True	295.0	M450		3258
232.043	203.181	11	1141.867	<BeadTracker.Bead object at 0x000001A3CD47E970>	0.0	0	3253	3259	0	True	293.0	M450		3259
232.112	203.081	11	1185.08	<BeadTracker.Bead object at 0x000001A3CD47EB80>	0.0	0	3254	3260	0	True	290.0	M450		3260
232.047	203.029	11	1189.809	<BeadTracker.Bead object at 0x000001A3CD47ED90>	0.0	0	3255	3261	0	True	289.0	M450		3261
232.233	203.112	11	1189.325	<BeadTracker.Bead object at 0x000001A3CD478190>	0.0	0	3256	3262	0	True	290.0	M450		3262
232.124	203.144	11	1197.937	<BeadTracker.Bead object at 0x000001A3CD4781F0>	0.0	0	3257	3263	0	True	290.0	M450		3263
232.336	203.179	11	1205.804	<BeadTracker.Bead object at 0x000001A3CD478400>	0.0	0	3258	3264	0	True	289.0	M450		3264
232.209	202.95	11	1236.417	<BeadTracker.Bead object at 0x000001A3CD478610>	0.0	0	3259	3265	0	True	269.0	M450		3265
232.305	203.167	11	1237.53	<BeadTracker.Bead object at 0x000001A3CD478820>	0.0	0	3260	3266	0	True	287.0	M450		3266
232.203	202.875	11	1230.294	<BeadTracker.Bead object at 0x000001A3CD478A30>	0.0	0	3261	3267	0	True	286.0	M450		3267
232.352	203.068	11	1232.669	<BeadTracker.Bead object at 0x000001A3CD478C40>	0.0	0	3262	3268	0	True	287.0	M450		3268
232.282	202.908	11	1245.291	<BeadTracker.Bead object at 0x000001A3CD478E50>	0.0	0	3263	3269	0	True	267.0	M450		3269
232.457	202.962	11	1249.749	<BeadTracker.Bead object at 0x000001A3CD4580A0>	0.0	0	3264	3270	0	True	267.0	M450		3270
232.213	202.832	11	1250.277	<BeadTracker.Bead object at 0x000001A3CD4582B0>	0.0	0	3265	3271	0	True	267.0	M450		3271
232.23	202.965	11	1229.459	<BeadTracker.Bead object at 0x000001A3CD4586D0>	0.0	0	3267	3273	0	True	286.0	M450		3273
232.346	202.852	11	1260.244	<BeadTracker.Bead object at 0x000001A3CD4588E0>	0.0	0	3268	3274	0	True	265.0	M450		3274
232.29	202.95	11	1231.803	<BeadTracker.Bead object at 0x000001A3CD458AF0>	0.0	0	3269	3275	0	True	268.0	M450		3275
232.292	202.768	11	1255.991	<BeadTracker.Bead object at 0x000001A3CD458D00>	0.0	0	3270	3276	0	True	265.0	M450		3276
232.246	202.828	11	1242.997	<BeadTracker.Bead object at 0x000001A3CD46F040>	0.0	0	3271	3277	0	True	267.0	M450		3277
232.406	202.867	11	1242.884	<BeadTracker.Bead object at 0x000001A3CD46F160>	0.0	0	3272	3278	0	True	266.0	M450		3278
232.27	202.867	11	1242.198	<BeadTracker.Bead object at 0x000001A3CD46F370>	0.0	0	3273	3279	0	True	267.0	M450		3279
232.399	202.82	11	1229.715	<BeadTracker.Bead object at 0x000001A3CD46F580>	0.0	0	3274	3280	0	True	268.0	M450		3280
232.194	202.744	11	1226.14	<BeadTracker.Bead object at 0x000001A3CD46F790>	0.0	0	3275	3281	0	True	269.0	M450		3281
232.332	202.817	11	1241.4	<BeadTracker.Bead object at 0x000001A3CD46F9A0>	0.0	0	3276	3282	0	True	268.0	M450		3282
232.222	202.883	11	1232.515	<BeadTracker.Bead object at 0x000001A3CD46FBB0>	0.0	0	3277	3283	0	True	268.0	M450		3283
232.431	202.918	11	1228.374	<BeadTracker.Bead object at 0x000001A3CD46FDC0>	0.0	0	3278	3284	0	True	268.0	M450		3284
232.253	203.02	11	1226.671	<BeadTracker.Bead object at 0x000001A3CD46FFD0>	0.0	0	3279	3285	0	True	269.0	M450		3285
232.408	202.947	11	1221.559	<BeadTracker.Bead object at 0x000001A3CD47F220>	0.0	0	3280	3286	0	True	269.0	M450		3286
232.206	202.77	11	1244.078	<BeadTracker.Bead object at 0x000001A3CD47F430>	0.0	0	3281	3287	0	True	266.0	M450		3287
232.347	202.809	11	1254.487	<BeadTracker.Bead object at 0x000001A3CD47F640>	0.0	0	3282	3288	0	True	267.0	M450		3288
232.278	202.757	11	1248.384	<BeadTracker.Bead object at 0x000001A3CD47F850>	0.0	0	3283	3289	0	True	266.0	M450		3289
232.323	202.802	11	1251.152	<BeadTracker.Bead object at 0x000001A3CD47FA60>	0.0	0	3284	3290	0	True	267.0	M450		3290
232.333	202.724	11	1259.227	<BeadTracker.Bead object at 0x000001A3CD47FC70>	0.0	0	3285	3291	0	True	265.0	M450		3291
232.489	202.751	11	1249.179	<BeadTracker.Bead object at 0x000001A3CD47FBE0>	0.0	0	3286	3292	0	True	264.0	M450		3292
232.419	202.781	11	1271.282	<BeadTracker.Bead object at 0x000001A3CC6520D0>	0.0	0	3287	3293	0	True	263.0	M450		3293
232.477	202.792	11	1274.326	<BeadTracker.Bead object at 0x000001A3CC6522E0>	0.0	0	3288	3294	0	True	263.0	M450		3294
232.37	202.732	11	1251.174	<BeadTracker.Bead object at 0x000001A3CC6524F0>	0.0	0	3289	3295	0	True	265.0	M450		3295
232.525	202.793	11	1281.902	<BeadTracker.Bead object at 0x000001A3CC652700>	0.0	0	3290	3296	0	True	266.0	M450		3296
232.38	202.67	11	1290.121	<BeadTracker.Bead object at 0x000001A3CC652910>	0.0	0	3291	3297	0	True	262.0	M450		3297
232.521	202.752	11	1277.892	<BeadTracker.Bead object at 0x000001A3CC652D30>	0.0	0	3293	3299	0	True	265.0	M450		3299
232.638	202.622	11	1309.581	<BeadTracker.Bead object at 0x000001A3CC68DB80>	0.0	0	3294	3300	0	True	261.0	M450		3300
232.581	202.646	11	1326.095	<BeadTracker.Bead object at 0x000001A3CC68D160>	0.0	0	3295	3301	0	True	260.0	M450		3301
232.648	202.705	11	1294.284	<BeadTracker.Bead object at 0x000001A3CC68D580>	0.0	0	3296	3302	0	True	264.0	M450		3302
232.549	202.623	11	1321.191	<BeadTracker.Bead object at 0x000001A3CC68D4F0>	0.0	0	3297	3303	0	True	262.0	M450		3303
232.664	202.603	11	1310.196	<BeadTracker.Bead object at 0x000001A3CC68DA00>	0.0	0	3298	3304	0	True	262.0	M450		3304
232.56	202.392	11	1313.075	<BeadTracker.Bead object at 0x000001A3CC68D8B0>	0.0	0	3299	3305	0	True	290.0	M450		3305
232.639	202.507	11	1336.114	<BeadTracker.Bead object at 0x000001A3CC68DE50>	0.0	0	3300	3306	0	True	258.0	M450		3306
232.623	202.472	11	1334.748	<BeadTracker.Bead object at 0x000001A3CC68DD00>	0.0	0	3301	3307	0	True	290.0	M450		3307
232.729	202.576	11	1327.397	<BeadTracker.Bead object at 0x000001A3CC66E040>	0.0	0	3302	3308	0	True	256.0	M450		3308
232.57	202.484	11	1328.693	<BeadTracker.Bead object at 0x000001A3CC66E250>	0.0	0	3303	3309	0	True	290.0	M450		3309
232.341	203.231	0	1844.546	<BeadTracker.Bead object at 0x000001A3CC66E460>	1.0	127	3304	3310	0	True	272.0	M450		3310
233.044	202.499	0	1345.609	<BeadTracker.Bead object at 0x000001A3CC66E670>	2.0	127	3305	3311	0	False	272.0	M450		3311
232.514	203.187	0	603.38	<BeadTracker.Bead object at 0x000001A3CC66E880>	3.0	127	3306	3312	0	False	272.0	M450		3312
232.343	202.969	0	1913.711	<BeadTracker.Bead object at 0x000001A3CC66EA90>	1.0	128	3307	3313	0	True	257.0	M450		3313
232.856	201.975	0	1389.943	<BeadTracker.Bead object at 0x000001A3CC66ECA0>	2.0	128	3308	3314	0	False	257.0	M450		3314
232.246	202.884	0	602.486	<BeadTracker.Bead object at 0x000001A3CC656040>	3.0	128	3309	3315	0	False	257.0	M450		3315
232.315	202.683	0	1881.78	<BeadTracker.Bead object at 0x000001A3CC656100>	1.0	129	3310	3316	0	True	261.0	M450		3316
232.763	201.714	0	1398.62	<BeadTracker.Bead object at 0x000001A3CC656310>	2.0	129	3311	3317	0	False	261.0	M450		3317
232.348	202.563	0	611.358	<BeadTracker.Bead object at 0x000001A3CC656520>	3.0	129	3312	3318	0	False	261.0	M450		3318
232.414	202.544	0	1913.296	<BeadTracker.Bead object at 0x000001A3CC656730>	1.0	130	3313	3319	0	True	281.0	M450		3319
232.778	201.461	0	1370.063	<BeadTracker.Bead object at 0x000001A3CC656940>	2.0	130	3314	3320	0	False	281.0	M450		3320
232.419	202.366	0	595.312	<BeadTracker.Bead object at 0x000001A3CC656B50>	3.0	130	3315	3321	0	False	281.0	M450		3321
232.632	202.587	0	1910.538	<BeadTracker.Bead object at 0x000001A3CC656D60>	1.0	131	3316	3322	0	True	259.0	M450		3322
233.013	201.578	0	1358.484	<BeadTracker.Bead object at 0x000001A3CC6890A0>	2.0	131	3317	3323	0	False	259.0	M450		3323
232.793	202.53	0	613.351	<BeadTracker.Bead object at 0x000001A3CC6891C0>	3.0	131	3318	3324	0	False	259.0	M450		3324
232.922	202.373	0	1898.426	<BeadTracker.Bead object at 0x000001A3CC6893D0>	1.0	132	3319	3325	0	True	244.0	M450		3325
233.214	201.541	0	1413.047	<BeadTracker.Bead object at 0x000001A3CC6895E0>	2.0	132	3320	3326	0	False	244.0	M450		3326
232.96	202.284	0	621.938	<BeadTracker.Bead object at 0x000001A3CC6897F0>	3.0	132	3321	3327	0	False	244.0	M450		3327
233.475	202.615	0	1861.807	<BeadTracker.Bead object at 0x000001A3CC689A00>	1.0	133	3322	3329	0	True	250.0	M450		3329
233.686	201.547	0	1428.552	<BeadTracker.Bead object at 0x000001A3CC689C10>	2.0	133	3323	3330	0	False	250.0	M450		3330
233.393	202.408	0	609.055	<BeadTracker.Bead object at 0x000001A3CC689E20>	3.0	133	3324	3331	0	False	250.0	M450		3331
233.454	202.459	0	1853.859	<BeadTracker.Bead object at 0x000001A3CC65F070>	1.0	134	3325	3332	0	True	256.0	M450		3332
233.798	201.564	0	1473.197	<BeadTracker.Bead object at 0x000001A3CC65F280>	2.0	134	3326	3333	0	False	256.0	M450		3333
233.448	202.216	0	596.044	<BeadTracker.Bead object at 0x000001A3CC65F490>	3.0	134	3327	3334	0	False	256.0	M450		3334
233.509	202.294	0	1847.723	<BeadTracker.Bead object at 0x000001A3CC65F6A0>	1.0	135	3328	3335	0	True	263.0	M450		3335
233.876	201.33	0	1480.596	<BeadTracker.Bead object at 0x000001A3CC65F8B0>	2.0	135	3329	3336	0	False	263.0	M450		3336
233.45	202.076	0	592.503	<BeadTracker.Bead object at 0x000001A3CC65FAC0>	3.0	135	3330	3337	0	False	263.0	M450		3337
233.382	202.349	0	1848.412	<BeadTracker.Bead object at 0x000001A3CC65FCD0>	1.0	136	3331	3338	0	True	261.0	M450		3338
233.702	201.091	0	1505.917	<BeadTracker.Bead object at 0x000001A3CC68C040>	2.0	136	3332	3339	0	False	261.0	M450		3339
233.253	202.096	0	603.158	<BeadTracker.Bead object at 0x000001A3CC68C130>	3.0	136	3333	3340	0	False	261.0	M450		3340
233.564	202.065	0	1865.392	<BeadTracker.Bead object at 0x000001A3CC68C340>	1.0	137	3334	3341	0	True	235.0	M450		3341
233.998	201.03	0	1494.875	<BeadTracker.Bead object at 0x000001A3CC68C550>	2.0	137	3335	3342	0	False	235.0	M450		3342
233.482	201.696	0	625.447	<BeadTracker.Bead object at 0x000001A3CC68C760>	3.0	137	3336	3343	0	False	235.0	M450		3343
233.97	202.054	0	1842.529	<BeadTracker.Bead object at 0x000001A3CC68C970>	1.0	138	3337	3344	0	True	217.0	M450		3344
234.263	200.776	0	1559.378	<BeadTracker.Bead object at 0x000001A3CC68CB80>	2.0	138	3338	3345	0	False	217.0	M450		3345
233.78	201.749	0	650.875	<BeadTracker.Bead object at 0x000001A3CC68CD90>	3.0	138	3339	3346	0	False	217.0	M450		3346
233.58	201.704	-12	937.523	<BeadTracker.Bead object at 0x000001A3CC680190>	0.1	0	3340	3347	0	True	257.0	M450		3347
233.714	201.277	-12	1295.965	<BeadTracker.Bead object at 0x000001A3CC6801F0>	0.1	0	3341	3348	0	True	288.0	M450		3348
234.018	201.141	-12	1471.612	<BeadTracker.Bead object at 0x000001A3CC680400>	0.1	0	3342	3349	0	True	249.0	M450		3349
233.756	200.963	-12	1495.902	<BeadTracker.Bead object at 0x000001A3CC680610>	0.1	0	3343	3350	0	True	231.0	M450		3350
233.864	200.954	-12	1525.871	<BeadTracker.Bead object at 0x000001A3CC680820>	0.1	0	3344	3351	0	True	229.0	M450		3351
233.949	201.112	-12	1493.155	<BeadTracker.Bead object at 0x000001A3CC680A30>	0.1	0	3345	3352	0	True	232.0	M450		3352
234.089	200.91	-12	1485.857	<BeadTracker.Bead object at 0x000001A3CC680C40>	0.1	0	3346	3353	0	True	229.0	M450		3353
233.933	201.051	-12	1491.375	<BeadTracker.Bead object at 0x000001A3CC680E50>	0.1	0	3347	3354	0	True	232.0	M450		3354
233.912	200.875	-12	1486.298	<BeadTracker.Bead object at 0x000001A3CC66B0A0>	0.1	0	3348	3355	0	True	231.0	M450		3355
233.874	201.068	-12	1468.393	<BeadTracker.Bead object at 0x000001A3CC66B2B0>	0.1	0	3349	3356	0	True	234.0	M450		3356
234.027	201.021	-12	1472.42	<BeadTracker.Bead object at 0x000001A3CC66B4C0>	0.1	0	3350	3357	0	True	233.0	M450		3357
233.906	201.014	-12	1471.416	<BeadTracker.Bead object at 0x000001A3CC66B6D0>	0.1	0	3351	3358	0	True	233.0	M450		3358
234.073	200.909	-12	1476.85	<BeadTracker.Bead object at 0x000001A3CC66B8E0>	0.1	0	3352	3359	0	True	231.0	M450		3359
233.928	201.016	-12	1472.059	<BeadTracker.Bead object at 0x000001A3CC66BAF0>	0.1	0	3353	3360	0	True	232.0	M450		3360
233.945	201.036	-12	1444.992	<BeadTracker.Bead object at 0x000001A3CC66BD00>	0.1	0	3354	3361	0	True	244.0	M450		3361
233.869	201.098	-12	1451.819	<BeadTracker.Bead object at 0x000001A3CC657040>	0.1	0	3355	3362	0	True	242.0	M450		3362
234.02	201.081	-12	1460.488	<BeadTracker.Bead object at 0x000001A3CC657160>	0.1	0	3356	3363	0	True	237.0	M450		3363
233.859	201.121	-12	1476.082	<BeadTracker.Bead object at 0x000001A3CC657370>	0.1	0	3357	3364	0	True	235.0	M450		3364
233.804	201.074	-12	1482.067	<BeadTracker.Bead object at 0x000001A3CC657580>	0.1	0	3358	3365	0	True	233.0	M450		3365
233.879	201.042	-12	1456.549	<BeadTracker.Bead object at 0x000001A3CC657790>	0.1	0	3359	3366	0	True	245.0	M450		3366
233.922	201.142	-12	1479.701	<BeadTracker.Bead object at 0x000001A3CC6579A0>	0.1	0	3360	3367	0	True	235.0	M450		3367
233.841	201.194	-12	1469.709	<BeadTracker.Bead object at 0x000001A3CC657BB0>	0.1	0	3361	3368	0	True	237.0	M450		3368
233.936	201.011	-12	1500.089	<BeadTracker.Bead object at 0x000001A3CC657DC0>	0.1	0	3362	3369	0	True	231.0	M450		3369
233.884	201.141	-12	1503.42	<BeadTracker.Bead object at 0x000001A3CC657FD0>	0.1	0	3363	3370	0	True	233.0	M450		3370
234.016	201.244	-12	1471.879	<BeadTracker.Bead object at 0x000001A3CC67F220>	0.1	0	3364	3371	0	True	234.0	M450		3371
233.984	201.061	-12	1485.642	<BeadTracker.Bead object at 0x000001A3CC67F430>	0.1	0	3365	3372	0	True	232.0	M450		3372
234.042	201.085	-12	1510.044	<BeadTracker.Bead object at 0x000001A3CC67F640>	0.1	0	3366	3373	0	True	231.0	M450		3373
233.95	201.014	-12	1500.126	<BeadTracker.Bead object at 0x000001A3CC67F850>	0.1	0	3367	3374	0	True	230.0	M450		3374
234.098	200.968	-12	1518.932	<BeadTracker.Bead object at 0x000001A3CC67FA60>	0.1	0	3368	3375	0	True	229.0	M450		3375
234.092	201.035	-12	1494.957	<BeadTracker.Bead object at 0x000001A3CC67FC70>	0.1	0	3369	3376	0	True	229.0	M450		3376
234.146	200.957	-12	1509.832	<BeadTracker.Bead object at 0x000001A3CC67FBE0>	0.1	0	3370	3377	0	True	228.0	M450		3377
234.069	201.021	-12	1538.292	<BeadTracker.Bead object at 0x000001A3CC6840D0>	0.1	0	3371	3378	0	True	211.0	M450		3378
234.209	200.94	-12	1532.665	<BeadTracker.Bead object at 0x000001A3CC6842E0>	0.1	0	3372	3379	0	True	212.0	M450		3379
233.942	200.937	-12	1514.985	<BeadTracker.Bead object at 0x000001A3CC6844F0>	0.1	0	3373	3380	0	True	228.0	M450		3380
234.174	200.902	-12	1525.913	<BeadTracker.Bead object at 0x000001A3CC684700>	0.1	0	3374	3381	0	True	212.0	M450		3381
234.085	200.925	-12	1528.427	<BeadTracker.Bead object at 0x000001A3CC684910>	0.1	0	3375	3382	0	True	214.0	M450		3382
234.218	201.034	-12	1514.826	<BeadTracker.Bead object at 0x000001A3CC684B20>	0.1	0	3376	3383	0	True	212.0	M450		3383
234.044	201.077	-12	1523.307	<BeadTracker.Bead object at 0x000001A3CC684D30>	0.1	0	3377	3384	0	True	231.0	M450		3384
234.084	200.911	-12	1499.322	<BeadTracker.Bead object at 0x000001A3CC673070>	0.1	0	3378	3385	0	True	229.0	M450		3385
233.912	200.877	-12	1478.543	<BeadTracker.Bead object at 0x000001A3CC673190>	0.1	0	3379	3386	0	True	230.0	M450		3386
234.12	200.898	-12	1505.642	<BeadTracker.Bead object at 0x000001A3CC6733A0>	0.1	0	3380	3387	0	True	213.0	M450		3387
233.963	201.059	-12	1527.724	<BeadTracker.Bead object at 0x000001A3CC6735B0>	0.1	0	3381	3388	0	True	229.0	M450		3388
233.999	200.966	-12	1487.861	<BeadTracker.Bead object at 0x000001A3CC6737C0>	0.1	0	3382	3389	0	True	229.0	M450		3389
233.902	200.916	-12	1472.852	<BeadTracker.Bead object at 0x000001A3CC6739D0>	0.1	0	3383	3390	0	True	230.0	M450		3390
234.041	200.917	-12	1487.608	<BeadTracker.Bead object at 0x000001A3CC673BE0>	0.1	0	3384	3391	0	True	229.0	M450		3391
234.014	200.972	-12	1481.712	<BeadTracker.Bead object at 0x000001A3CC673DF0>	0.1	0	3385	3392	0	True	230.0	M450		3392
234.121	200.972	-12	1498.79	<BeadTracker.Bead object at 0x000001A3CAF78040>	0.1	0	3386	3393	0	True	229.0	M450		3393
234.051	200.934	-12	1456.689	<BeadTracker.Bead object at 0x000001A3CAF78250>	0.1	0	3387	3394	0	True	231.0	M450		3394
234.189	200.985	-12	1486.247	<BeadTracker.Bead object at 0x000001A3CAF78460>	0.1	0	3388	3395	0	True	230.0	M450		3395
234.176	200.93	-12	1483.781	<BeadTracker.Bead object at 0x000001A3CAF78670>	0.1	0	3389	3396	0	True	228.0	M450		3396
234.281	200.945	-12	1487.146	<BeadTracker.Bead object at 0x000001A3CAF78880>	0.1	0	3390	3397	0	True	228.0	M450		3397
234.165	200.897	-12	1480.418	<BeadTracker.Bead object at 0x000001A3CAF78A90>	0.1	0	3391	3398	0	True	230.0	M450		3398
234.308	200.894	-12	1479.755	<BeadTracker.Bead object at 0x000001A3CAF78CA0>	0.1	0	3392	3399	0	True	227.0	M450		3399
234.304	200.972	-12	1471.424	<BeadTracker.Bead object at 0x000001A3CAF9C040>	0.1	0	3393	3400	0	True	228.0	M450		3400
234.404	200.997	-12	1498.646	<BeadTracker.Bead object at 0x000001A3CAF9C100>	0.1	0	3394	3401	0	True	212.0	M450		3401
234.343	201.015	-12	1505.225	<BeadTracker.Bead object at 0x000001A3CAF9C310>	0.1	0	3395	3402	0	True	230.0	M450		3402
234.471	200.958	-12	1469.218	<BeadTracker.Bead object at 0x000001A3CAF9C520>	0.1	0	3396	3403	0	True	228.0	M450		3403
234.249	200.834	-12	1463.457	<BeadTracker.Bead object at 0x000001A3CAF9C730>	0.1	0	3397	3404	0	True	228.0	M450		3404
234.384	200.879	-12	1518.815	<BeadTracker.Bead object at 0x000001A3CAF9C940>	0.1	0	3398	3405	0	True	210.0	M450		3405
234.304	200.978	-12	1514.77	<BeadTracker.Bead object at 0x000001A3CAF9CB50>	0.1	0	3399	3406	0	True	210.0	M450		3406
234.449	201.155	-12	1525.195	<BeadTracker.Bead object at 0x000001A3CAF9CD60>	0.1	0	3400	3407	0	True	210.0	M450		3407
234.283	201.168	-12	1501.865	<BeadTracker.Bead object at 0x000001A3CAF800A0>	0.1	0	3401	3408	0	True	230.0	M450		3408
234.336	201.029	-12	1500.114	<BeadTracker.Bead object at 0x000001A3CAF801C0>	0.1	0	3402	3409	0	True	229.0	M450		3409
234.294	200.948	-12	1528.511	<BeadTracker.Bead object at 0x000001A3CAF803D0>	0.1	0	3403	3410	0	True	211.0	M450		3410
234.342	200.991	-12	1541.657	<BeadTracker.Bead object at 0x000001A3CAF805E0>	0.1	0	3404	3411	0	True	208.0	M450		3411
234.239	201.064	-12	1544.578	<BeadTracker.Bead object at 0x000001A3CAF807F0>	0.1	0	3405	3412	0	True	210.0	M450		3412
234.452	200.996	-12	1524.922	<BeadTracker.Bead object at 0x000001A3CAF80A00>	0.1	0	3406	3413	0	True	208.0	M450		3413
234.294	200.826	-12	1511.767	<BeadTracker.Bead object at 0x000001A3CAF80C10>	0.1	0	3407	3414	0	True	210.0	M450		3414
234.386	200.863	-12	1546.117	<BeadTracker.Bead object at 0x000001A3CAF80E20>	0.1	0	3408	3415	0	True	207.0	M450		3415
234.331	200.951	-12	1544.443	<BeadTracker.Bead object at 0x000001A3CAF73070>	0.1	0	3409	3416	0	True	208.0	M450		3416
234.467	200.919	-12	1556.164	<BeadTracker.Bead object at 0x000001A3CAF73280>	0.1	0	3410	3417	0	True	204.0	M450		3417
234.427	200.902	-12	1519.256	<BeadTracker.Bead object at 0x000001A3CAF73490>	0.1	0	3411	3418	0	True	210.0	M450		3418
234.358	200.663	-12	1540.673	<BeadTracker.Bead object at 0x000001A3CAF736A0>	0.1	0	3412	3419	0	True	206.0	M450		3419
234.382	200.864	-12	1565.789	<BeadTracker.Bead object at 0x000001A3CAF738B0>	0.1	0	3413	3420	0	True	206.0	M450		3420
234.444	200.834	-12	1546.71	<BeadTracker.Bead object at 0x000001A3CAF73AC0>	0.1	0	3414	3421	0	True	206.0	M450		3421
234.382	200.909	-12	1541.325	<BeadTracker.Bead object at 0x000001A3CAF73CD0>	0.1	0	3415	3422	0	True	208.0	M450		3422
234.463	200.775	-12	1528.77	<BeadTracker.Bead object at 0x000001A3CAF86040>	0.1	0	3416	3423	0	True	209.0	M450		3423
234.356	200.793	-12	1549.946	<BeadTracker.Bead object at 0x000001A3CAF86130>	0.1	0	3417	3424	0	True	205.0	M450		3424
234.396	200.934	-12	1531.508	<BeadTracker.Bead object at 0x000001A3CAF86340>	0.1	0	3418	3425	0	True	208.0	M450		3425
234.282	200.875	-12	1518.193	<BeadTracker.Bead object at 0x000001A3CAF86550>	0.1	0	3419	3426	0	True	210.0	M450		3426
234.43	200.898	-12	1504.133	<BeadTracker.Bead object at 0x000001A3CAF86760>	0.1	0	3420	3427	0	True	211.0	M450		3427
234.322	200.615	-12	1504.217	<BeadTracker.Bead object at 0x000001A3CAF86970>	0.1	0	3421	3428	0	True	212.0	M450		3428
234.368	200.796	-12	1526.944	<BeadTracker.Bead object at 0x000001A3CAF86B80>	0.1	0	3422	3429	0	True	208.0	M450		3429
234.399	200.875	-12	1532.74	<BeadTracker.Bead object at 0x000001A3CAF86D90>	0.1	0	3423	3430	0	True	209.0	M450		3430
234.458	200.995	-12	1515.358	<BeadTracker.Bead object at 0x000001A3CAF77E20>	0.1	0	3424	3431	0	True	209.0	M450		3431
234.491	200.881	-12	1505.161	<BeadTracker.Bead object at 0x000001A3CAF77100>	0.1	0	3425	3432	0	True	212.0	M450		3432
234.449	200.803	-12	1505.134	<BeadTracker.Bead object at 0x000001A3CAF77640>	0.1	0	3426	3433	0	True	210.0	M450		3433
234.381	200.81	-12	1544.373	<BeadTracker.Bead object at 0x000001A3CAF77AF0>	0.1	0	3427	3434	0	True	207.0	M450		3434
234.533	200.843	-12	1554.102	<BeadTracker.Bead object at 0x000001A3CAF77940>	0.1	0	3428	3435	0	True	213.0	M450		3435
234.501	200.972	-12	1542.589	<BeadTracker.Bead object at 0x000001A3CAF77910>	0.1	0	3429	3436	0	True	228.0	M450		3436
234.593	200.986	-12	1537.411	<BeadTracker.Bead object at 0x000001A3CAF77370>	0.1	0	3430	3437	0	True	229.0	M450		3437
234.459	200.913	-12	1540.462	<BeadTracker.Bead object at 0x000001A3CAF77F10>	0.1	0	3431	3438	0	True	206.0	M450		3438
234.665	200.967	-12	1570.239	<BeadTracker.Bead object at 0x000001A3CAF920A0>	0.1	0	3432	3439	0	True	209.0	M450		3439
234.519	201.006	-12	1556.567	<BeadTracker.Bead object at 0x000001A3CAF922B0>	0.1	0	3433	3440	0	True	229.0	M450		3440
234.734	201.021	-12	1541.324	<BeadTracker.Bead object at 0x000001A3CAF924C0>	0.1	0	3434	3441	0	True	211.0	M450		3441
234.638	200.974	-12	1560.369	<BeadTracker.Bead object at 0x000001A3CAF926D0>	0.1	0	3435	3442	0	True	209.0	M450		3442
234.752	200.991	-12	1578.667	<BeadTracker.Bead object at 0x000001A3CAF928E0>	0.1	0	3436	3443	0	True	208.0	M450		3443
234.658	201.118	-12	1562.918	<BeadTracker.Bead object at 0x000001A3CAF92AF0>	0.1	0	3437	3444	0	True	210.0	M450		3444
234.695	201.114	-12	1564.184	<BeadTracker.Bead object at 0x000001A3CAF92D00>	0.1	0	3438	3445	0	True	211.0	M450		3445
234.684	201.078	-12	1575.177	<BeadTracker.Bead object at 0x000001A3CAF94040>	0.1	0	3439	3446	0	True	211.0	M450		3446
234.699	201.091	-12	1588.202	<BeadTracker.Bead object at 0x000001A3CAF94160>	0.1	0	3440	3447	0	True	209.0	M450		3447
234.599	201.053	-12	1584.804	<BeadTracker.Bead object at 0x000001A3CAF94370>	0.1	0	3441	3448	0	True	210.0	M450		3448
234.551	201.136	-12	1570.47	<BeadTracker.Bead object at 0x000001A3CAF94580>	0.1	0	3442	3449	0	True	230.0	M450		3449
234.505	201.119	-12	1573.407	<BeadTracker.Bead object at 0x000001A3CAF94790>	0.1	0	3443	3450	0	True	230.0	M450		3450
234.763	201.061	-12	1581.529	<BeadTracker.Bead object at 0x000001A3CAF949A0>	0.1	0	3444	3451	0	True	209.0	M450		3451
234.639	201.16	-12	1596.805	<BeadTracker.Bead object at 0x000001A3CAF94BB0>	0.1	0	3445	3452	0	True	209.0	M450		3452
234.714	201.05	-12	1584.781	<BeadTracker.Bead object at 0x000001A3CAF94DC0>	0.1	0	3446	3453	0	True	210.0	M450		3453
234.523	201.111	-12	1555.372	<BeadTracker.Bead object at 0x000001A3CAF94FD0>	0.1	0	3447	3454	0	True	229.0	M450		3454
234.745	201.081	-12	1577.164	<BeadTracker.Bead object at 0x000001A3CAF87220>	0.1	0	3448	3455	0	True	209.0	M450		3455
234.697	201.014	-12	1570.87	<BeadTracker.Bead object at 0x000001A3CAF87430>	0.1	0	3449	3456	0	True	209.0	M450		3456
234.895	200.83	-12	1608.145	<BeadTracker.Bead object at 0x000001A3CAF87640>	0.1	0	3450	3457	0	True	195.0	M450		3457
234.667	200.828	-12	1600.048	<BeadTracker.Bead object at 0x000001A3CAF87850>	0.1	0	3451	3458	0	True	207.0	M450		3458
234.758	200.967	-12	1563.611	<BeadTracker.Bead object at 0x000001A3CAF87A60>	0.1	0	3452	3459	0	True	211.0	M450		3459
234.727	200.944	-12	1556.149	<BeadTracker.Bead object at 0x000001A3CAF87C70>	0.1	0	3453	3460	0	True	211.0	M450		3460
234.825	200.85	-12	1591.907	<BeadTracker.Bead object at 0x000001A3CAF87BE0>	0.1	0	3454	3461	0	True	206.0	M450		3461
234.709	200.815	-12	1593.133	<BeadTracker.Bead object at 0x000001A3CAF970D0>	0.1	0	3455	3462	0	True	209.0	M450		3462
234.709	200.856	-12	1572.213	<BeadTracker.Bead object at 0x000001A3CAF972E0>	0.1	0	3456	3463	0	True	210.0	M450		3463
234.623	200.98	-12	1562.811	<BeadTracker.Bead object at 0x000001A3CAF974F0>	0.1	0	3457	3464	0	True	212.0	M450		3464
234.816	200.997	-12	1558.83	<BeadTracker.Bead object at 0x000001A3CAF97700>	0.1	0	3458	3465	0	True	212.0	M450		3465
234.741	200.915	-12	1560.711	<BeadTracker.Bead object at 0x000001A3CAF97910>	0.1	0	3459	3466	0	True	211.0	M450		3466
234.789	200.886	-12	1552.74	<BeadTracker.Bead object at 0x000001A3CAF97B20>	0.1	0	3460	3467	0	True	211.0	M450		3467
234.726	200.926	-12	1543.486	<BeadTracker.Bead object at 0x000001A3CAF97D30>	0.1	0	3461	3468	0	True	211.0	M450		3468
234.935	200.983	-12	1539.215	<BeadTracker.Bead object at 0x000001A3CAF84070>	0.1	0	3462	3469	0	True	213.0	M450		3469
234.896	200.863	-12	1555.937	<BeadTracker.Bead object at 0x000001A3CAF84190>	0.1	0	3463	3470	0	True	210.0	M450		3470
234.998	200.97	-12	1585.712	<BeadTracker.Bead object at 0x000001A3CAF843A0>	0.1	0	3464	3471	0	True	208.0	M450		3471
234.835	200.818	-12	1559.389	<BeadTracker.Bead object at 0x000001A3CAF845B0>	0.1	0	3465	3472	0	True	210.0	M450		3472
234.786	201.034	-12	1575.092	<BeadTracker.Bead object at 0x000001A3CAF847C0>	0.1	0	3466	3473	0	True	210.0	M450		3473
234.783	201.018	-12	1550.669	<BeadTracker.Bead object at 0x000001A3CAF849D0>	0.1	0	3467	3474	0	True	212.0	M450		3474
234.976	201.131	-12	1570.408	<BeadTracker.Bead object at 0x000001A3CAF84BE0>	0.1	0	3468	3475	0	True	209.0	M450		3475
234.867	201.073	-12	1582.339	<BeadTracker.Bead object at 0x000001A3CAF84DF0>	0.1	0	3469	3476	0	True	208.0	M450		3476
234.914	201.093	-12	1576.019	<BeadTracker.Bead object at 0x000001A3CAF7A040>	0.1	0	3470	3477	0	True	210.0	M450		3477
234.831	201.024	-12	1560.917	<BeadTracker.Bead object at 0x000001A3CAF7A250>	0.1	0	3471	3478	0	True	210.0	M450		3478
235.009	201.109	-12	1567.449	<BeadTracker.Bead object at 0x000001A3CAF7A460>	0.1	0	3472	3479	0	True	210.0	M450		3479
234.908	201.015	12	1580.925	<BeadTracker.Bead object at 0x000001A3CAF7A670>	0.0	0	3473	3480	0	True	208.0	M450		3480
235.023	201.106	12	1613.145	<BeadTracker.Bead object at 0x000001A3CAF7A880>	0.0	0	3474	3481	0	True	195.0	M450		3481
234.874	201.059	12	1566.37	<BeadTracker.Bead object at 0x000001A3CAF7AA90>	0.0	0	3475	3482	0	True	211.0	M450		3482
234.855	201.007	12	1562.691	<BeadTracker.Bead object at 0x000001A3CAF7ACA0>	0.0	0	3476	3483	0	True	208.0	M450		3483
234.971	200.989	12	1582.755	<BeadTracker.Bead object at 0x000001A3C990EFA0>	0.0	0	3477	3484	0	True	207.0	M450		3484
235.105	200.987	12	1588.658	<BeadTracker.Bead object at 0x000001A3C990E0D0>	0.0	0	3478	3485	0	True	205.0	M450		3485
235.026	201.037	12	1604.7	<BeadTracker.Bead object at 0x000001A3C990E070>	0.0	0	3479	3486	0	True	207.0	M450		3486
235.039	200.856	12	1601.777	<BeadTracker.Bead object at 0x000001A3C990E400>	0.0	0	3480	3487	0	True	206.0	M450		3487
234.931	200.856	12	1582.582	<BeadTracker.Bead object at 0x000001A3C990E970>	0.0	0	3481	3488	0	True	206.0	M450		3488
234.977	200.774	12	1595.432	<BeadTracker.Bead object at 0x000001A3C990EA60>	0.0	0	3482	3489	0	True	206.0	M450		3489
234.976	200.907	12	1614.164	<BeadTracker.Bead object at 0x000001A3C990EDC0>	0.0	0	3483	3490	0	True	194.0	M450		3490
235.104	200.844	12	1589.41	<BeadTracker.Bead object at 0x000001A3C990EB50>	0.0	0	3484	3491	0	True	205.0	M450		3491
234.877	200.657	12	1593.126	<BeadTracker.Bead object at 0x000001A3C991D0A0>	0.0	0	3485	3492	0	True	207.0	M450		3492
234.952	200.648	12	1594.888	<BeadTracker.Bead object at 0x000001A3C991D1C0>	0.0	0	3486	3493	0	True	205.0	M450		3493
234.942	200.756	12	1598.709	<BeadTracker.Bead object at 0x000001A3C991D3D0>	0.0	0	3487	3494	0	True	206.0	M450		3494
235.06	200.776	12	1596.068	<BeadTracker.Bead object at 0x000001A3C991D5E0>	0.0	0	3488	3495	0	True	206.0	M450		3495
234.877	200.817	12	1586.865	<BeadTracker.Bead object at 0x000001A3C991D7F0>	0.0	0	3489	3496	0	True	207.0	M450		3496
234.996	200.965	12	1573.042	<BeadTracker.Bead object at 0x000001A3C991DA00>	0.0	0	3490	3497	0	True	207.0	M450		3497
234.809	200.809	12	1553.847	<BeadTracker.Bead object at 0x000001A3C991DC10>	0.0	0	3491	3498	0	True	210.0	M450		3498
235.121	201.012	12	1556.871	<BeadTracker.Bead object at 0x000001A3C991DE20>	0.0	0	3492	3499	0	True	210.0	M450		3499
234.939	200.952	12	1566.556	<BeadTracker.Bead object at 0x000001A3C98EC8B0>	0.0	0	3493	3500	0	True	210.0	M450		3500
235.003	200.929	12	1557.769	<BeadTracker.Bead object at 0x000001A3C98ECD30>	0.0	0	3494	3501	0	True	210.0	M450		3501
234.923	200.947	12	1535.894	<BeadTracker.Bead object at 0x000001A3C98ECD00>	0.0	0	3495	3502	0	True	213.0	M450		3502
234.969	200.875	12	1541.807	<BeadTracker.Bead object at 0x000001A3C98ECAF0>	0.0	0	3496	3503	0	True	211.0	M450		3503
234.888	201.016	12	1568.627	<BeadTracker.Bead object at 0x000001A3C98ECA30>	0.0	0	3497	3504	0	True	210.0	M450		3504
234.949	201.123	12	1553.857	<BeadTracker.Bead object at 0x000001A3C98ECEB0>	0.0	0	3498	3505	0	True	211.0	M450		3505
234.844	201.046	12	1559.899	<BeadTracker.Bead object at 0x000001A3C98ECDC0>	0.0	0	3499	3506	0	True	211.0	M450		3506
235.06	201.049	12	1549.217	<BeadTracker.Bead object at 0x000001A3C9906040>	0.0	0	3500	3507	0	True	211.0	M450		3507
235.061	200.942	12	1546.597	<BeadTracker.Bead object at 0x000001A3C9906130>	0.0	0	3501	3508	0	True	211.0	M450		3508
235.129	201.081	12	1569.141	<BeadTracker.Bead object at 0x000001A3C9906340>	0.0	0	3502	3509	0	True	209.0	M450		3509
235.094	201.128	12	1555.432	<BeadTracker.Bead object at 0x000001A3C9906550>	0.0	0	3503	3510	0	True	211.0	M450		3510
235.137	201.036	12	1556.606	<BeadTracker.Bead object at 0x000001A3C9906760>	0.0	0	3504	3511	0	True	210.0	M450		3511
235.147	200.99	12	1580.615	<BeadTracker.Bead object at 0x000001A3C9906970>	0.0	0	3505	3512	0	True	208.0	M450		3512
235.076	201.048	12	1577.136	<BeadTracker.Bead object at 0x000001A3C9906B80>	0.0	0	3506	3513	0	True	208.0	M450		3513
234.986	201.049	12	1585.859	<BeadTracker.Bead object at 0x000001A3C9906D90>	0.0	0	3507	3514	0	True	207.0	M450		3514
235.184	201.166	12	1569.79	<BeadTracker.Bead object at 0x000001A3C991C160>	0.0	0	3508	3515	0	True	209.0	M450		3515
235.023	201.056	12	1577.366	<BeadTracker.Bead object at 0x000001A3C991C280>	0.0	0	3509	3516	0	True	210.0	M450		3516
235.101	201.096	12	1571.594	<BeadTracker.Bead object at 0x000001A3C991C400>	0.0	0	3510	3517	0	True	210.0	M450		3517
234.983	201.011	12	1590.081	<BeadTracker.Bead object at 0x000001A3C991C220>	0.0	0	3511	3518	0	True	209.0	M450		3518
235.131	201.07	12	1558.987	<BeadTracker.Bead object at 0x000001A3C991CAC0>	0.0	0	3512	3519	0	True	210.0	M450		3519
234.975	201.097	12	1533.647	<BeadTracker.Bead object at 0x000001A3C991C340>	0.0	0	3513	3520	0	True	229.0	M450		3520
235.005	200.992	12	1540.766	<BeadTracker.Bead object at 0x000001A3C991CBB0>	0.0	0	3514	3521	0	True	211.0	M450		3521
234.903	200.961	12	1552.683	<BeadTracker.Bead object at 0x000001A3C991C880>	0.0	0	3515	3522	0	True	210.0	M450		3522
234.988	201.082	12	1522.289	<BeadTracker.Bead object at 0x000001A3C98F70A0>	0.0	0	3516	3523	0	True	231.0	M450		3523
234.796	201.098	12	1524.896	<BeadTracker.Bead object at 0x000001A3C98F72B0>	0.0	0	3517	3524	0	True	232.0	M450		3524
234.867	201.084	12	1502.354	<BeadTracker.Bead object at 0x000001A3C98F74C0>	0.0	0	3518	3525	0	True	231.0	M450		3525
234.647	200.952	12	1493.871	<BeadTracker.Bead object at 0x000001A3C98F76D0>	0.0	0	3519	3526	0	True	231.0	M450		3526
234.626	200.854	12	1492.087	<BeadTracker.Bead object at 0x000001A3C98F78E0>	0.0	0	3520	3527	0	True	232.0	M450		3527
234.596	200.934	12	1492.569	<BeadTracker.Bead object at 0x000001A3C98F7AF0>	0.0	0	3521	3528	0	True	233.0	M450		3528
234.595	201.036	12	1451.546	<BeadTracker.Bead object at 0x000001A3C98F7D00>	0.0	0	3522	3529	0	True	246.0	M450		3529
234.415	200.969	12	1435.013	<BeadTracker.Bead object at 0x000001A3C98FA040>	0.0	0	3523	3530	0	True	233.0	M450		3530
234.366	200.835	12	1425.28	<BeadTracker.Bead object at 0x000001A3C98FA160>	0.0	0	3524	3531	0	True	235.0	M450		3531
234.321	200.932	12	1402.532	<BeadTracker.Bead object at 0x000001A3C98FA370>	0.0	0	3525	3532	0	True	239.0	M450		3532
234.359	201.026	12	1387.629	<BeadTracker.Bead object at 0x000001A3C98FA580>	0.0	0	3526	3533	0	True	246.0	M450		3533
234.239	200.942	12	1368.131	<BeadTracker.Bead object at 0x000001A3C98FA790>	0.0	0	3527	3534	0	True	251.0	M450		3534
234.35	200.981	12	1342.586	<BeadTracker.Bead object at 0x000001A3C98FA9A0>	0.0	0	3528	3535	0	True	253.0	M450		3535
234.072	200.763	12	1328.629	<BeadTracker.Bead object at 0x000001A3C98FABB0>	0.0	0	3529	3536	0	True	256.0	M450		3536
234.085	200.673	12	1331.769	<BeadTracker.Bead object at 0x000001A3C98FADC0>	0.0	0	3530	3537	0	True	250.0	M450		3537
233.932	200.677	12	1302.574	<BeadTracker.Bead object at 0x000001A3C98FAFD0>	0.0	0	3531	3538	0	True	258.0	M450		3538
234.096	200.783	12	1248.293	<BeadTracker.Bead object at 0x000001A3C98EE220>	0.0	0	3532	3539	0	True	264.0	M450		3539
233.907	200.69	12	1235.101	<BeadTracker.Bead object at 0x000001A3C98EE430>	0.0	0	3533	3540	0	True	265.0	M450		3540
233.957	200.631	12	1199.983	<BeadTracker.Bead object at 0x000001A3C98EE640>	0.0	0	3534	3541	0	True	267.0	M450		3541
233.895	200.453	12	1177.306	<BeadTracker.Bead object at 0x000001A3C98EE850>	0.0	0	3535	3542	0	True	292.0	M450		3542
233.832	200.652	12	1149.957	<BeadTracker.Bead object at 0x000001A3C98EEA60>	0.0	0	3536	3543	0	True	285.0	M450		3543
233.777	200.48	12	1116.527	<BeadTracker.Bead object at 0x000001A3C98EEC70>	0.0	0	3537	3544	0	True	296.0	M450		3544
233.814	200.319	12	1079.713	<BeadTracker.Bead object at 0x000001A3C98EEBE0>	0.0	0	3538	3545	0	True	302.0	M450		3545
233.98	200.32	12	1075.538	<BeadTracker.Bead object at 0x000001A3C98E50D0>	0.0	0	3539	3546	0	True	302.0	M450		3546
233.615	200.605	12	1110.849	<BeadTracker.Bead object at 0x000001A3C98E52E0>	0.0	0	3540	3547	0	True	292.0	M450		3547
233.787	200.703	12	1128.677	<BeadTracker.Bead object at 0x000001A3C98E54F0>	0.0	0	3541	3548	0	True	290.0	M450		3548
233.835	200.894	12	1160.309	<BeadTracker.Bead object at 0x000001A3C98E5700>	0.0	0	3542	3549	0	True	290.0	M450		3549
233.744	200.908	12	1187.095	<BeadTracker.Bead object at 0x000001A3C98E5910>	0.0	0	3543	3550	0	True	288.0	M450		3550
233.703	201.076	12	1197.761	<BeadTracker.Bead object at 0x000001A3C98E5B20>	0.0	0	3544	3551	0	True	289.0	M450		3551
233.748	201.061	12	1222.081	<BeadTracker.Bead object at 0x000001A3C98E5D30>	0.0	0	3545	3552	0	True	286.0	M450		3552
233.794	201.163	12	1248.485	<BeadTracker.Bead object at 0x000001A3C991B070>	0.0	0	3546	3553	0	True	268.0	M450		3553
233.715	201.129	12	1282.832	<BeadTracker.Bead object at 0x000001A3C991B190>	0.0	0	3547	3554	0	True	265.0	M450		3554
233.858	201.201	12	1292.249	<BeadTracker.Bead object at 0x000001A3C991B3A0>	0.0	0	3548	3555	0	True	265.0	M450		3555
233.702	201.163	12	1347.062	<BeadTracker.Bead object at 0x000001A3C991B5B0>	0.0	0	3549	3556	0	True	260.0	M450		3556
233.901	201.303	12	1340.326	<BeadTracker.Bead object at 0x000001A3C991B7C0>	0.0	0	3550	3557	0	True	262.0	M450		3557
233.858	201.217	12	1325.477	<BeadTracker.Bead object at 0x000001A3C991B9D0>	0.0	0	3551	3558	0	True	262.0	M450		3558
233.989	201.216	12	1349.536	<BeadTracker.Bead object at 0x000001A3C991BBE0>	0.0	0	3552	3559	0	True	259.0	M450		3559
233.849	201.049	12	1374.789	<BeadTracker.Bead object at 0x000001A3C991BDF0>	0.0	0	3553	3560	0	True	253.0	M450		3560
233.91	201.169	12	1409.816	<BeadTracker.Bead object at 0x000001A3C98ED250>	0.0	0	3555	3562	0	True	250.0	M450		3562
234.008	201.261	12	1397.934	<BeadTracker.Bead object at 0x000001A3C98ED460>	0.0	0	3556	3563	0	True	253.0	M450		3563
233.96	201.082	12	1418.27	<BeadTracker.Bead object at 0x000001A3C98ED670>	0.0	0	3557	3564	0	True	248.0	M450		3564
233.928	201.022	12	1413.318	<BeadTracker.Bead object at 0x000001A3C98ED880>	0.0	0	3558	3565	0	True	246.0	M450		3565
233.844	201.086	12	1432.651	<BeadTracker.Bead object at 0x000001A3C98EDA90>	0.0	0	3559	3566	0	True	243.0	M450		3566
233.939	201.104	12	1416.834	<BeadTracker.Bead object at 0x000001A3C98EDCA0>	0.0	0	3560	3567	0	True	249.0	M450		3567
233.994	201.209	12	1428.786	<BeadTracker.Bead object at 0x000001A3C990B040>	0.0	0	3561	3568	0	True	247.0	M450		3568
234.143	201.262	12	1446.519	<BeadTracker.Bead object at 0x000001A3C990B100>	0.0	0	3562	3569	0	True	245.0	M450		3569
234.003	201.23	12	1420.697	<BeadTracker.Bead object at 0x000001A3C990B310>	0.0	0	3563	3570	0	True	250.0	M450		3570
234.024	201.211	12	1440.835	<BeadTracker.Bead object at 0x000001A3C990B520>	0.0	0	3564	3571	0	True	247.0	M450		3571
233.885	201.278	12	1428.999	<BeadTracker.Bead object at 0x000001A3C990B730>	0.0	0	3565	3572	0	True	250.0	M450		3572
234.14	201.257	12	1427.917	<BeadTracker.Bead object at 0x000001A3C990B940>	0.0	0	3566	3573	0	True	246.0	M450		3573
234.035	201.352	12	1467.602	<BeadTracker.Bead object at 0x000001A3C990BB50>	0.0	0	3567	3574	0	True	243.0	M450		3574
234.146	201.338	12	1459.811	<BeadTracker.Bead object at 0x000001A3C990BD60>	0.0	0	3568	3575	0	True	245.0	M450		3575
234.154	201.32	12	1458.083	<BeadTracker.Bead object at 0x000001A3C98E00A0>	0.0	0	3569	3576	0	True	246.0	M450		3576
234.176	201.424	12	1441.533	<BeadTracker.Bead object at 0x000001A3C98E01C0>	0.0	0	3570	3577	0	True	250.0	M450		3577
234.192	201.249	12	1465.644	<BeadTracker.Bead object at 0x000001A3C98E03D0>	0.0	0	3571	3578	0	True	237.0	M450		3578
234.375	201.36	12	1473.744	<BeadTracker.Bead object at 0x000001A3C98E05E0>	0.0	0	3572	3579	0	True	234.0	M450		3579
234.201	201.287	12	1486.958	<BeadTracker.Bead object at 0x000001A3C98E07F0>	0.0	0	3573	3580	0	True	234.0	M450		3580
234.304	201.371	12	1473.311	<BeadTracker.Bead object at 0x000001A3C98E0A00>	0.0	0	3574	3581	0	True	234.0	M450		3581
234.295	201.117	12	1463.832	<BeadTracker.Bead object at 0x000001A3C98E0C10>	0.0	0	3575	3582	0	True	233.0	M450		3582
234.526	201.237	12	1495.551	<BeadTracker.Bead object at 0x000001A3C98E0E20>	0.0	0	3576	3583	0	True	242.0	M450		3583
234.464	201.363	12	1507.403	<BeadTracker.Bead object at 0x000001A3C3A6F070>	0.0	0	3577	3584	0	True	232.0	M450		3584
234.401	201.321	12	1482.64	<BeadTracker.Bead object at 0x000001A3C3A6F280>	0.0	0	3578	3585	0	True	234.0	M450		3585
234.369	201.18	12	1493.641	<BeadTracker.Bead object at 0x000001A3C3A6F490>	0.0	0	3579	3586	0	True	231.0	M450		3586
234.414	201.17	12	1490.888	<BeadTracker.Bead object at 0x000001A3C3A6F6A0>	0.0	0	3580	3587	0	True	232.0	M450		3587
234.406	201.112	12	1507.065	<BeadTracker.Bead object at 0x000001A3C3A6F8B0>	0.0	0	3581	3588	0	True	228.0	M450		3588
234.471	201.236	12	1507.398	<BeadTracker.Bead object at 0x000001A3C3A6FAC0>	0.0	0	3582	3589	0	True	231.0	M450		3589
234.316	201.173	12	1502.437	<BeadTracker.Bead object at 0x000001A3C3A6FCD0>	0.0	0	3583	3590	0	True	231.0	M450		3590
234.391	201.295	12	1476.371	<BeadTracker.Bead object at 0x000001A3C3A34040>	0.0	0	3584	3591	0	True	233.0	M450		3591
234.257	201.219	12	1497.744	<BeadTracker.Bead object at 0x000001A3C3A34130>	0.0	0	3585	3592	0	True	231.0	M450		3592
234.385	201.303	12	1483.614	<BeadTracker.Bead object at 0x000001A3C3A34340>	0.0	0	3586	3593	0	True	234.0	M450		3593
234.186	201.224	12	1474.617	<BeadTracker.Bead object at 0x000001A3C3A34550>	0.0	0	3587	3594	0	True	233.0	M450		3594
234.222	201.365	12	1451.791	<BeadTracker.Bead object at 0x000001A3C3A34760>	0.0	0	3588	3595	0	True	247.0	M450		3595
234.155	201.338	12	1468.027	<BeadTracker.Bead object at 0x000001A3C3A34970>	0.0	0	3589	3596	0	True	241.0	M450		3596
234.229	201.406	12	1463.417	<BeadTracker.Bead object at 0x000001A3C3A34B80>	0.0	0	3590	3597	0	True	243.0	M450		3597
234.128	201.362	12	1484.903	<BeadTracker.Bead object at 0x000001A3C3A34D90>	0.0	0	3591	3598	0	True	237.0	M450		3598
234.151	201.548	12	1453.603	<BeadTracker.Bead object at 0x000001A3C3A3E190>	0.0	0	3592	3599	0	True	230.0	M450		3599
234.085	201.611	12	1431.146	<BeadTracker.Bead object at 0x000001A3C3A3E1F0>	0.0	0	3593	3600	0	True	234.0	M450		3600
234.049	201.559	12	1391.903	<BeadTracker.Bead object at 0x000001A3C3A3E400>	0.0	0	3594	3601	0	True	240.0	M450		3601
234.026	201.445	12	1438.728	<BeadTracker.Bead object at 0x000001A3C3A3E610>	0.0	0	3595	3602	0	True	254.0	M450		3602
234.19	201.71	12	1435.349	<BeadTracker.Bead object at 0x000001A3C3A3E820>	0.0	0	3596	3603	0	True	234.0	M450		3603
233.98	201.775	12	1412.837	<BeadTracker.Bead object at 0x000001A3C3A3EA30>	0.0	0	3597	3604	0	True	243.0	M450		3604
234.044	201.676	12	1388.521	<BeadTracker.Bead object at 0x000001A3C3A3EC40>	0.0	0	3598	3605	0	True	243.0	M450		3605
233.965	201.622	12	1414.469	<BeadTracker.Bead object at 0x000001A3C3A3EE50>	0.0	0	3599	3606	0	True	236.0	M450		3606
234.118	201.678	12	1434.065	<BeadTracker.Bead object at 0x000001A3C3A6B0A0>	0.0	0	3600	3607	0	True	235.0	M450		3607
234.056	201.803	12	1435.922	<BeadTracker.Bead object at 0x000001A3C3A6B2B0>	0.0	0	3601	3608	0	True	235.0	M450		3608
234.106	201.89	12	1423.492	<BeadTracker.Bead object at 0x000001A3C3A6B4C0>	0.0	0	3602	3609	0	True	237.0	M450		3609
234.021	201.723	12	1429.57	<BeadTracker.Bead object at 0x000001A3C3A6B6D0>	0.0	0	3603	3610	0	True	235.0	M450		3610
234.125	201.774	12	1451.8	<BeadTracker.Bead object at 0x000001A3C3A6B8E0>	0.0	0	3604	3611	0	True	232.0	M450		3611
234.133	201.771	12	1446.354	<BeadTracker.Bead object at 0x000001A3C3A6BAF0>	0.0	0	3605	3612	0	True	231.0	M450		3612
233.942	202.356	0	1876.161	<BeadTracker.Bead object at 0x000001A3C3A6BD00>	1.0	139	3606	3613	0	True	231.0	M450		3613
234.361	201.681	0	1502.508	<BeadTracker.Bead object at 0x000001A3C3A55040>	2.0	139	3607	3614	0	False	231.0	M450		3614
234.092	202.303	0	644.487	<BeadTracker.Bead object at 0x000001A3C3A55160>	3.0	139	3608	3615	0	False	231.0	M450		3615
233.998	202.22	0	1884.996	<BeadTracker.Bead object at 0x000001A3C3A55370>	1.0	140	3609	3616	0	True	231.0	M450		3616
234.459	201.398	0	1501.987	<BeadTracker.Bead object at 0x000001A3C3A55580>	2.0	140	3610	3617	0	False	231.0	M450		3617
234.163	202.186	0	656.645	<BeadTracker.Bead object at 0x000001A3C3A55790>	3.0	140	3611	3618	0	False	231.0	M450		3618
234.218	201.854	0	1855.11	<BeadTracker.Bead object at 0x000001A3C3A559A0>	1.0	141	3612	3619	0	True	228.0	M450		3619
234.57	201.116	0	1556.873	<BeadTracker.Bead object at 0x000001A3C3A55BB0>	2.0	141	3613	3620	0	False	228.0	M450		3620
234.108	201.712	0	681.367	<BeadTracker.Bead object at 0x000001A3C3A55DC0>	3.0	141	3614	3621	0	False	228.0	M450		3621
234.054	202.016	0	1864.073	<BeadTracker.Bead object at 0x000001A3C3A55FD0>	1.0	142	3615	3622	0	True	217.0	M450		3622
234.606	201.186	0	1584.385	<BeadTracker.Bead object at 0x000001A3C3A312B0>	2.0	142	3616	3623	0	False	217.0	M450		3623
233.99	201.796	0	680.327	<BeadTracker.Bead object at 0x000001A3C3A31430>	3.0	142	3617	3624	0	False	217.0	M450		3624
234.232	202.083	0	1863.943	<BeadTracker.Bead object at 0x000001A3C3A31220>	1.0	143	3618	3625	0	True	229.0	M450		3625
234.564	201.304	0	1600.219	<BeadTracker.Bead object at 0x000001A3C3A318B0>	2.0	143	3619	3626	0	False	229.0	M450		3626
234.028	201.845	0	673.658	<BeadTracker.Bead object at 0x000001A3C3A316A0>	3.0	143	3620	3627	0	False	229.0	M450		3627
234.195	202.144	0	1818.164	<BeadTracker.Bead object at 0x000001A3C3A31D00>	1.0	144	3621	3628	0	True	194.0	M450		3628
234.485	201.291	0	1600.631	<BeadTracker.Bead object at 0x000001A3C3A31E50>	2.0	144	3622	3629	0	False	194.0	M450		3629
233.966	201.954	0	674.467	<BeadTracker.Bead object at 0x000001A3C3A60190>	3.0	144	3623	3630	0	False	194.0	M450		3630
234.599	202.386	0	1841.02	<BeadTracker.Bead object at 0x000001A3C3A602B0>	1.0	145	3624	3632	0	True	197.0	M450		3632
235.11	201.705	0	1626.129	<BeadTracker.Bead object at 0x000001A3C3A600A0>	2.0	145	3625	3633	0	False	197.0	M450		3633
234.599	202.187	0	691.156	<BeadTracker.Bead object at 0x000001A3C3A609A0>	3.0	145	3626	3634	0	False	197.0	M450		3634
234.602	202.202	0	1846.745	<BeadTracker.Bead object at 0x000001A3C3A60640>	1.0	146	3627	3635	0	True	195.0	M450		3635
235.171	201.634	0	1669.962	<BeadTracker.Bead object at 0x000001A3C3A60DF0>	2.0	146	3628	3636	0	False	195.0	M450		3636
234.572	202.207	0	691.522	<BeadTracker.Bead object at 0x000001A3C3A60A90>	3.0	146	3629	3637	0	False	195.0	M450		3637
234.714	202.38	0	1843.09	<BeadTracker.Bead object at 0x000001A3C3A5B8B0>	1.0	147	3630	3638	0	True	197.0	M450		3638
235.14	201.309	0	1656.065	<BeadTracker.Bead object at 0x000001A3C3A5B2E0>	2.0	147	3631	3639	0	False	197.0	M450		3639
234.605	202.274	0	704.916	<BeadTracker.Bead object at 0x000001A3C3A5B040>	3.0	147	3632	3640	0	False	197.0	M450		3640
234.98	202.468	0	1878.018	<BeadTracker.Bead object at 0x000001A3C3A5B850>	1.0	148	3633	3641	0	True	199.0	M450		3641
235.171	201.648	0	1615.481	<BeadTracker.Bead object at 0x000001A3C3A5B0A0>	2.0	148	3634	3642	0	False	199.0	M450		3642
234.785	202.551	0	709.865	<BeadTracker.Bead object at 0x000001A3C3A5BCA0>	3.0	148	3635	3643	0	False	199.0	M450		3643
234.572	202.423	0	1867.85	<BeadTracker.Bead object at 0x000001A3C3A5B4F0>	1.0	149	3636	3644	0	True	195.0	M450		3644
234.932	201.379	0	1631.316	<BeadTracker.Bead object at 0x000001A3C3A5BDC0>	2.0	149	3637	3645	0	False	195.0	M450		3645
234.513	202.28	0	713.979	<BeadTracker.Bead object at 0x000001A3C3A40040>	3.0	149	3638	3646	0	False	195.0	M450		3646
234.419	201.955	0	1882.079	<BeadTracker.Bead object at 0x000001A3C3A40250>	1.0	150	3639	3647	0	True	205.0	M450		3647
234.846	201.454	0	1615.355	<BeadTracker.Bead object at 0x000001A3C3A40460>	2.0	150	3640	3648	0	False	205.0	M450		3648
234.577	202.12	0	727.426	<BeadTracker.Bead object at 0x000001A3C3A40670>	3.0	150	3641	3649	0	False	205.0	M450		3649
234.031	202.125	-13	1026.011	<BeadTracker.Bead object at 0x000001A3C3A40880>	0.1	0	3642	3650	0	True	245.0	M450		3650
234.298	201.815	-13	1375.862	<BeadTracker.Bead object at 0x000001A3C3A40A90>	0.1	0	3643	3651	0	True	249.0	M450		3651
234.426	201.673	-13	1537.251	<BeadTracker.Bead object at 0x000001A3C3A40CA0>	0.1	0	3644	3652	0	True	218.0	M450		3652
234.559	201.608	-13	1582.399	<BeadTracker.Bead object at 0x000001A3C3A56040>	0.1	0	3645	3653	0	True	224.0	M450		3653
234.618	201.668	-13	1610.318	<BeadTracker.Bead object at 0x000001A3C3A56100>	0.1	0	3646	3654	0	True	216.0	M450		3654
234.53	201.717	-13	1586.036	<BeadTracker.Bead object at 0x000001A3C3A56310>	0.1	0	3647	3655	0	True	226.0	M450		3655
234.59	201.635	-13	1594.662	<BeadTracker.Bead object at 0x000001A3C3A56520>	0.1	0	3648	3656	0	True	218.0	M450		3656
234.624	201.739	-13	1573.695	<BeadTracker.Bead object at 0x000001A3C3A56730>	0.1	0	3649	3657	0	True	226.0	M450		3657
234.643	201.533	-13	1603.957	<BeadTracker.Bead object at 0x000001A3C3A56940>	0.1	0	3650	3658	0	True	217.0	M450		3658
234.708	201.706	-13	1589.026	<BeadTracker.Bead object at 0x000001A3C3A56B50>	0.1	0	3651	3659	0	True	219.0	M450		3659
234.647	201.505	-13	1622.989	<BeadTracker.Bead object at 0x000001A3C3A56D60>	0.1	0	3652	3660	0	True	216.0	M450		3660
234.544	201.766	-13	1612.425	<BeadTracker.Bead object at 0x000001A3C3A4F0A0>	0.1	0	3653	3661	0	True	218.0	M450		3661
234.626	201.668	-13	1615.757	<BeadTracker.Bead object at 0x000001A3C3A4F1C0>	0.1	0	3654	3662	0	True	216.0	M450		3662
234.674	201.582	-13	1598.71	<BeadTracker.Bead object at 0x000001A3C3A4F3D0>	0.1	0	3655	3663	0	True	221.0	M450		3663
234.759	201.349	-13	1644.359	<BeadTracker.Bead object at 0x000001A3C3A4F5E0>	0.1	0	3656	3664	0	True	230.0	M450		3664
234.642	201.541	-13	1636.608	<BeadTracker.Bead object at 0x000001A3C3A4F7F0>	0.1	0	3657	3665	0	True	215.0	M450		3665
234.691	201.622	-13	1635.155	<BeadTracker.Bead object at 0x000001A3C3A4FA00>	0.1	0	3658	3666	0	True	213.0	M450		3666
234.706	201.617	-13	1625.668	<BeadTracker.Bead object at 0x000001A3C3A4FC10>	0.1	0	3659	3667	0	True	214.0	M450		3667
234.753	201.437	-13	1647.351	<BeadTracker.Bead object at 0x000001A3C3A4FE20>	0.1	0	3660	3668	0	True	231.0	M450		3668
234.715	201.531	-13	1659.903	<BeadTracker.Bead object at 0x000001A3C3A3D070>	0.1	0	3661	3669	0	True	214.0	M450		3669
234.665	201.397	-13	1617.841	<BeadTracker.Bead object at 0x000001A3C3A3D280>	0.1	0	3662	3670	0	True	231.0	M450		3670
234.642	201.402	-13	1610.927	<BeadTracker.Bead object at 0x000001A3C3A3D490>	0.1	0	3663	3671	0	True	232.0	M450		3671
234.727	201.342	-13	1634.074	<BeadTracker.Bead object at 0x000001A3C3A3D6A0>	0.1	0	3664	3672	0	True	230.0	M450		3672
234.719	201.373	-13	1651.91	<BeadTracker.Bead object at 0x000001A3C3A3D8B0>	0.1	0	3665	3673	0	True	229.0	M450		3673
234.664	201.325	-13	1676.687	<BeadTracker.Bead object at 0x000001A3C3A3DAC0>	0.1	0	3666	3674	0	True	211.0	M450		3674
234.532	201.447	-13	1616.214	<BeadTracker.Bead object at 0x000001A3C3A3DCD0>	0.1	0	3667	3675	0	True	234.0	M450		3675
234.524	201.313	-13	1595.159	<BeadTracker.Bead object at 0x000001A3C3A65040>	0.1	0	3668	3676	0	True	233.0	M450		3676
234.616	201.251	-13	1580.256	<BeadTracker.Bead object at 0x000001A3C3A65130>	0.1	0	3669	3677	0	True	233.0	M450		3677
234.683	201.337	-13	1629.581	<BeadTracker.Bead object at 0x000001A3C3A65340>	0.1	0	3670	3678	0	True	230.0	M450		3678
234.567	201.36	-13	1625.006	<BeadTracker.Bead object at 0x000001A3C3A65550>	0.1	0	3671	3679	0	True	232.0	M450		3679
234.496	201.246	-13	1605.099	<BeadTracker.Bead object at 0x000001A3C3A65760>	0.1	0	3672	3680	0	True	209.0	M450		3680
234.551	201.358	-13	1597.333	<BeadTracker.Bead object at 0x000001A3C3A65970>	0.1	0	3673	3681	0	True	234.0	M450		3681
234.557	201.387	-13	1592.598	<BeadTracker.Bead object at 0x000001A3C3A65B80>	0.1	0	3674	3682	0	True	244.0	M450		3682
234.571	201.472	-13	1599.555	<BeadTracker.Bead object at 0x000001A3C3A65D90>	0.1	0	3675	3683	0	True	233.0	M450		3683
234.633	201.448	-13	1601.619	<BeadTracker.Bead object at 0x000001A3CD36F190>	0.1	0	3676	3684	0	True	235.0	M450		3684
234.62	201.456	-13	1571.261	<BeadTracker.Bead object at 0x000001A3CD36F1F0>	0.1	0	3677	3685	0	True	243.0	M450		3685
234.633	201.33	-13	1583.715	<BeadTracker.Bead object at 0x000001A3CD36F400>	0.1	0	3678	3686	0	True	233.0	M450		3686
234.653	201.453	-13	1585.928	<BeadTracker.Bead object at 0x000001A3CD36F610>	0.1	0	3679	3687	0	True	235.0	M450		3687
234.735	201.435	-13	1580.377	<BeadTracker.Bead object at 0x000001A3CD36F820>	0.1	0	3680	3688	0	True	235.0	M450		3688
234.582	201.456	-13	1572.177	<BeadTracker.Bead object at 0x000001A3CD36FA30>	0.1	0	3681	3689	0	True	242.0	M450		3689
234.576	201.34	-13	1591.09	<BeadTracker.Bead object at 0x000001A3CD36FC40>	0.1	0	3682	3690	0	True	235.0	M450		3690
234.584	201.382	-13	1581.473	<BeadTracker.Bead object at 0x000001A3CD36FE50>	0.1	0	3683	3691	0	True	236.0	M450		3691
234.626	201.288	-13	1607.306	<BeadTracker.Bead object at 0x000001A3CD3650A0>	0.1	0	3684	3692	0	True	233.0	M450		3692
234.6	201.356	-13	1594.703	<BeadTracker.Bead object at 0x000001A3CD3652B0>	0.1	0	3685	3693	0	True	235.0	M450		3693
234.697	201.411	-13	1594.609	<BeadTracker.Bead object at 0x000001A3CD3654C0>	0.1	0	3686	3694	0	True	234.0	M450		3694
234.664	201.459	-13	1576.988	<BeadTracker.Bead object at 0x000001A3CD3656D0>	0.1	0	3687	3695	0	True	244.0	M450		3695
234.636	201.358	-13	1608.399	<BeadTracker.Bead object at 0x000001A3CD3658E0>	0.1	0	3688	3696	0	True	232.0	M450		3696
234.672	201.385	-13	1625.385	<BeadTracker.Bead object at 0x000001A3CD365AF0>	0.1	0	3689	3697	0	True	231.0	M450		3697
234.698	201.318	-13	1623.403	<BeadTracker.Bead object at 0x000001A3CD365D00>	0.1	0	3690	3698	0	True	231.0	M450		3698
234.661	201.417	-13	1617.174	<BeadTracker.Bead object at 0x000001A3CD372040>	0.1	0	3691	3699	0	True	232.0	M450		3699
234.787	201.38	-13	1612.454	<BeadTracker.Bead object at 0x000001A3CD372160>	0.1	0	3692	3700	0	True	231.0	M450		3700
234.717	201.335	-13	1626.981	<BeadTracker.Bead object at 0x000001A3CD372370>	0.1	0	3693	3701	0	True	230.0	M450		3701
234.735	201.319	-13	1647.537	<BeadTracker.Bead object at 0x000001A3CD372580>	0.1	0	3694	3702	0	True	229.0	M450		3702
234.784	201.395	-13	1618.429	<BeadTracker.Bead object at 0x000001A3CD372790>	0.1	0	3695	3703	0	True	231.0	M450		3703
234.712	201.185	-13	1605.441	<BeadTracker.Bead object at 0x000001A3CD3729A0>	0.1	0	3696	3704	0	True	230.0	M450		3704
234.741	201.232	-13	1601.771	<BeadTracker.Bead object at 0x000001A3CD372BB0>	0.1	0	3697	3705	0	True	231.0	M450		3705
234.768	201.23	-13	1633.768	<BeadTracker.Bead object at 0x000001A3CD372DC0>	0.1	0	3698	3706	0	True	228.0	M450		3706
234.752	201.292	-13	1637.674	<BeadTracker.Bead object at 0x000001A3CD372FD0>	0.1	0	3699	3707	0	True	229.0	M450		3707
234.698	201.214	-13	1623.826	<BeadTracker.Bead object at 0x000001A3CD366220>	0.1	0	3700	3708	0	True	229.0	M450		3708
234.608	201.128	-13	1591.055	<BeadTracker.Bead object at 0x000001A3CD366430>	0.1	0	3701	3709	0	True	232.0	M450		3709
234.612	201.068	-13	1609.374	<BeadTracker.Bead object at 0x000001A3CD366640>	0.1	0	3702	3710	0	True	230.0	M450		3710
234.639	201.192	-13	1611.852	<BeadTracker.Bead object at 0x000001A3CD366850>	0.1	0	3703	3711	0	True	230.0	M450		3711
234.727	201.239	-13	1596.878	<BeadTracker.Bead object at 0x000001A3CD366A60>	0.1	0	3704	3712	0	True	231.0	M450		3712
234.542	201.283	-13	1578.741	<BeadTracker.Bead object at 0x000001A3CD366C70>	0.1	0	3705	3713	0	True	234.0	M450		3713
234.563	201.045	-13	1592.168	<BeadTracker.Bead object at 0x000001A3CD366BE0>	0.1	0	3706	3714	0	True	231.0	M450		3714
234.539	201.139	-13	1581.701	<BeadTracker.Bead object at 0x000001A3CD3600D0>	0.1	0	3707	3715	0	True	235.0	M450		3715
234.557	201.063	-13	1596.282	<BeadTracker.Bead object at 0x000001A3CD3602E0>	0.1	0	3708	3716	0	True	231.0	M450		3716
234.467	201.234	-13	1564.558	<BeadTracker.Bead object at 0x000001A3CD3604F0>	0.1	0	3709	3717	0	True	213.0	M450		3717
234.501	201.108	-13	1560.294	<BeadTracker.Bead object at 0x000001A3CD360700>	0.1	0	3710	3718	0	True	233.0	M450		3718
234.485	201.112	-13	1552.584	<BeadTracker.Bead object at 0x000001A3CD360910>	0.1	0	3711	3719	0	True	225.0	M450		3719
234.549	201.107	-13	1573.888	<BeadTracker.Bead object at 0x000001A3CD360B20>	0.1	0	3712	3720	0	True	231.0	M450		3720
234.508	201.093	-13	1571.753	<BeadTracker.Bead object at 0x000001A3CD360D30>	0.1	0	3713	3721	0	True	234.0	M450		3721
234.564	201.099	-13	1591.074	<BeadTracker.Bead object at 0x000001A3CD374070>	0.1	0	3714	3722	0	True	230.0	M450		3722
234.457	201.055	-13	1563.082	<BeadTracker.Bead object at 0x000001A3CD374190>	0.1	0	3715	3723	0	True	211.0	M450		3723
234.533	200.848	-13	1575.87	<BeadTracker.Bead object at 0x000001A3CD3743A0>	0.1	0	3716	3724	0	True	229.0	M450		3724
234.442	200.954	-13	1583.08	<BeadTracker.Bead object at 0x000001A3CD3745B0>	0.1	0	3717	3725	0	True	210.0	M450		3725
234.534	201.208	-13	1596.347	<BeadTracker.Bead object at 0x000001A3CD3747C0>	0.1	0	3718	3726	0	True	231.0	M450		3726
234.503	201.133	-13	1542.027	<BeadTracker.Bead object at 0x000001A3CD3749D0>	0.1	0	3719	3727	0	True	242.0	M450		3727
234.586	201.002	-13	1576.141	<BeadTracker.Bead object at 0x000001A3CD374BE0>	0.1	0	3720	3728	0	True	230.0	M450		3728
234.598	200.952	-13	1563.635	<BeadTracker.Bead object at 0x000001A3CD374DF0>	0.1	0	3721	3729	0	True	232.0	M450		3729
234.537	200.917	-13	1591.621	<BeadTracker.Bead object at 0x000001A3CD355040>	0.1	0	3722	3730	0	True	229.0	M450		3730
234.638	201.008	-13	1586.204	<BeadTracker.Bead object at 0x000001A3CD355250>	0.1	0	3723	3731	0	True	230.0	M450		3731
234.609	200.928	-13	1577.235	<BeadTracker.Bead object at 0x000001A3CD355460>	0.1	0	3724	3732	0	True	228.0	M450		3732
234.563	200.958	-13	1600.394	<BeadTracker.Bead object at 0x000001A3CD355670>	0.1	0	3725	3733	0	True	228.0	M450		3733
234.588	200.763	-13	1587.002	<BeadTracker.Bead object at 0x000001A3CD355880>	0.1	0	3726	3734	0	True	226.0	M450		3734
234.495	200.895	-13	1609.496	<BeadTracker.Bead object at 0x000001A3CD355A90>	0.1	0	3727	3735	0	True	209.0	M450		3735
234.543	200.931	-13	1608.8	<BeadTracker.Bead object at 0x000001A3CD355CA0>	0.1	0	3728	3736	0	True	226.0	M450		3736
234.458	200.871	-13	1596.223	<BeadTracker.Bead object at 0x000001A3CD37E040>	0.1	0	3729	3737	0	True	209.0	M450		3737
234.569	200.807	-13	1616.679	<BeadTracker.Bead object at 0x000001A3CD37E100>	0.1	0	3730	3738	0	True	216.0	M450		3738
234.435	200.74	-13	1599.976	<BeadTracker.Bead object at 0x000001A3CD37E310>	0.1	0	3731	3739	0	True	210.0	M450		3739
234.367	200.712	-13	1598.267	<BeadTracker.Bead object at 0x000001A3CD37E520>	0.1	0	3732	3740	0	True	211.0	M450		3740
234.302	200.832	-13	1572.261	<BeadTracker.Bead object at 0x000001A3CD37E730>	0.1	0	3733	3741	0	True	212.0	M450		3741
234.419	200.678	-13	1589.254	<BeadTracker.Bead object at 0x000001A3CD37E940>	0.1	0	3734	3742	0	True	212.0	M450		3742
234.335	200.604	-13	1593.757	<BeadTracker.Bead object at 0x000001A3CD37EB50>	0.1	0	3735	3743	0	True	211.0	M450		3743
234.351	200.561	-13	1608.161	<BeadTracker.Bead object at 0x000001A3CD37ED60>	0.1	0	3736	3744	0	True	210.0	M450		3744
234.244	200.754	-13	1570.862	<BeadTracker.Bead object at 0x000001A3CD35F0A0>	0.1	0	3737	3745	0	True	215.0	M450		3745
234.258	200.671	-13	1561.527	<BeadTracker.Bead object at 0x000001A3CD35F1C0>	0.1	0	3738	3746	0	True	217.0	M450		3746
234.286	200.633	-13	1568.605	<BeadTracker.Bead object at 0x000001A3CD35F3D0>	0.1	0	3739	3747	0	True	216.0	M450		3747
234.442	200.613	-13	1558.798	<BeadTracker.Bead object at 0x000001A3CD35F5E0>	0.1	0	3740	3748	0	True	216.0	M450		3748
234.15	200.59	-13	1563.406	<BeadTracker.Bead object at 0x000001A3CD35F7F0>	0.1	0	3741	3749	0	True	218.0	M450		3749
234.175	200.706	-13	1567.953	<BeadTracker.Bead object at 0x000001A3CD35FA00>	0.1	0	3742	3750	0	True	218.0	M450		3750
234.251	200.733	-13	1537.24	<BeadTracker.Bead object at 0x000001A3CD35FC10>	0.1	0	3743	3751	0	True	223.0	M450		3751
234.335	200.656	-13	1545.036	<BeadTracker.Bead object at 0x000001A3CD35FE20>	0.1	0	3744	3752	0	True	219.0	M450		3752
234.225	200.718	-13	1562.642	<BeadTracker.Bead object at 0x000001A3CD371070>	0.1	0	3745	3753	0	True	215.0	M450		3753
234.177	200.732	-13	1554.045	<BeadTracker.Bead object at 0x000001A3CD371280>	0.1	0	3746	3754	0	True	220.0	M450		3754
234.123	200.825	-13	1523.382	<BeadTracker.Bead object at 0x000001A3CD371490>	0.1	0	3747	3755	0	True	228.0	M450		3755
234.326	200.859	-13	1540.299	<BeadTracker.Bead object at 0x000001A3CD3716A0>	0.1	0	3748	3756	0	True	223.0	M450		3756
234.227	200.736	-13	1552.521	<BeadTracker.Bead object at 0x000001A3CD3718B0>	0.1	0	3749	3757	0	True	221.0	M450		3757
234.456	200.767	-13	1556.377	<BeadTracker.Bead object at 0x000001A3CD371AC0>	0.1	0	3750	3758	0	True	213.0	M450		3758
234.147	200.743	-13	1549.253	<BeadTracker.Bead object at 0x000001A3CD371CD0>	0.1	0	3751	3759	0	True	223.0	M450		3759
234.225	200.795	-13	1550.566	<BeadTracker.Bead object at 0x000001A3CD362040>	0.1	0	3752	3760	0	True	215.0	M450		3760
234.256	200.775	-13	1535.236	<BeadTracker.Bead object at 0x000001A3CD362130>	0.1	0	3753	3761	0	True	218.0	M450		3761
234.417	200.715	-13	1560.666	<BeadTracker.Bead object at 0x000001A3CD362340>	0.1	0	3754	3762	0	True	214.0	M450		3762
234.23	200.791	-13	1569.245	<BeadTracker.Bead object at 0x000001A3CD362550>	0.1	0	3755	3763	0	True	212.0	M450		3763
234.365	200.716	-13	1560.447	<BeadTracker.Bead object at 0x000001A3CD362760>	0.1	0	3756	3764	0	True	216.0	M450		3764
234.346	200.718	-13	1583.355	<BeadTracker.Bead object at 0x000001A3CD362970>	0.1	0	3757	3765	0	True	213.0	M450		3765
234.343	200.779	-13	1597.724	<BeadTracker.Bead object at 0x000001A3CD362B80>	0.1	0	3758	3766	0	True	210.0	M450		3766
234.35	200.779	-13	1605.888	<BeadTracker.Bead object at 0x000001A3CD362D90>	0.1	0	3759	3767	0	True	209.0	M450		3767
234.356	200.744	-13	1579.34	<BeadTracker.Bead object at 0x000001A3CD37C190>	0.1	0	3760	3768	0	True	212.0	M450		3768
234.238	200.729	-13	1595.192	<BeadTracker.Bead object at 0x000001A3CD37C1F0>	0.1	0	3761	3769	0	True	211.0	M450		3769
234.454	200.842	-13	1600.696	<BeadTracker.Bead object at 0x000001A3CD37C400>	0.1	0	3762	3770	0	True	209.0	M450		3770
234.387	200.718	-13	1631.256	<BeadTracker.Bead object at 0x000001A3CD37C610>	0.1	0	3763	3771	0	True	206.0	M450		3771
234.482	200.788	-13	1624.194	<BeadTracker.Bead object at 0x000001A3CD37C820>	0.1	0	3764	3772	0	True	208.0	M450		3772
234.345	200.68	-13	1589.99	<BeadTracker.Bead object at 0x000001A3CD37CA30>	0.1	0	3765	3773	0	True	212.0	M450		3773
234.32	200.62	-13	1595.374	<BeadTracker.Bead object at 0x000001A3CD37CC40>	0.1	0	3766	3774	0	True	212.0	M450		3774
234.324	200.708	-13	1588.233	<BeadTracker.Bead object at 0x000001A3CD37CE50>	0.1	0	3767	3775	0	True	210.0	M450		3775
234.373	200.658	-13	1614.318	<BeadTracker.Bead object at 0x000001A3CD3770A0>	0.1	0	3768	3776	0	True	209.0	M450		3776
234.297	200.795	-13	1624.363	<BeadTracker.Bead object at 0x000001A3CD3772B0>	0.1	0	3769	3777	0	True	207.0	M450		3777
234.308	200.639	-13	1599.376	<BeadTracker.Bead object at 0x000001A3CD3774C0>	0.1	0	3770	3778	0	True	210.0	M450		3778
234.254	200.605	-13	1590.71	<BeadTracker.Bead object at 0x000001A3CD3776D0>	0.1	0	3771	3779	0	True	214.0	M450		3779
234.278	200.748	-13	1601.076	<BeadTracker.Bead object at 0x000001A3CD377AF0>	0.1	0	3773	3781	0	True	209.0	M450		3781
234.376	200.759	-13	1594.43	<BeadTracker.Bead object at 0x000001A3CD377D00>	0.1	0	3774	3782	0	True	211.0	M450		3782
234.175	200.843	13	1580.541	<BeadTracker.Bead object at 0x000001A3CCE97D30>	0.0	0	3775	3783	0	True	214.0	M450		3783
234.194	200.765	13	1574.299	<BeadTracker.Bead object at 0x000001A3CCE972E0>	0.0	0	3776	3784	0	True	215.0	M450		3784
234.26	200.785	13	1578.885	<BeadTracker.Bead object at 0x000001A3CCE973D0>	0.0	0	3777	3785	0	True	214.0	M450		3785
234.277	200.764	13	1577.251	<BeadTracker.Bead object at 0x000001A3CCE975E0>	0.0	0	3778	3786	0	True	211.0	M450		3786
234.282	200.915	13	1572.363	<BeadTracker.Bead object at 0x000001A3CCE97400>	0.0	0	3779	3787	0	True	214.0	M450		3787
234.288	200.809	13	1563.67	<BeadTracker.Bead object at 0x000001A3CCE97A30>	0.0	0	3780	3788	0	True	215.0	M450		3788
234.285	200.894	13	1579.167	<BeadTracker.Bead object at 0x000001A3CCE97850>	0.0	0	3781	3789	0	True	214.0	M450		3789
234.346	200.903	13	1574.681	<BeadTracker.Bead object at 0x000001A3CCE97DC0>	0.0	0	3782	3790	0	True	213.0	M450		3790
234.268	200.868	13	1559.127	<BeadTracker.Bead object at 0x000001A3CCE97EB0>	0.0	0	3783	3791	0	True	215.0	M450		3791
234.383	200.916	13	1565.706	<BeadTracker.Bead object at 0x000001A3CCEAE130>	0.0	0	3784	3792	0	True	212.0	M450		3792
234.214	200.766	13	1537.062	<BeadTracker.Bead object at 0x000001A3CCEAE640>	0.0	0	3785	3793	0	True	226.0	M450		3793
234.364	200.828	13	1589.116	<BeadTracker.Bead object at 0x000001A3CCEAE730>	0.0	0	3786	3794	0	True	212.0	M450		3794
234.278	200.897	13	1584.736	<BeadTracker.Bead object at 0x000001A3CCEAEA90>	0.0	0	3787	3795	0	True	212.0	M450		3795
234.36	200.831	13	1601.696	<BeadTracker.Bead object at 0x000001A3CCEAE820>	0.0	0	3788	3796	0	True	210.0	M450		3796
234.27	200.969	13	1599.897	<BeadTracker.Bead object at 0x000001A3CCEAEEE0>	0.0	0	3789	3797	0	True	211.0	M450		3797
234.381	200.952	13	1582.676	<BeadTracker.Bead object at 0x000001A3CCEAEE20>	0.0	0	3790	3798	0	True	213.0	M450		3798
234.315	200.767	13	1577.058	<BeadTracker.Bead object at 0x000001A3CCEC40D0>	0.0	0	3791	3799	0	True	214.0	M450		3799
234.412	200.836	13	1633.453	<BeadTracker.Bead object at 0x000001A3CCEC42E0>	0.0	0	3792	3800	0	True	207.0	M450		3800
234.34	201.023	13	1619.856	<BeadTracker.Bead object at 0x000001A3CCEC44F0>	0.0	0	3793	3801	0	True	208.0	M450		3801
234.372	200.904	13	1581.122	<BeadTracker.Bead object at 0x000001A3CCEC4700>	0.0	0	3794	3802	0	True	213.0	M450		3802
234.437	200.973	13	1607.239	<BeadTracker.Bead object at 0x000001A3CCEC4910>	0.0	0	3795	3803	0	True	210.0	M450		3803
234.59	200.901	13	1586.807	<BeadTracker.Bead object at 0x000001A3CCEC4B20>	0.0	0	3796	3804	0	True	230.0	M450		3804
234.447	200.815	13	1600.76	<BeadTracker.Bead object at 0x000001A3CCEC4D30>	0.0	0	3797	3805	0	True	213.0	M450		3805
234.577	200.838	13	1627.794	<BeadTracker.Bead object at 0x000001A3CCEC8A30>	0.0	0	3798	3806	0	True	226.0	M450		3806
234.531	200.903	13	1589.363	<BeadTracker.Bead object at 0x000001A3CCEC8190>	0.0	0	3799	3807	0	True	229.0	M450		3807
234.515	200.848	13	1608.143	<BeadTracker.Bead object at 0x000001A3CCEC85B0>	0.0	0	3800	3808	0	True	228.0	M450		3808
234.573	200.926	13	1624.579	<BeadTracker.Bead object at 0x000001A3CCEC87C0>	0.0	0	3801	3809	0	True	228.0	M450		3809
234.532	200.944	13	1574.039	<BeadTracker.Bead object at 0x000001A3CCEC88E0>	0.0	0	3802	3810	0	True	232.0	M450		3810
234.389	200.961	13	1581.504	<BeadTracker.Bead object at 0x000001A3CCEC8C40>	0.0	0	3803	3811	0	True	212.0	M450		3811
234.468	200.748	13	1564.942	<BeadTracker.Bead object at 0x000001A3CCEC8D30>	0.0	0	3804	3812	0	True	216.0	M450		3812
234.433	200.706	13	1578.808	<BeadTracker.Bead object at 0x000001A3CCEC8F70>	0.0	0	3805	3813	0	True	216.0	M450		3813
234.415	200.733	13	1608.972	<BeadTracker.Bead object at 0x000001A3CCEA5040>	0.0	0	3806	3814	0	True	210.0	M450		3814
234.478	200.911	13	1592.979	<BeadTracker.Bead object at 0x000001A3CCEA5250>	0.0	0	3807	3815	0	True	211.0	M450		3815
234.46	200.853	13	1564.266	<BeadTracker.Bead object at 0x000001A3CCEA5460>	0.0	0	3808	3816	0	True	215.0	M450		3816
234.306	200.859	13	1556.216	<BeadTracker.Bead object at 0x000001A3CCEA5670>	0.0	0	3809	3817	0	True	217.0	M450		3817
234.327	200.809	13	1554.396	<BeadTracker.Bead object at 0x000001A3CCEA5880>	0.0	0	3810	3818	0	True	218.0	M450		3818
234.262	200.8	13	1555.443	<BeadTracker.Bead object at 0x000001A3CCEA5A90>	0.0	0	3811	3819	0	True	218.0	M450		3819
234.401	200.83	13	1542.496	<BeadTracker.Bead object at 0x000001A3CCEA5CA0>	0.0	0	3812	3820	0	True	225.0	M450		3820
234.269	200.793	13	1529.603	<BeadTracker.Bead object at 0x000001A3CCE96040>	0.0	0	3813	3821	0	True	229.0	M450		3821
234.348	200.805	13	1542.215	<BeadTracker.Bead object at 0x000001A3CCE96100>	0.0	0	3814	3822	0	True	225.0	M450		3822
234.209	200.755	13	1537.556	<BeadTracker.Bead object at 0x000001A3CCE96310>	0.0	0	3815	3823	0	True	228.0	M450		3823
234.301	200.901	13	1529.6	<BeadTracker.Bead object at 0x000001A3CCE96520>	0.0	0	3816	3824	0	True	230.0	M450		3824
234.147	200.917	13	1485.203	<BeadTracker.Bead object at 0x000001A3CCE96730>	0.0	0	3817	3825	0	True	236.0	M450		3825
234.351	200.858	13	1491.261	<BeadTracker.Bead object at 0x000001A3CCE96940>	0.0	0	3818	3826	0	True	230.0	M450		3826
234.223	200.865	13	1492.692	<BeadTracker.Bead object at 0x000001A3CCE96B50>	0.0	0	3819	3827	0	True	234.0	M450		3827
234.19	200.846	13	1512.888	<BeadTracker.Bead object at 0x000001A3CCE96D60>	0.0	0	3820	3828	0	True	230.0	M450		3828
234.173	201.041	13	1499.482	<BeadTracker.Bead object at 0x000001A3CCE9E0A0>	0.0	0	3821	3829	0	True	233.0	M450		3829
234.265	201.046	13	1472.947	<BeadTracker.Bead object at 0x000001A3CCE9E1C0>	0.0	0	3822	3830	0	True	242.0	M450		3830
234.243	201.047	13	1481.794	<BeadTracker.Bead object at 0x000001A3CCE9E3D0>	0.0	0	3823	3831	0	True	237.0	M450		3831
234.181	200.956	13	1491.014	<BeadTracker.Bead object at 0x000001A3CCE9E5E0>	0.0	0	3824	3832	0	True	234.0	M450		3832
234.084	201.021	13	1487.599	<BeadTracker.Bead object at 0x000001A3CCE9E7F0>	0.0	0	3825	3833	0	True	238.0	M450		3833
234.189	201.167	13	1488.225	<BeadTracker.Bead object at 0x000001A3CCE9EA00>	0.0	0	3826	3834	0	True	240.0	M450		3834
234.016	201.127	13	1453.234	<BeadTracker.Bead object at 0x000001A3CCE9EC10>	0.0	0	3827	3835	0	True	249.0	M450		3835
234.156	201.05	13	1446.847	<BeadTracker.Bead object at 0x000001A3CCE9EE20>	0.0	0	3828	3836	0	True	247.0	M450		3836
234.091	200.958	13	1464.438	<BeadTracker.Bead object at 0x000001A3CCECD070>	0.0	0	3829	3837	0	True	245.0	M450		3837
234.113	201.188	13	1454.185	<BeadTracker.Bead object at 0x000001A3CCECD280>	0.0	0	3830	3838	0	True	250.0	M450		3838
234.009	201.085	13	1418.605	<BeadTracker.Bead object at 0x000001A3CCECD490>	0.0	0	3831	3839	0	True	255.0	M450		3839
234.035	200.97	13	1401.516	<BeadTracker.Bead object at 0x000001A3CCECD6A0>	0.0	0	3832	3840	0	True	255.0	M450		3840
233.918	200.848	13	1377.616	<BeadTracker.Bead object at 0x000001A3CCECD8B0>	0.0	0	3833	3841	0	True	258.0	M450		3841
233.836	200.799	13	1380.643	<BeadTracker.Bead object at 0x000001A3CCECDAC0>	0.0	0	3834	3842	0	True	258.0	M450		3842
233.672	200.813	13	1361.391	<BeadTracker.Bead object at 0x000001A3CCECDCD0>	0.0	0	3835	3843	0	True	263.0	M450		3843
233.72	200.883	13	1299.571	<BeadTracker.Bead object at 0x000001A3CCE94040>	0.0	0	3836	3844	0	True	268.0	M450		3844
233.689	200.665	13	1262.721	<BeadTracker.Bead object at 0x000001A3CCE94130>	0.0	0	3837	3845	0	True	270.0	M450		3845
233.628	200.478	13	1253.615	<BeadTracker.Bead object at 0x000001A3CCE94340>	0.0	0	3838	3846	0	True	292.0	M450		3846
233.323	200.347	13	1204.196	<BeadTracker.Bead object at 0x000001A3CCE94550>	0.0	0	3839	3847	0	True	291.0	M450		3847
233.422	200.371	13	1176.676	<BeadTracker.Bead object at 0x000001A3CCE94760>	0.0	0	3840	3848	0	True	292.0	M450		3848
233.653	200.541	13	1108.514	<BeadTracker.Bead object at 0x000001A3CCE94970>	0.0	0	3841	3849	0	True	306.0	M450		3849
233.311	200.622	13	1140.25	<BeadTracker.Bead object at 0x000001A3CCE94B80>	0.0	0	3842	3850	0	True	295.0	M450		3850
233.359	200.73	13	1175.94	<BeadTracker.Bead object at 0x000001A3CCE94D90>	0.0	0	3843	3851	0	True	289.0	M450		3851
233.4	200.9	13	1223.971	<BeadTracker.Bead object at 0x000001A3CCE9C190>	0.0	0	3844	3852	0	True	284.0	M450		3852
233.391	200.895	13	1241.333	<BeadTracker.Bead object at 0x000001A3CCE9C1F0>	0.0	0	3845	3853	0	True	283.0	M450		3853
233.388	201.05	13	1251.258	<BeadTracker.Bead object at 0x000001A3CCE9C400>	0.0	0	3846	3854	0	True	285.0	M450		3854
233.328	201.17	13	1258.421	<BeadTracker.Bead object at 0x000001A3CCE9C610>	0.0	0	3847	3855	0	True	285.0	M450		3855
233.417	201.187	13	1293.255	<BeadTracker.Bead object at 0x000001A3CCE9C820>	0.0	0	3848	3856	0	True	268.0	M450		3856
233.261	201.311	13	1308.58	<BeadTracker.Bead object at 0x000001A3CCE9CA30>	0.0	0	3849	3857	0	True	266.0	M450		3857
233.483	201.451	13	1326.062	<BeadTracker.Bead object at 0x000001A3CCE9CC40>	0.0	0	3850	3858	0	True	265.0	M450		3858
233.412	201.365	13	1338.209	<BeadTracker.Bead object at 0x000001A3CCE9CE50>	0.0	0	3851	3859	0	True	264.0	M450		3859
233.518	201.52	13	1345.829	<BeadTracker.Bead object at 0x000001A3CCEC00A0>	0.0	0	3852	3860	0	True	263.0	M450		3860
233.436	201.51	13	1342.125	<BeadTracker.Bead object at 0x000001A3CCEC02B0>	0.0	0	3853	3861	0	True	254.0	M450		3861
233.532	201.552	13	1356.923	<BeadTracker.Bead object at 0x000001A3CCEC04C0>	0.0	0	3854	3862	0	True	261.0	M450		3862
233.372	201.495	13	1381.607	<BeadTracker.Bead object at 0x000001A3CCEC06D0>	0.0	0	3855	3863	0	True	259.0	M450		3863
233.545	201.474	13	1389.576	<BeadTracker.Bead object at 0x000001A3CCEC08E0>	0.0	0	3856	3864	0	True	267.0	M450		3864
233.417	201.414	13	1421.492	<BeadTracker.Bead object at 0x000001A3CCEC0AF0>	0.0	0	3857	3865	0	True	252.0	M450		3865
233.476	201.537	13	1446.412	<BeadTracker.Bead object at 0x000001A3CCEC0D00>	0.0	0	3858	3866	0	True	237.0	M450		3866
233.528	201.621	13	1438.955	<BeadTracker.Bead object at 0x000001A3CCECE040>	0.0	0	3859	3867	0	True	252.0	M450		3867
233.58	201.647	13	1445.631	<BeadTracker.Bead object at 0x000001A3CCECE160>	0.0	0	3860	3868	0	True	250.0	M450		3868
233.48	201.56	13	1462.606	<BeadTracker.Bead object at 0x000001A3CCECE370>	0.0	0	3861	3869	0	True	235.0	M450		3869
233.662	201.656	13	1466.089	<BeadTracker.Bead object at 0x000001A3CCECE580>	0.0	0	3862	3870	0	True	244.0	M450		3870
233.537	201.52	13	1481.386	<BeadTracker.Bead object at 0x000001A3CCECE790>	0.0	0	3863	3871	0	True	242.0	M450		3871
233.642	201.698	13	1497.24	<BeadTracker.Bead object at 0x000001A3CCECE9A0>	0.0	0	3864	3872	0	True	240.0	M450		3872
233.603	201.578	13	1487.093	<BeadTracker.Bead object at 0x000001A3CCECEBB0>	0.0	0	3865	3873	0	True	243.0	M450		3873
233.723	201.563	13	1501.909	<BeadTracker.Bead object at 0x000001A3CCECEDC0>	0.0	0	3866	3874	0	True	236.0	M450		3874
233.723	201.606	13	1519.748	<BeadTracker.Bead object at 0x000001A3CCECEFD0>	0.0	0	3867	3875	0	True	234.0	M450		3875
233.691	201.46	13	1515.73	<BeadTracker.Bead object at 0x000001A3CCEC7220>	0.0	0	3868	3876	0	True	255.0	M450		3876
233.571	201.41	13	1528.475	<BeadTracker.Bead object at 0x000001A3CCEC7430>	0.0	0	3869	3877	0	True	251.0	M450		3877
233.781	201.45	13	1535.537	<BeadTracker.Bead object at 0x000001A3CCEC7640>	0.0	0	3870	3878	0	True	249.0	M450		3878
233.696	201.47	13	1537.029	<BeadTracker.Bead object at 0x000001A3CCEC7850>	0.0	0	3871	3879	0	True	248.0	M450		3879
233.855	201.522	13	1530.21	<BeadTracker.Bead object at 0x000001A3CCEC7A60>	0.0	0	3872	3880	0	True	226.0	M450		3880
233.624	201.409	13	1516.182	<BeadTracker.Bead object at 0x000001A3CCEC7C70>	0.0	0	3873	3881	0	True	252.0	M450		3881
233.675	201.306	13	1515.487	<BeadTracker.Bead object at 0x000001A3CCEC7BE0>	0.0	0	3874	3882	0	True	244.0	M450		3882
233.559	201.201	13	1533.081	<BeadTracker.Bead object at 0x000001A3CB3BF0D0>	0.0	0	3875	3883	0	True	237.0	M450		3883
233.735	201.35	13	1546.256	<BeadTracker.Bead object at 0x000001A3CB3BF2E0>	0.0	0	3876	3884	0	True	244.0	M450		3884
233.685	201.35	13	1561.853	<BeadTracker.Bead object at 0x000001A3CB3BF4F0>	0.0	0	3877	3885	0	True	237.0	M450		3885
233.652	201.386	13	1531.621	<BeadTracker.Bead object at 0x000001A3CB3BF700>	0.0	0	3878	3886	0	True	248.0	M450		3886
233.546	201.287	13	1529.686	<BeadTracker.Bead object at 0x000001A3CB3BF910>	0.0	0	3879	3887	0	True	247.0	M450		3887
233.651	201.376	13	1538.598	<BeadTracker.Bead object at 0x000001A3CB3BFB20>	0.0	0	3880	3888	0	True	243.0	M450		3888
233.661	201.361	13	1533.863	<BeadTracker.Bead object at 0x000001A3CB3BFD30>	0.0	0	3881	3889	0	True	249.0	M450		3889
233.59	201.247	13	1523.293	<BeadTracker.Bead object at 0x000001A3CB3C5070>	0.0	0	3882	3890	0	True	248.0	M450		3890
233.468	201.183	13	1505.996	<BeadTracker.Bead object at 0x000001A3CB3C5190>	0.0	0	3883	3891	0	True	231.0	M450		3891
233.537	201.275	13	1513.013	<BeadTracker.Bead object at 0x000001A3CB3C53A0>	0.0	0	3884	3892	0	True	251.0	M450		3892
233.587	201.236	13	1527.887	<BeadTracker.Bead object at 0x000001A3CB3C55B0>	0.0	0	3885	3893	0	True	246.0	M450		3893
233.743	201.22	13	1548.992	<BeadTracker.Bead object at 0x000001A3CB3C57C0>	0.0	0	3886	3894	0	True	237.0	M450		3894
233.489	201.233	13	1508.318	<BeadTracker.Bead object at 0x000001A3CB3C59D0>	0.0	0	3887	3895	0	True	231.0	M450		3895
233.54	201.115	13	1499.652	<BeadTracker.Bead object at 0x000001A3CB3C5BE0>	0.0	0	3888	3896	0	True	247.0	M450		3896
233.506	201.216	13	1498.797	<BeadTracker.Bead object at 0x000001A3CB3C5DF0>	0.0	0	3889	3897	0	True	253.0	M450		3897
233.594	201.096	13	1520.019	<BeadTracker.Bead object at 0x000001A3CB3AD040>	0.0	0	3890	3898	0	True	242.0	M450		3898
233.44	201.261	13	1522.552	<BeadTracker.Bead object at 0x000001A3CB3AD250>	0.0	0	3891	3899	0	True	231.0	M450		3899
233.626	201.232	13	1505.374	<BeadTracker.Bead object at 0x000001A3CB3AD460>	0.0	0	3892	3900	0	True	247.0	M450		3900
233.5	201.265	13	1475.414	<BeadTracker.Bead object at 0x000001A3CB3AD670>	0.0	0	3893	3901	0	True	255.0	M450		3901
233.55	201.056	13	1493.11	<BeadTracker.Bead object at 0x000001A3CB3AD880>	0.0	0	3894	3902	0	True	249.0	M450		3902
233.539	201.237	13	1542.567	<BeadTracker.Bead object at 0x000001A3CB3ADA90>	0.0	0	3895	3903	0	True	242.0	M450		3903
233.695	201.074	13	1539.921	<BeadTracker.Bead object at 0x000001A3CB3ADCA0>	0.0	0	3896	3904	0	True	234.0	M450		3904
233.533	201.16	13	1515.396	<BeadTracker.Bead object at 0x000001A3CB3D6040>	0.0	0	3897	3905	0	True	245.0	M450		3905
233.605	201.053	13	1519.501	<BeadTracker.Bead object at 0x000001A3CB3D6100>	0.0	0	3898	3906	0	True	241.0	M450		3906
233.553	201.007	13	1524.006	<BeadTracker.Bead object at 0x000001A3CB3D6310>	0.0	0	3899	3907	0	True	243.0	M450		3907
233.681	201.184	13	1521.802	<BeadTracker.Bead object at 0x000001A3CB3D6520>	0.0	0	3900	3908	0	True	242.0	M450		3908
233.575	201.219	13	1520.941	<BeadTracker.Bead object at 0x000001A3CB3D6730>	0.0	0	3901	3909	0	True	244.0	M450		3909
233.66	200.994	13	1507.612	<BeadTracker.Bead object at 0x000001A3CB3D6940>	0.0	0	3902	3910	0	True	240.0	M450		3910
233.569	200.951	13	1534.365	<BeadTracker.Bead object at 0x000001A3CB3D6B50>	0.0	0	3903	3911	0	True	236.0	M450		3911
233.821	201.073	13	1541.533	<BeadTracker.Bead object at 0x000001A3CB3D6D60>	0.0	0	3904	3912	0	True	232.0	M450		3912
233.693	201.153	13	1534.294	<BeadTracker.Bead object at 0x000001A3CB3B00A0>	0.0	0	3905	3913	0	True	242.0	M450		3913
233.873	201.256	13	1538.723	<BeadTracker.Bead object at 0x000001A3CB3B01C0>	0.0	0	3906	3914	0	True	237.0	M450		3914
233.705	201.026	13	1510.173	<BeadTracker.Bead object at 0x000001A3CB3B03D0>	0.0	0	3907	3915	0	True	244.0	M450		3915
233.463	201.539	0	1904.531	<BeadTracker.Bead object at 0x000001A3CB3B05E0>	1.0	151	3908	3916	0	True	223.0	M450		3916
233.66	200.795	0	1496.103	<BeadTracker.Bead object at 0x000001A3CB3B07F0>	2.0	151	3909	3917	0	False	223.0	M450		3917
233.382	201.565	0	689.315	<BeadTracker.Bead object at 0x000001A3CB3B0A00>	3.0	151	3910	3918	0	False	223.0	M450		3918
233.196	201.213	0	1925.204	<BeadTracker.Bead object at 0x000001A3CB3B0C10>	1.0	152	3911	3919	0	True	227.0	M450		3919
233.604	200.531	0	1497.657	<BeadTracker.Bead object at 0x000001A3CB3B0E20>	2.0	152	3912	3920	0	False	227.0	M450		3920
233.198	201.099	0	674.325	<BeadTracker.Bead object at 0x000001A3CB3A3070>	3.0	152	3913	3921	0	False	227.0	M450		3921
233.369	201.275	0	1902.924	<BeadTracker.Bead object at 0x000001A3CB3A3280>	1.0	153	3914	3922	0	True	258.0	M450		3922
233.942	200.441	0	1518.634	<BeadTracker.Bead object at 0x000001A3CB3A3490>	2.0	153	3915	3923	0	False	258.0	M450		3923
233.331	201.198	0	678.207	<BeadTracker.Bead object at 0x000001A3CB3A36A0>	3.0	153	3916	3924	0	False	258.0	M450		3924
233.403	201.413	0	1913.068	<BeadTracker.Bead object at 0x000001A3CB3A38B0>	1.0	154	3917	3925	0	True	228.0	M450		3925
233.965	200.644	0	1581.713	<BeadTracker.Bead object at 0x000001A3CB3A3AC0>	2.0	154	3918	3926	0	False	228.0	M450		3926
233.388	201.251	0	663.53	<BeadTracker.Bead object at 0x000001A3CB3A3CD0>	3.0	154	3919	3927	0	False	228.0	M450		3927
233.536	201.306	0	1906.023	<BeadTracker.Bead object at 0x000001A3CB3CF040>	1.0	155	3920	3928	0	True	199.0	M450		3928
233.868	200.43	0	1606.321	<BeadTracker.Bead object at 0x000001A3CB3CF130>	2.0	155	3921	3929	0	False	199.0	M450		3929
233.342	201.314	0	666.96	<BeadTracker.Bead object at 0x000001A3CB3CF340>	3.0	155	3922	3930	0	False	199.0	M450		3930
233.549	201.255	0	1852.513	<BeadTracker.Bead object at 0x000001A3CB3CF550>	1.0	156	3923	3931	0	True	201.0	M450		3931
233.703	200.347	0	1579.67	<BeadTracker.Bead object at 0x000001A3CB3CF760>	2.0	156	3924	3932	0	False	201.0	M450		3932
233.41	201.179	0	681.279	<BeadTracker.Bead object at 0x000001A3CB3CF970>	3.0	156	3925	3933	0	False	201.0	M450		3933
232.979	199.714	0	1949.783	<BeadTracker.Bead object at 0x000001A3CB3CFB80>	1.0	157	3926	3935	0	True	221.0	M450		3935
233.311	199.177	0	1535.873	<BeadTracker.Bead object at 0x000001A3CB3CFD90>	2.0	157	3927	3936	0	False	221.0	M450		3936
232.893	199.764	0	666.485	<BeadTracker.Bead object at 0x000001A3CB3AB160>	3.0	157	3928	3937	0	False	221.0	M450		3937
232.559	199.188	0	1941.165	<BeadTracker.Bead object at 0x000001A3CB3AB0D0>	1.0	158	3929	3938	0	True	201.0	M450		3938
233.104	198.415	0	1589.932	<BeadTracker.Bead object at 0x000001A3CB3AB490>	2.0	158	3930	3939	0	False	201.0	M450		3939
232.61	199.088	0	662.154	<BeadTracker.Bead object at 0x000001A3CB3AB6D0>	3.0	158	3931	3940	0	False	201.0	M450		3940
232.679	198.987	0	1975.108	<BeadTracker.Bead object at 0x000001A3CB3AB8E0>	1.0	159	3932	3941	0	True	199.0	M450		3941
232.798	198.239	0	1576.399	<BeadTracker.Bead object at 0x000001A3CB3ABB20>	2.0	159	3933	3942	0	False	199.0	M450		3942
232.503	199.183	0	648.727	<BeadTracker.Bead object at 0x000001A3CB3ABDF0>	3.0	159	3934	3943	0	False	199.0	M450		3943
232.668	199.15	0	1906.756	<BeadTracker.Bead object at 0x000001A3CB3ABEB0>	1.0	160	3935	3944	0	True	202.0	M450		3944
232.814	198.406	0	1607.538	<BeadTracker.Bead object at 0x000001A3CB3BE0A0>	2.0	160	3936	3945	0	False	202.0	M450		3945
232.748	199.255	0	683.986	<BeadTracker.Bead object at 0x000001A3CB3BE2B0>	3.0	160	3937	3946	0	False	202.0	M450		3946
232.824	199.213	0	1905.101	<BeadTracker.Bead object at 0x000001A3CB3BE4C0>	1.0	161	3938	3947	0	True	198.0	M450		3947
233.166	198.895	0	1611.994	<BeadTracker.Bead object at 0x000001A3CB3BE6D0>	2.0	161	3939	3948	0	False	198.0	M450		3948
232.953	199.322	0	692.095	<BeadTracker.Bead object at 0x000001A3CB3BE8E0>	3.0	161	3940	3949	0	False	198.0	M450		3949
232.968	199.5	0	1930.636	<BeadTracker.Bead object at 0x000001A3CB3BEAF0>	1.0	162	3941	3950	0	True	191.0	M450		3950
233.557	198.981	0	1687.395	<BeadTracker.Bead object at 0x000001A3CB3BED00>	2.0	162	3942	3951	0	False	191.0	M450		3951
233.071	199.664	0	691.436	<BeadTracker.Bead object at 0x000001A3CB3D0040>	3.0	162	3943	3952	0	False	191.0	M450		3952
232.792	199.722	-14	1032.149	<BeadTracker.Bead object at 0x000001A3CB3D0160>	0.1	0	3944	3953	0	True	231.0	M450		3953
232.999	199.314	-14	1424.734	<BeadTracker.Bead object at 0x000001A3CB3D0370>	0.1	0	3945	3954	0	True	235.0	M450		3954
233.229	199.172	-14	1608.483	<BeadTracker.Bead object at 0x000001A3CB3D0580>	0.1	0	3946	3955	0	True	196.0	M450		3955
233.084	199.138	-14	1667.895	<BeadTracker.Bead object at 0x000001A3CB3D0790>	0.1	0	3947	3956	0	True	190.0	M450		3956
233.216	199.126	-14	1677.53	<BeadTracker.Bead object at 0x000001A3CB3D09A0>	0.1	0	3948	3957	0	True	170.0	M450		3957
233.134	198.977	-14	1667.401	<BeadTracker.Bead object at 0x000001A3CB3D0BB0>	0.1	0	3949	3958	0	True	170.0	M450		3958
233.344	199.131	-14	1660.722	<BeadTracker.Bead object at 0x000001A3CB3D0DC0>	0.1	0	3950	3959	0	True	189.0	M450		3959
233.276	199.069	-14	1669.385	<BeadTracker.Bead object at 0x000001A3CB3D0FD0>	0.1	0	3951	3960	0	True	189.0	M450		3960
233.274	199.115	-14	1665.151	<BeadTracker.Bead object at 0x000001A3CB3B9220>	0.1	0	3952	3961	0	True	190.0	M450		3961
233.202	199.004	-14	1660.4	<BeadTracker.Bead object at 0x000001A3CB3B9430>	0.1	0	3953	3962	0	True	189.0	M450		3962
233.331	199.094	-14	1658.53	<BeadTracker.Bead object at 0x000001A3CB3B9640>	0.1	0	3954	3963	0	True	190.0	M450		3963
233.27	198.949	-14	1665.564	<BeadTracker.Bead object at 0x000001A3CB3B9850>	0.1	0	3955	3964	0	True	170.0	M450		3964
233.35	198.97	-14	1681.884	<BeadTracker.Bead object at 0x000001A3CB3B9A60>	0.1	0	3956	3965	0	True	170.0	M450		3965
233.245	199.041	-14	1679.608	<BeadTracker.Bead object at 0x000001A3CB3B9C70>	0.1	0	3957	3966	0	True	170.0	M450		3966
233.197	199.077	-14	1663.426	<BeadTracker.Bead object at 0x000001A3CB3B9BE0>	0.1	0	3958	3967	0	True	189.0	M450		3967
233.197	198.942	-14	1665.084	<BeadTracker.Bead object at 0x000001A3CB3D80D0>	0.1	0	3959	3968	0	True	170.0	M450		3968
233.371	199.057	-14	1668.569	<BeadTracker.Bead object at 0x000001A3CB3D82E0>	0.1	0	3960	3969	0	True	170.0	M450		3969
233.286	199.041	-14	1665.003	<BeadTracker.Bead object at 0x000001A3CB3D84F0>	0.1	0	3961	3970	0	True	189.0	M450		3970
233.273	199.044	-14	1639.557	<BeadTracker.Bead object at 0x000001A3CB3D8700>	0.1	0	3962	3971	0	True	190.0	M450		3971
233.279	199.063	-14	1647.776	<BeadTracker.Bead object at 0x000001A3CB3D8910>	0.1	0	3963	3972	0	True	190.0	M450		3972
233.319	198.958	-14	1627.136	<BeadTracker.Bead object at 0x000001A3CB3D8B20>	0.1	0	3964	3973	0	True	190.0	M450		3973
233.253	199.007	-14	1668.16	<BeadTracker.Bead object at 0x000001A3CB3D8D30>	0.1	0	3965	3974	0	True	170.0	M450		3974
233.37	199.1	-14	1645.37	<BeadTracker.Bead object at 0x000001A3C6B97A30>	0.1	0	3966	3975	0	True	189.0	M450		3975
233.282	199.09	-14	1639.771	<BeadTracker.Bead object at 0x000001A3C6B97190>	0.1	0	3967	3976	0	True	191.0	M450		3976
233.313	199.103	-14	1624.968	<BeadTracker.Bead object at 0x000001A3C6B975B0>	0.1	0	3968	3977	0	True	191.0	M450		3977
233.32	199.051	-14	1666.371	<BeadTracker.Bead object at 0x000001A3C6B977C0>	0.1	0	3969	3978	0	True	170.0	M450		3978
233.543	199.16	-14	1662.068	<BeadTracker.Bead object at 0x000001A3C6B978E0>	0.1	0	3970	3979	0	True	193.0	M450		3979
233.284	199.212	-14	1654.986	<BeadTracker.Bead object at 0x000001A3C6B97C40>	0.1	0	3971	3980	0	True	190.0	M450		3980
233.302	199.162	-14	1647.233	<BeadTracker.Bead object at 0x000001A3C6B97D30>	0.1	0	3972	3981	0	True	191.0	M450		3981
233.355	199.175	-14	1662.036	<BeadTracker.Bead object at 0x000001A3C6B97F70>	0.1	0	3973	3982	0	True	189.0	M450		3982
233.489	199.057	-14	1694.793	<BeadTracker.Bead object at 0x000001A3C6B69040>	0.1	0	3974	3983	0	True	169.0	M450		3983
233.395	199.188	-14	1683.978	<BeadTracker.Bead object at 0x000001A3C6B69250>	0.1	0	3975	3984	0	True	170.0	M450		3984
233.526	199.245	-14	1676.765	<BeadTracker.Bead object at 0x000001A3C6B69460>	0.1	0	3976	3985	0	True	193.0	M450		3985
233.385	199.202	-14	1664.251	<BeadTracker.Bead object at 0x000001A3C6B69670>	0.1	0	3977	3986	0	True	190.0	M450		3986
233.534	199.186	-14	1653.734	<BeadTracker.Bead object at 0x000001A3C6B69880>	0.1	0	3978	3987	0	True	194.0	M450		3987
233.504	199.134	-14	1686.273	<BeadTracker.Bead object at 0x000001A3C6B69A90>	0.1	0	3979	3988	0	True	192.0	M450		3988
233.642	199.208	-14	1693.637	<BeadTracker.Bead object at 0x000001A3C6B69CA0>	0.1	0	3980	3989	0	True	192.0	M450		3989
233.567	199.209	-14	1692.592	<BeadTracker.Bead object at 0x000001A3C6B76040>	0.1	0	3981	3990	0	True	191.0	M450		3990
233.638	199.193	-14	1675.904	<BeadTracker.Bead object at 0x000001A3C6B76100>	0.1	0	3982	3991	0	True	192.0	M450		3991
233.574	198.97	-14	1701.498	<BeadTracker.Bead object at 0x000001A3C6B76310>	0.1	0	3983	3992	0	True	189.0	M450		3992
233.712	199.139	-14	1723.305	<BeadTracker.Bead object at 0x000001A3C6B76520>	0.1	0	3984	3993	0	True	170.0	M450		3993
233.543	199.135	-14	1743.308	<BeadTracker.Bead object at 0x000001A3C6B76730>	0.1	0	3985	3994	0	True	190.0	M450		3994
233.715	199.084	-14	1713.74	<BeadTracker.Bead object at 0x000001A3C6B76940>	0.1	0	3986	3995	0	True	190.0	M450		3995
233.654	198.909	-14	1723.588	<BeadTracker.Bead object at 0x000001A3C6B76B50>	0.1	0	3987	3996	0	True	170.0	M450		3996
233.709	199.012	-14	1735.934	<BeadTracker.Bead object at 0x000001A3C6B76D60>	0.1	0	3988	3997	0	True	169.0	M450		3997
233.632	199.134	-14	1764.573	<BeadTracker.Bead object at 0x000001A3C6B730A0>	0.1	0	3989	3998	0	True	169.0	M450		3998
233.636	199.096	-14	1759.503	<BeadTracker.Bead object at 0x000001A3C6B731C0>	0.1	0	3990	3999	0	True	169.0	M450		3999
233.488	199.126	-14	1730.465	<BeadTracker.Bead object at 0x000001A3C6B733D0>	0.1	0	3991	4000	0	True	167.0	M450		4000
233.64	199.057	-14	1700.591	<BeadTracker.Bead object at 0x000001A3C6B735E0>	0.1	0	3992	4001	0	True	189.0	M450		4001
233.492	198.773	-14	1750.05	<BeadTracker.Bead object at 0x000001A3C6B737F0>	0.1	0	3993	4002	0	True	164.0	M450		4002
233.651	199.042	-14	1749.901	<BeadTracker.Bead object at 0x000001A3C6B73A00>	0.1	0	3994	4003	0	True	169.0	M450		4003
233.5	199.093	-14	1723.638	<BeadTracker.Bead object at 0x000001A3C6B73C10>	0.1	0	3995	4004	0	True	190.0	M450		4004
233.547	199.109	-14	1717.728	<BeadTracker.Bead object at 0x000001A3C6B73E20>	0.1	0	3996	4005	0	True	190.0	M450		4005
233.484	199.182	-14	1715.74	<BeadTracker.Bead object at 0x000001A3C6B9D070>	0.1	0	3997	4006	0	True	167.0	M450		4006
233.555	198.997	-14	1723.76	<BeadTracker.Bead object at 0x000001A3C6B9D280>	0.1	0	3998	4007	0	True	189.0	M450		4007
233.542	199.107	-14	1728.941	<BeadTracker.Bead object at 0x000001A3C6B9D490>	0.1	0	3999	4008	0	True	170.0	M450		4008
233.59	199.015	-14	1693.014	<BeadTracker.Bead object at 0x000001A3C6B9D6A0>	0.1	0	4000	4009	0	True	170.0	M450		4009
233.535	199.116	-14	1731.605	<BeadTracker.Bead object at 0x000001A3C6B9D8B0>	0.1	0	4001	4010	0	True	170.0	M450		4010
233.608	199.215	-14	1698.049	<BeadTracker.Bead object at 0x000001A3C6B9DAC0>	0.1	0	4002	4011	0	True	190.0	M450		4011
233.514	199.005	-14	1740.564	<BeadTracker.Bead object at 0x000001A3C6B9DCD0>	0.1	0	4003	4012	0	True	170.0	M450		4012
233.645	199.249	-14	1723.125	<BeadTracker.Bead object at 0x000001A3C6B72040>	0.1	0	4004	4013	0	True	190.0	M450		4013
233.579	199.173	-14	1672.054	<BeadTracker.Bead object at 0x000001A3C6B72130>	0.1	0	4005	4014	0	True	192.0	M450		4014
233.486	199.102	-14	1682.383	<BeadTracker.Bead object at 0x000001A3C6B72340>	0.1	0	4006	4015	0	True	169.0	M450		4015
233.466	199.143	-14	1721.455	<BeadTracker.Bead object at 0x000001A3C6B72550>	0.1	0	4007	4016	0	True	168.0	M450		4016
233.6	199.157	-14	1714.301	<BeadTracker.Bead object at 0x000001A3C6B72760>	0.1	0	4008	4017	0	True	189.0	M450		4017
233.587	199.275	-14	1732.075	<BeadTracker.Bead object at 0x000001A3C6B72970>	0.1	0	4009	4018	0	True	190.0	M450		4018
233.729	199.219	-14	1711.66	<BeadTracker.Bead object at 0x000001A3C6B72B80>	0.1	0	4010	4019	0	True	190.0	M450		4019
233.587	199.14	-14	1731.599	<BeadTracker.Bead object at 0x000001A3C6B72D90>	0.1	0	4011	4020	0	True	170.0	M450		4020
233.59	199.217	-14	1753.274	<BeadTracker.Bead object at 0x000001A3C6B77190>	0.1	0	4012	4021	0	True	169.0	M450		4021
233.5	199.221	-14	1753.944	<BeadTracker.Bead object at 0x000001A3C6B771F0>	0.1	0	4013	4022	0	True	169.0	M450		4022
233.713	199.16	-14	1734.952	<BeadTracker.Bead object at 0x000001A3C6B77400>	0.1	0	4014	4023	0	True	170.0	M450		4023
233.602	199.093	-14	1735.635	<BeadTracker.Bead object at 0x000001A3C6B77610>	0.1	0	4015	4024	0	True	169.0	M450		4024
233.621	198.999	-14	1771.673	<BeadTracker.Bead object at 0x000001A3C6B77A30>	0.1	0	4017	4026	0	True	168.0	M450		4026
233.712	199.278	-14	1744.103	<BeadTracker.Bead object at 0x000001A3C6B77C40>	0.1	0	4018	4027	0	True	169.0	M450		4027
233.683	199.082	-14	1753.324	<BeadTracker.Bead object at 0x000001A3C6B77E50>	0.1	0	4019	4028	0	True	168.0	M450		4028
233.668	198.975	-14	1780.366	<BeadTracker.Bead object at 0x000001A3C6B790A0>	0.1	0	4020	4029	0	True	167.0	M450		4029
233.605	198.991	-14	1777.84	<BeadTracker.Bead object at 0x000001A3C6B792B0>	0.1	0	4021	4030	0	True	167.0	M450		4030
233.739	199.177	-14	1787.301	<BeadTracker.Bead object at 0x000001A3C6B794C0>	0.1	0	4022	4031	0	True	167.0	M450		4031
233.541	199.027	-14	1752.191	<BeadTracker.Bead object at 0x000001A3C6B796D0>	0.1	0	4023	4032	0	True	169.0	M450		4032
233.745	199.043	-14	1739.483	<BeadTracker.Bead object at 0x000001A3C6B798E0>	0.1	0	4024	4033	0	True	169.0	M450		4033
233.496	198.953	-14	1754.729	<BeadTracker.Bead object at 0x000001A3C6B79AF0>	0.1	0	4025	4034	0	True	164.0	M450		4034
233.522	198.942	-14	1759.387	<BeadTracker.Bead object at 0x000001A3C6B79D00>	0.1	0	4026	4035	0	True	168.0	M450		4035
233.575	198.83	-14	1755.994	<BeadTracker.Bead object at 0x000001A3C6B65040>	0.1	0	4027	4036	0	True	167.0	M450		4036
233.681	198.995	-14	1732.284	<BeadTracker.Bead object at 0x000001A3C6B65160>	0.1	0	4028	4037	0	True	169.0	M450		4037
233.604	198.905	-14	1729.786	<BeadTracker.Bead object at 0x000001A3C6B65370>	0.1	0	4029	4038	0	True	169.0	M450		4038
233.494	198.939	-14	1722.43	<BeadTracker.Bead object at 0x000001A3C6B65580>	0.1	0	4030	4039	0	True	166.0	M450		4039
233.514	198.902	-14	1732.56	<BeadTracker.Bead object at 0x000001A3C6B65790>	0.1	0	4031	4040	0	True	170.0	M450		4040
233.432	199.014	-14	1713.241	<BeadTracker.Bead object at 0x000001A3C6B659A0>	0.1	0	4032	4041	0	True	168.0	M450		4041
233.462	198.764	-14	1693.778	<BeadTracker.Bead object at 0x000001A3C6B65BB0>	0.1	0	4033	4042	0	True	169.0	M450		4042
233.599	198.917	-14	1713.943	<BeadTracker.Bead object at 0x000001A3C6B65DC0>	0.1	0	4034	4043	0	True	170.0	M450		4043
233.445	198.862	-14	1732.251	<BeadTracker.Bead object at 0x000001A3C6B65FD0>	0.1	0	4035	4044	0	True	166.0	M450		4044
233.482	199.017	-14	1744.045	<BeadTracker.Bead object at 0x000001A3C6B7F220>	0.1	0	4036	4045	0	True	166.0	M450		4045
233.465	198.942	-14	1707.404	<BeadTracker.Bead object at 0x000001A3C6B7F430>	0.1	0	4037	4046	0	True	166.0	M450		4046
233.493	199.077	-14	1703.85	<BeadTracker.Bead object at 0x000001A3C6B7F640>	0.1	0	4038	4047	0	True	168.0	M450		4047
233.479	198.937	-14	1690.487	<BeadTracker.Bead object at 0x000001A3C6B7F850>	0.1	0	4039	4048	0	True	169.0	M450		4048
233.474	198.918	-14	1715.205	<BeadTracker.Bead object at 0x000001A3C6B7FA60>	0.1	0	4040	4049	0	True	167.0	M450		4049
233.317	199.035	-14	1727.346	<BeadTracker.Bead object at 0x000001A3C6B7FC70>	0.1	0	4041	4050	0	True	167.0	M450		4050
233.412	199.054	-14	1685.001	<BeadTracker.Bead object at 0x000001A3C6B7FBE0>	0.1	0	4042	4051	0	True	169.0	M450		4051
233.478	198.955	-14	1705.624	<BeadTracker.Bead object at 0x000001A3C6B6C0D0>	0.1	0	4043	4052	0	True	168.0	M450		4052
233.58	199.018	-14	1724.015	<BeadTracker.Bead object at 0x000001A3C6B6C2E0>	0.1	0	4044	4053	0	True	170.0	M450		4053
233.458	198.904	-14	1739.277	<BeadTracker.Bead object at 0x000001A3C6B6C4F0>	0.1	0	4045	4054	0	True	164.0	M450		4054
233.531	199.016	-14	1758.896	<BeadTracker.Bead object at 0x000001A3C6B6C700>	0.1	0	4046	4055	0	True	169.0	M450		4055
233.483	198.921	-14	1752.162	<BeadTracker.Bead object at 0x000001A3C6B6C910>	0.1	0	4047	4056	0	True	163.0	M450		4056
233.662	199.124	-14	1723.431	<BeadTracker.Bead object at 0x000001A3C6B6CB20>	0.1	0	4048	4057	0	True	170.0	M450		4057
233.659	199.14	-14	1750.271	<BeadTracker.Bead object at 0x000001A3C6B6CD30>	0.1	0	4049	4058	0	True	168.0	M450		4058
233.549	199.051	-14	1761.887	<BeadTracker.Bead object at 0x000001A3C6B6B070>	0.1	0	4050	4059	0	True	169.0	M450		4059
233.588	198.941	-14	1750.045	<BeadTracker.Bead object at 0x000001A3C6B6B190>	0.1	0	4051	4060	0	True	168.0	M450		4060
233.597	199.071	-14	1710.128	<BeadTracker.Bead object at 0x000001A3C6B6B3A0>	0.1	0	4052	4061	0	True	170.0	M450		4061
233.63	198.965	-14	1768.277	<BeadTracker.Bead object at 0x000001A3C6B6B7C0>	0.1	0	4054	4063	0	True	167.0	M450		4063
233.543	199.031	-14	1750.455	<BeadTracker.Bead object at 0x000001A3C6B6B9D0>	0.1	0	4055	4064	0	True	168.0	M450		4064
233.615	198.979	-14	1742.212	<BeadTracker.Bead object at 0x000001A3C6B6BBE0>	0.1	0	4056	4065	0	True	169.0	M450		4065
233.579	198.856	-14	1736.974	<BeadTracker.Bead object at 0x000001A3C6B6BDF0>	0.1	0	4057	4066	0	True	168.0	M450		4066
233.673	198.954	-14	1726.573	<BeadTracker.Bead object at 0x000001A3C6B66040>	0.1	0	4058	4067	0	True	169.0	M450		4067
233.548	198.986	-14	1762.639	<BeadTracker.Bead object at 0x000001A3C6B66250>	0.1	0	4059	4068	0	True	167.0	M450		4068
233.459	198.891	-14	1740.045	<BeadTracker.Bead object at 0x000001A3C6B66460>	0.1	0	4060	4069	0	True	162.0	M450		4069
233.485	198.734	-14	1710.107	<BeadTracker.Bead object at 0x000001A3C6B66670>	0.1	0	4061	4070	0	True	166.0	M450		4070
233.578	198.831	-14	1712.276	<BeadTracker.Bead object at 0x000001A3C6B66880>	0.1	0	4062	4071	0	True	169.0	M450		4071
233.535	198.93	-14	1724.884	<BeadTracker.Bead object at 0x000001A3C6B66A90>	0.1	0	4063	4072	0	True	169.0	M450		4072
233.506	198.829	-14	1702.837	<BeadTracker.Bead object at 0x000001A3C6B66CA0>	0.1	0	4064	4073	0	True	170.0	M450		4073
233.418	198.861	-14	1714.893	<BeadTracker.Bead object at 0x000001A3CDDA8040>	0.1	0	4065	4074	0	True	167.0	M450		4074
233.491	198.77	-14	1668.417	<BeadTracker.Bead object at 0x000001A3CDDA8100>	0.1	0	4066	4075	0	True	169.0	M450		4075
233.45	198.753	-14	1698.603	<BeadTracker.Bead object at 0x000001A3CDDA8310>	0.1	0	4067	4076	0	True	168.0	M450		4076
233.506	198.813	-14	1696.097	<BeadTracker.Bead object at 0x000001A3CDDA8520>	0.1	0	4068	4077	0	True	171.0	M450		4077
233.408	198.835	-14	1691.286	<BeadTracker.Bead object at 0x000001A3CDDA8730>	0.1	0	4069	4078	0	True	168.0	M450		4078
233.386	198.901	-14	1665.712	<BeadTracker.Bead object at 0x000001A3CDDA8940>	0.1	0	4070	4079	0	True	170.0	M450		4079
233.4	198.68	-14	1663.262	<BeadTracker.Bead object at 0x000001A3CDDA8B50>	0.1	0	4071	4080	0	True	172.0	M450		4080
233.565	198.899	-14	1692.241	<BeadTracker.Bead object at 0x000001A3CDDA8D60>	0.1	0	4072	4081	0	True	170.0	M450		4081
233.444	198.85	-14	1709.479	<BeadTracker.Bead object at 0x000001A3CDDA40A0>	0.1	0	4073	4082	0	True	168.0	M450		4082
233.434	198.931	-14	1693.679	<BeadTracker.Bead object at 0x000001A3CDDA41C0>	0.1	0	4074	4083	0	True	169.0	M450		4083
233.402	198.871	-14	1676.998	<BeadTracker.Bead object at 0x000001A3CDDA43D0>	0.1	0	4075	4084	0	True	169.0	M450		4084
233.493	198.99	-14	1638.337	<BeadTracker.Bead object at 0x000001A3CDDA45E0>	0.1	0	4076	4085	0	True	171.0	M450		4085
233.516	198.807	14	1709.796	<BeadTracker.Bead object at 0x000001A3CDDA47F0>	0.0	0	4077	4086	0	True	171.0	M450		4086
233.566	198.938	14	1698.895	<BeadTracker.Bead object at 0x000001A3CDDA4A00>	0.0	0	4078	4087	0	True	170.0	M450		4087
233.364	198.969	14	1715.907	<BeadTracker.Bead object at 0x000001A3CDDA4C10>	0.0	0	4079	4088	0	True	168.0	M450		4088
233.418	199.051	14	1673.464	<BeadTracker.Bead object at 0x000001A3CDDA4E20>	0.0	0	4080	4089	0	True	170.0	M450		4089
233.533	198.796	14	1700.521	<BeadTracker.Bead object at 0x000001A3CDD90070>	0.0	0	4081	4090	0	True	170.0	M450		4090
233.623	199.044	14	1694.464	<BeadTracker.Bead object at 0x000001A3CDD90280>	0.0	0	4082	4091	0	True	170.0	M450		4091
233.535	199.112	14	1716.357	<BeadTracker.Bead object at 0x000001A3CDD90490>	0.0	0	4083	4092	0	True	189.0	M450		4092
233.54	199.021	14	1700.589	<BeadTracker.Bead object at 0x000001A3CDD906A0>	0.0	0	4084	4093	0	True	189.0	M450		4093
233.535	198.91	14	1687.716	<BeadTracker.Bead object at 0x000001A3CDD908B0>	0.0	0	4085	4094	0	True	189.0	M450		4094
233.552	198.917	14	1710.503	<BeadTracker.Bead object at 0x000001A3CDD90AC0>	0.0	0	4086	4095	0	True	170.0	M450		4095
233.537	198.957	14	1723.86	<BeadTracker.Bead object at 0x000001A3CDD90CD0>	0.0	0	4087	4096	0	True	169.0	M450		4096
233.614	199.047	14	1723.087	<BeadTracker.Bead object at 0x000001A3CDDC0040>	0.0	0	4088	4097	0	True	169.0	M450		4097
233.488	198.994	14	1716.65	<BeadTracker.Bead object at 0x000001A3CDDC0130>	0.0	0	4089	4098	0	True	167.0	M450		4098
233.509	198.966	14	1701.831	<BeadTracker.Bead object at 0x000001A3CDDC0340>	0.0	0	4090	4099	0	True	189.0	M450		4099
233.528	198.822	14	1724.874	<BeadTracker.Bead object at 0x000001A3CDDC0550>	0.0	0	4091	4100	0	True	170.0	M450		4100
233.612	198.974	14	1720.506	<BeadTracker.Bead object at 0x000001A3CDDC0760>	0.0	0	4092	4101	0	True	170.0	M450		4101
233.524	198.892	14	1729.516	<BeadTracker.Bead object at 0x000001A3CDDC0970>	0.0	0	4093	4102	0	True	169.0	M450		4102
233.484	198.965	14	1726.119	<BeadTracker.Bead object at 0x000001A3CDDC0B80>	0.0	0	4094	4103	0	True	168.0	M450		4103
233.496	198.816	14	1715.48	<BeadTracker.Bead object at 0x000001A3CDDC0D90>	0.0	0	4095	4104	0	True	166.0	M450		4104
233.56	198.855	14	1716.603	<BeadTracker.Bead object at 0x000001A3CDDAD190>	0.0	0	4096	4105	0	True	170.0	M450		4105
233.493	198.822	14	1720.226	<BeadTracker.Bead object at 0x000001A3CDDAD1F0>	0.0	0	4097	4106	0	True	166.0	M450		4106
233.47	198.932	14	1704.704	<BeadTracker.Bead object at 0x000001A3CDDAD400>	0.0	0	4098	4107	0	True	169.0	M450		4107
233.391	198.819	14	1699.415	<BeadTracker.Bead object at 0x000001A3CDDAD610>	0.0	0	4099	4108	0	True	168.0	M450		4108
233.428	199.001	14	1691.226	<BeadTracker.Bead object at 0x000001A3CDDAD820>	0.0	0	4100	4109	0	True	169.0	M450		4109
233.364	198.783	14	1688.394	<BeadTracker.Bead object at 0x000001A3CDDADA30>	0.0	0	4101	4110	0	True	169.0	M450		4110
233.443	198.991	14	1704.809	<BeadTracker.Bead object at 0x000001A3CDDADC40>	0.0	0	4102	4111	0	True	168.0	M450		4111
233.405	199.051	14	1674.969	<BeadTracker.Bead object at 0x000001A3CDDADE50>	0.0	0	4103	4112	0	True	170.0	M450		4112
233.253	198.899	14	1688.267	<BeadTracker.Bead object at 0x000001A3CDDBF0A0>	0.0	0	4104	4113	0	True	169.0	M450		4113
233.245	198.97	14	1706.84	<BeadTracker.Bead object at 0x000001A3CDDBF2B0>	0.0	0	4105	4114	0	True	168.0	M450		4114
233.293	199.047	14	1691.923	<BeadTracker.Bead object at 0x000001A3CDDBF4C0>	0.0	0	4106	4115	0	True	169.0	M450		4115
233.272	199.054	14	1697.669	<BeadTracker.Bead object at 0x000001A3CDDBF6D0>	0.0	0	4107	4116	0	True	169.0	M450		4116
233.364	199.103	14	1677.671	<BeadTracker.Bead object at 0x000001A3CDDBF8E0>	0.0	0	4108	4117	0	True	170.0	M450		4117
233.253	198.987	14	1676.031	<BeadTracker.Bead object at 0x000001A3CDDBFAF0>	0.0	0	4109	4118	0	True	170.0	M450		4118
233.269	199.092	14	1682.412	<BeadTracker.Bead object at 0x000001A3CDDBFD00>	0.0	0	4110	4119	0	True	170.0	M450		4119
233.221	199.071	14	1699.423	<BeadTracker.Bead object at 0x000001A3CDD95040>	0.0	0	4111	4120	0	True	170.0	M450		4120
233.385	199.271	14	1681.468	<BeadTracker.Bead object at 0x000001A3CDD95160>	0.0	0	4112	4121	0	True	170.0	M450		4121
233.334	199.191	14	1664.848	<BeadTracker.Bead object at 0x000001A3CDD95370>	0.0	0	4113	4122	0	True	189.0	M450		4122
233.308	199.261	14	1663.781	<BeadTracker.Bead object at 0x000001A3CDD95580>	0.0	0	4114	4123	0	True	170.0	M450		4123
233.334	199.196	14	1678.111	<BeadTracker.Bead object at 0x000001A3CDD95790>	0.0	0	4115	4124	0	True	189.0	M450		4124
233.362	199.384	14	1680.459	<BeadTracker.Bead object at 0x000001A3CDD959A0>	0.0	0	4116	4125	0	True	170.0	M450		4125
233.313	199.326	14	1689.364	<BeadTracker.Bead object at 0x000001A3CDD95BB0>	0.0	0	4117	4126	0	True	190.0	M450		4126
233.366	199.368	14	1696.173	<BeadTracker.Bead object at 0x000001A3CDD95DC0>	0.0	0	4118	4127	0	True	170.0	M450		4127
233.308	199.305	14	1723.894	<BeadTracker.Bead object at 0x000001A3CDD95FD0>	0.0	0	4119	4128	0	True	169.0	M450		4128
233.242	199.519	14	1702.273	<BeadTracker.Bead object at 0x000001A3CDDA9040>	0.0	0	4120	4129	0	True	171.0	M450		4129
233.146	199.439	14	1690.952	<BeadTracker.Bead object at 0x000001A3CDDA9430>	0.0	0	4121	4130	0	True	192.0	M450		4130
233.16	199.368	14	1673.462	<BeadTracker.Bead object at 0x000001A3CDDA9730>	0.0	0	4122	4131	0	True	192.0	M450		4131
233.14	199.243	14	1694.292	<BeadTracker.Bead object at 0x000001A3CDDA9550>	0.0	0	4123	4132	0	True	170.0	M450		4132
233.129	199.395	14	1684.366	<BeadTracker.Bead object at 0x000001A3CDDA9BB0>	0.0	0	4124	4133	0	True	191.0	M450		4133
233.081	199.386	14	1690.523	<BeadTracker.Bead object at 0x000001A3CDDA9D00>	0.0	0	4125	4134	0	True	191.0	M450		4134
233.074	199.508	14	1663.141	<BeadTracker.Bead object at 0x000001A3CDDA9D60>	0.0	0	4126	4135	0	True	182.0	M450		4135
232.908	199.399	14	1650.129	<BeadTracker.Bead object at 0x000001A3CDDBA9A0>	0.0	0	4127	4136	0	True	194.0	M450		4136
232.924	199.346	14	1649.076	<BeadTracker.Bead object at 0x000001A3CDDBA1C0>	0.0	0	4128	4137	0	True	194.0	M450		4137
232.887	199.184	14	1651.922	<BeadTracker.Bead object at 0x000001A3CDDBA520>	0.0	0	4129	4138	0	True	192.0	M450		4138
232.784	199.411	14	1634.698	<BeadTracker.Bead object at 0x000001A3CDDBA550>	0.0	0	4130	4139	0	True	203.0	M450		4139
232.786	199.513	14	1596.23	<BeadTracker.Bead object at 0x000001A3CDDBAAC0>	0.0	0	4131	4140	0	True	195.0	M450		4140
232.798	199.479	14	1562.805	<BeadTracker.Bead object at 0x000001A3CDDBA430>	0.0	0	4132	4141	0	True	230.0	M450		4141
232.679	199.263	14	1548.927	<BeadTracker.Bead object at 0x000001A3CDDBAE20>	0.0	0	4133	4142	0	True	228.0	M450		4142
232.631	199.329	14	1536.904	<BeadTracker.Bead object at 0x000001A3CDDCC070>	0.0	0	4134	4143	0	True	230.0	M450		4143
232.616	199.223	14	1503.332	<BeadTracker.Bead object at 0x000001A3CDDCC190>	0.0	0	4135	4144	0	True	230.0	M450		4144
232.556	199.309	14	1470.747	<BeadTracker.Bead object at 0x000001A3CDDCC3A0>	0.0	0	4136	4145	0	True	245.0	M450		4145
232.366	199.214	14	1445.129	<BeadTracker.Bead object at 0x000001A3CDDCC5B0>	0.0	0	4137	4146	0	True	233.0	M450		4146
232.362	199.222	14	1401.185	<BeadTracker.Bead object at 0x000001A3CDDCC7C0>	0.0	0	4138	4147	0	True	243.0	M450		4147
232.359	198.998	14	1390.836	<BeadTracker.Bead object at 0x000001A3CDDCC9D0>	0.0	0	4139	4148	0	True	241.0	M450		4148
232.304	199.111	14	1322.626	<BeadTracker.Bead object at 0x000001A3CDDCCBE0>	0.0	0	4140	4149	0	True	258.0	M450		4149
232.157	198.934	14	1276.346	<BeadTracker.Bead object at 0x000001A3CDDCCDF0>	0.0	0	4141	4150	0	True	263.0	M450		4150
232.106	198.814	14	1239.806	<BeadTracker.Bead object at 0x000001A3CDD99040>	0.0	0	4142	4151	0	True	268.0	M450		4151
232.361	198.759	14	1224.673	<BeadTracker.Bead object at 0x000001A3CDD99250>	0.0	0	4143	4152	0	True	269.0	M450		4152
231.976	199.172	14	1234.45	<BeadTracker.Bead object at 0x000001A3CDD99460>	0.0	0	4144	4153	0	True	286.0	M450		4153
232.162	199.278	14	1267.758	<BeadTracker.Bead object at 0x000001A3CDD99670>	0.0	0	4145	4154	0	True	267.0	M450		4154
232.152	199.533	14	1301.266	<BeadTracker.Bead object at 0x000001A3CDD99880>	0.0	0	4146	4155	0	True	258.0	M450		4155
232.215	199.492	14	1347.387	<BeadTracker.Bead object at 0x000001A3CDD99A90>	0.0	0	4147	4156	0	True	262.0	M450		4156
232.112	199.608	14	1379.009	<BeadTracker.Bead object at 0x000001A3CDD99CA0>	0.0	0	4148	4157	0	True	245.0	M450		4157
232.136	199.556	14	1415.695	<BeadTracker.Bead object at 0x000001A3CDDAA040>	0.0	0	4149	4158	0	True	237.0	M450		4158
232.22	199.819	14	1438.588	<BeadTracker.Bead object at 0x000001A3CDDAA100>	0.0	0	4150	4159	0	True	234.0	M450		4159
232.131	199.745	14	1467.636	<BeadTracker.Bead object at 0x000001A3CDDAA310>	0.0	0	4151	4160	0	True	228.0	M450		4160
232.192	199.878	14	1512.698	<BeadTracker.Bead object at 0x000001A3CDDAA520>	0.0	0	4152	4161	0	True	222.0	M450		4161
232.178	199.844	14	1536.702	<BeadTracker.Bead object at 0x000001A3CDDAA730>	0.0	0	4153	4162	0	True	214.0	M450		4162
232.166	200.007	14	1530.258	<BeadTracker.Bead object at 0x000001A3CDDAA940>	0.0	0	4154	4163	0	True	212.0	M450		4163
232.205	199.906	14	1555.339	<BeadTracker.Bead object at 0x000001A3CDDAAB50>	0.0	0	4155	4164	0	True	209.0	M450		4164
232.27	199.955	14	1576.814	<BeadTracker.Bead object at 0x000001A3CDDAAD60>	0.0	0	4156	4165	0	True	205.0	M450		4165
232.232	199.875	14	1623.976	<BeadTracker.Bead object at 0x000001A3CDD93A00>	0.0	0	4157	4166	0	True	193.0	M450		4166
232.267	200.023	14	1606.447	<BeadTracker.Bead object at 0x000001A3CDD933D0>	0.0	0	4158	4167	0	True	195.0	M450		4167
232.232	199.819	14	1610.717	<BeadTracker.Bead object at 0x000001A3CDD930A0>	0.0	0	4159	4168	0	True	194.0	M450		4168
232.325	199.994	14	1627.999	<BeadTracker.Bead object at 0x000001A3CDD938B0>	0.0	0	4160	4169	0	True	192.0	M450		4169
232.281	199.921	14	1659.526	<BeadTracker.Bead object at 0x000001A3CDD93E20>	0.0	0	4161	4170	0	True	191.0	M450		4170
232.31	200.042	14	1665.695	<BeadTracker.Bead object at 0x000001A3CDD93670>	0.0	0	4162	4171	0	True	191.0	M450		4171
232.218	199.925	14	1667.273	<BeadTracker.Bead object at 0x000001A3CDD935B0>	0.0	0	4163	4172	0	True	190.0	M450		4172
232.134	199.998	14	1637.517	<BeadTracker.Bead object at 0x000001A3CDD93AC0>	0.0	0	4164	4173	0	True	193.0	M450		4173
232.2	199.816	14	1662.277	<BeadTracker.Bead object at 0x000001A3C9A238B0>	0.0	0	4165	4174	0	True	190.0	M450		4174
232.255	199.865	14	1696.338	<BeadTracker.Bead object at 0x000001A3C9A23100>	0.0	0	4166	4175	0	True	171.0	M450		4175
232.205	199.897	14	1683.34	<BeadTracker.Bead object at 0x000001A3C9A236D0>	0.0	0	4167	4176	0	True	189.0	M450		4176
232.143	200.008	14	1663.203	<BeadTracker.Bead object at 0x000001A3C9A23460>	0.0	0	4168	4177	0	True	191.0	M450		4177
232.072	199.859	14	1681.209	<BeadTracker.Bead object at 0x000001A3C9A23B20>	0.0	0	4169	4178	0	True	189.0	M450		4178
232.255	199.897	14	1672.227	<BeadTracker.Bead object at 0x000001A3C9A23A90>	0.0	0	4170	4179	0	True	189.0	M450		4179
232.233	199.91	14	1701.906	<BeadTracker.Bead object at 0x000001A3C9A23F70>	0.0	0	4171	4180	0	True	171.0	M450		4180
232.209	199.938	14	1677.678	<BeadTracker.Bead object at 0x000001A3C9A52F70>	0.0	0	4172	4181	0	True	189.0	M450		4181
232.198	199.923	14	1674.408	<BeadTracker.Bead object at 0x000001A3C9A521C0>	0.0	0	4173	4182	0	True	190.0	M450		4182
232.166	199.99	14	1659.189	<BeadTracker.Bead object at 0x000001A3C9A522B0>	0.0	0	4174	4183	0	True	190.0	M450		4183
232.229	199.914	14	1668.778	<BeadTracker.Bead object at 0x000001A3C9A52790>	0.0	0	4175	4184	0	True	190.0	M450		4184
232.343	199.846	14	1678.822	<BeadTracker.Bead object at 0x000001A3C9A52130>	0.0	0	4176	4185	0	True	187.0	M450		4185
232.274	199.822	14	1674.588	<BeadTracker.Bead object at 0x000001A3C9A528B0>	0.0	0	4177	4186	0	True	188.0	M450		4186
232.307	199.972	14	1679.661	<BeadTracker.Bead object at 0x000001A3C9A52DC0>	0.0	0	4178	4187	0	True	188.0	M450		4187
232.205	199.743	14	1675.66	<BeadTracker.Bead object at 0x000001A3C9A52EE0>	0.0	0	4179	4188	0	True	187.0	M450		4188
232.395	200.031	14	1696.419	<BeadTracker.Bead object at 0x000001A3C9A3F0D0>	0.0	0	4180	4189	0	True	170.0	M450		4189
232.292	199.892	14	1700.702	<BeadTracker.Bead object at 0x000001A3C9A3F1F0>	0.0	0	4181	4190	0	True	171.0	M450		4190
232.371	199.944	14	1682.843	<BeadTracker.Bead object at 0x000001A3C9A3F610>	0.0	0	4182	4191	0	True	171.0	M450		4191
232.425	199.794	14	1687.694	<BeadTracker.Bead object at 0x000001A3C9A3F820>	0.0	0	4183	4192	0	True	171.0	M450		4192
232.461	199.817	14	1676.214	<BeadTracker.Bead object at 0x000001A3C9A3F940>	0.0	0	4184	4193	0	True	172.0	M450		4193
232.429	199.881	14	1734.532	<BeadTracker.Bead object at 0x000001A3C9A3FCA0>	0.0	0	4185	4194	0	True	168.0	M450		4194
232.48	199.948	14	1707.282	<BeadTracker.Bead object at 0x000001A3C9A3FD90>	0.0	0	4186	4195	0	True	170.0	M450		4195
232.54	199.952	14	1728.623	<BeadTracker.Bead object at 0x000001A3C9A3FF40>	0.0	0	4187	4196	0	True	190.0	M450		4196
232.507	200.009	14	1703.665	<BeadTracker.Bead object at 0x000001A3C9A320A0>	0.0	0	4188	4197	0	True	192.0	M450		4197
232.538	199.754	14	1720.569	<BeadTracker.Bead object at 0x000001A3C9A322B0>	0.0	0	4189	4198	0	True	188.0	M450		4198
232.625	199.896	14	1711.915	<BeadTracker.Bead object at 0x000001A3C9A324C0>	0.0	0	4190	4199	0	True	189.0	M450		4199
232.566	199.985	14	1726.434	<BeadTracker.Bead object at 0x000001A3C9A326D0>	0.0	0	4191	4200	0	True	190.0	M450		4200
232.508	199.908	14	1733.122	<BeadTracker.Bead object at 0x000001A3C9A328E0>	0.0	0	4192	4201	0	True	189.0	M450		4201
232.521	199.696	14	1731.592	<BeadTracker.Bead object at 0x000001A3C9A32AF0>	0.0	0	4193	4202	0	True	171.0	M450		4202
232.603	199.822	14	1733.3	<BeadTracker.Bead object at 0x000001A3C9A32D00>	0.0	0	4194	4203	0	True	171.0	M450		4203
232.582	199.787	14	1748.8	<BeadTracker.Bead object at 0x000001A3C9A31D30>	0.0	0	4195	4204	0	True	171.0	M450		4204
232.634	199.924	14	1730.677	<BeadTracker.Bead object at 0x000001A3C9A312E0>	0.0	0	4196	4205	0	True	170.0	M450		4205
232.534	199.695	14	1727.405	<BeadTracker.Bead object at 0x000001A3C9A313D0>	0.0	0	4197	4206	0	True	171.0	M450		4206
232.604	199.68	14	1716.342	<BeadTracker.Bead object at 0x000001A3C9A315E0>	0.0	0	4198	4207	0	True	187.0	M450		4207
232.49	199.489	14	1736.84	<BeadTracker.Bead object at 0x000001A3C9A31400>	0.0	0	4199	4208	0	True	169.0	M450		4208
232.603	199.869	14	1737.33	<BeadTracker.Bead object at 0x000001A3C9A31A30>	0.0	0	4200	4209	0	True	170.0	M450		4209
232.589	199.855	14	1710.467	<BeadTracker.Bead object at 0x000001A3C9A31850>	0.0	0	4201	4210	0	True	189.0	M450		4210
232.537	199.709	14	1686.889	<BeadTracker.Bead object at 0x000001A3C9A31DC0>	0.0	0	4202	4211	0	True	189.0	M450		4211
232.531	199.554	14	1721.398	<BeadTracker.Bead object at 0x000001A3C9A31EB0>	0.0	0	4203	4212	0	True	185.0	M450		4212
232.513	199.578	14	1726.253	<BeadTracker.Bead object at 0x000001A3C9A4E220>	0.0	0	4204	4213	0	True	172.0	M450		4213
232.54	199.65	14	1720.172	<BeadTracker.Bead object at 0x000001A3C9A4E430>	0.0	0	4205	4214	0	True	186.0	M450		4214
232.566	199.736	14	1692.216	<BeadTracker.Bead object at 0x000001A3C9A4E640>	0.0	0	4206	4215	0	True	189.0	M450		4215
232.536	199.609	14	1676.134	<BeadTracker.Bead object at 0x000001A3C9A4E850>	0.0	0	4207	4216	0	True	189.0	M450		4216
232.55	199.631	14	1718.253	<BeadTracker.Bead object at 0x000001A3C9A4EA60>	0.0	0	4208	4217	0	True	187.0	M450		4217
232.56	199.627	14	1715.25	<BeadTracker.Bead object at 0x000001A3C9A4EC70>	0.0	0	4209	4218	0	True	187.0	M450		4218
232.451	199.949	0	1891.014	<BeadTracker.Bead object at 0x000001A3C9A4EBE0>	1.0	163	4210	4219	0	True	176.0	M450		4219
232.819	199.529	0	1823.112	<BeadTracker.Bead object at 0x000001A3C9A5C0D0>	2.0	163	4211	4220	0	False	176.0	M450		4220
232.342	200.158	0	728.298	<BeadTracker.Bead object at 0x000001A3C9A5C2E0>	3.0	163	4212	4221	0	False	176.0	M450		4221
232.479	200.081	0	1900.009	<BeadTracker.Bead object at 0x000001A3C9A5C4F0>	1.0	164	4213	4222	0	True	161.0	M450		4222
232.54	199.45	0	1807.133	<BeadTracker.Bead object at 0x000001A3C9A5C700>	2.0	164	4214	4223	0	False	161.0	M450		4223
232.27	200.14	0	732.156	<BeadTracker.Bead object at 0x000001A3C9A5C910>	3.0	164	4215	4224	0	False	161.0	M450		4224
232.626	200.01	0	1880.975	<BeadTracker.Bead object at 0x000001A3C9A5CB20>	1.0	165	4216	4225	0	True	155.0	M450		4225
232.683	199.652	0	1799.001	<BeadTracker.Bead object at 0x000001A3C9A5CD30>	2.0	165	4217	4226	0	False	155.0	M450		4226
232.66	200.119	0	758.728	<BeadTracker.Bead object at 0x000001A3C9A47070>	3.0	165	4218	4227	0	False	155.0	M450		4227
232.474	200.131	0	1861.655	<BeadTracker.Bead object at 0x000001A3C9A47190>	1.0	166	4219	4228	0	True	153.0	M450		4228
232.434	199.628	0	1835.372	<BeadTracker.Bead object at 0x000001A3C9A473A0>	2.0	166	4220	4229	0	False	153.0	M450		4229
232.467	200.11	0	761.664	<BeadTracker.Bead object at 0x000001A3C9A475B0>	3.0	166	4221	4230	0	False	153.0	M450		4230
232.325	199.945	0	1835.102	<BeadTracker.Bead object at 0x000001A3C9A477C0>	1.0	167	4222	4231	0	True	140.0	M450		4231
232.295	199.626	0	1808.448	<BeadTracker.Bead object at 0x000001A3C9A479D0>	2.0	167	4223	4232	0	False	140.0	M450		4232
232.145	199.746	0	778.173	<BeadTracker.Bead object at 0x000001A3C9A47BE0>	3.0	167	4224	4233	0	False	140.0	M450		4233
232.184	200.091	0	1859.705	<BeadTracker.Bead object at 0x000001A3C9A47DF0>	1.0	168	4225	4234	0	True	146.0	M450		4234
232.349	199.723	0	1820.445	<BeadTracker.Bead object at 0x000001A3C9A27040>	2.0	168	4226	4235	0	False	146.0	M450		4235
232.126	199.992	0	765.81	<BeadTracker.Bead object at 0x000001A3C9A27250>	3.0	168	4227	4236	0	False	146.0	M450		4236
232.849	199.685	0	1901.07	<BeadTracker.Bead object at 0x000001A3C9A27460>	1.0	169	4228	4238	0	True	177.0	M450		4238
233.047	199.336	0	1750.306	<BeadTracker.Bead object at 0x000001A3C9A27670>	2.0	169	4229	4239	0	False	177.0	M450		4239
232.918	199.692	0	734.608	<BeadTracker.Bead object at 0x000001A3C9A27880>	3.0	169	4230	4240	0	False	177.0	M450		4240
232.892	199.944	0	1896.222	<BeadTracker.Bead object at 0x000001A3C9A27A90>	1.0	170	4231	4241	0	True	151.0	M450		4241
233.131	199.519	0	1822.496	<BeadTracker.Bead object at 0x000001A3C9A27CA0>	2.0	170	4232	4242	0	False	151.0	M450		4242
232.848	199.718	0	738.096	<BeadTracker.Bead object at 0x000001A3C9A34040>	3.0	170	4233	4243	0	False	151.0	M450		4243
232.789	200.009	0	1866.293	<BeadTracker.Bead object at 0x000001A3C9A34100>	1.0	171	4234	4244	0	True	166.0	M450		4244
233.013	199.285	0	1849.036	<BeadTracker.Bead object at 0x000001A3C9A34310>	2.0	171	4235	4245	0	False	166.0	M450		4245
232.715	199.613	0	745.722	<BeadTracker.Bead object at 0x000001A3C9A34520>	3.0	171	4236	4246	0	False	166.0	M450		4246
233.076	199.649	0	1862.293	<BeadTracker.Bead object at 0x000001A3C9A34730>	1.0	172	4237	4247	0	True	146.0	M450		4247
233.053	199.161	0	1802.023	<BeadTracker.Bead object at 0x000001A3C9A34940>	2.0	172	4238	4248	0	False	146.0	M450		4248
232.97	199.644	0	724.213	<BeadTracker.Bead object at 0x000001A3C9A34B50>	3.0	172	4239	4249	0	False	146.0	M450		4249
232.969	199.669	0	1867.933	<BeadTracker.Bead object at 0x000001A3C9A34D60>	1.0	173	4240	4250	0	True	143.0	M450		4250
233.01	199.214	0	1799.314	<BeadTracker.Bead object at 0x000001A3C9A5E0A0>	2.0	173	4241	4251	0	False	143.0	M450		4251
233.008	199.803	0	751.926	<BeadTracker.Bead object at 0x000001A3C9A5E1C0>	3.0	173	4242	4252	0	False	143.0	M450		4252
232.727	199.461	0	1857.825	<BeadTracker.Bead object at 0x000001A3C9A5E3D0>	1.0	174	4243	4253	0	True	160.0	M450		4253
232.888	199.272	0	1802.9	<BeadTracker.Bead object at 0x000001A3C9A5E5E0>	2.0	174	4244	4254	0	False	160.0	M450		4254
232.807	199.388	0	732.808	<BeadTracker.Bead object at 0x000001A3C9A5E7F0>	3.0	174	4245	4255	0	False	160.0	M450		4255
232.245	199.476	-15	1115.846	<BeadTracker.Bead object at 0x000001A3C9A5EA00>	0.1	0	4246	4256	0	True	200.0	M450		4256
232.411	199.216	-15	1552.393	<BeadTracker.Bead object at 0x000001A3C9A5EC10>	0.1	0	4247	4257	0	True	196.0	M450		4257
232.425	199.305	-15	1718.754	<BeadTracker.Bead object at 0x000001A3C9A5EE20>	0.1	0	4248	4258	0	True	169.0	M450		4258
232.75	199.309	-15	1768.481	<BeadTracker.Bead object at 0x000001A3C9A42070>	0.1	0	4249	4259	0	True	169.0	M450		4259
232.571	199.264	-15	1772.871	<BeadTracker.Bead object at 0x000001A3C9A42280>	0.1	0	4250	4260	0	True	169.0	M450		4260
232.743	199.257	-15	1787.066	<BeadTracker.Bead object at 0x000001A3C9A42490>	0.1	0	4251	4261	0	True	168.0	M450		4261
232.867	199.285	-15	1757.635	<BeadTracker.Bead object at 0x000001A3C9A428B0>	0.1	0	4253	4263	0	True	168.0	M450		4263
232.663	199.165	-15	1746.274	<BeadTracker.Bead object at 0x000001A3C9A42AC0>	0.1	0	4254	4264	0	True	169.0	M450		4264
232.814	199.138	-15	1786.63	<BeadTracker.Bead object at 0x000001A3C9A42CD0>	0.1	0	4255	4265	0	True	167.0	M450		4265
232.765	199.22	-15	1800.347	<BeadTracker.Bead object at 0x000001A3C9A2B040>	0.1	0	4256	4266	0	True	167.0	M450		4266
232.911	199.308	-15	1779.539	<BeadTracker.Bead object at 0x000001A3C9A2B130>	0.1	0	4257	4267	0	True	167.0	M450		4267
232.816	199.327	-15	1785.234	<BeadTracker.Bead object at 0x000001A3C9A2B340>	0.1	0	4258	4268	0	True	168.0	M450		4268
232.905	199.274	-15	1810.844	<BeadTracker.Bead object at 0x000001A3C9A2B550>	0.1	0	4259	4269	0	True	167.0	M450		4269
232.847	199.116	-15	1785.939	<BeadTracker.Bead object at 0x000001A3C9A2B760>	0.1	0	4260	4270	0	True	167.0	M450		4270
232.877	199.226	-15	1806.462	<BeadTracker.Bead object at 0x000001A3C9A2BB80>	0.1	0	4262	4272	0	True	166.0	M450		4272
232.918	199.238	-15	1791.457	<BeadTracker.Bead object at 0x000001A3C9A2BD90>	0.1	0	4263	4273	0	True	166.0	M450		4273
232.869	199.163	-15	1804.137	<BeadTracker.Bead object at 0x000001A3C9341190>	0.1	0	4264	4274	0	True	166.0	M450		4274
232.861	199.3	-15	1826.097	<BeadTracker.Bead object at 0x000001A3C93411F0>	0.1	0	4265	4275	0	True	166.0	M450		4275
232.721	199.078	-15	1807.817	<BeadTracker.Bead object at 0x000001A3C9341400>	0.1	0	4266	4276	0	True	166.0	M450		4276
232.898	199.244	-15	1810.062	<BeadTracker.Bead object at 0x000001A3C9341610>	0.1	0	4267	4277	0	True	167.0	M450		4277
232.737	199.12	-15	1789.499	<BeadTracker.Bead object at 0x000001A3C9341820>	0.1	0	4268	4278	0	True	168.0	M450		4278
232.868	199.121	-15	1794.189	<BeadTracker.Bead object at 0x000001A3C9341A30>	0.1	0	4269	4279	0	True	167.0	M450		4279
232.689	199.102	-15	1797.411	<BeadTracker.Bead object at 0x000001A3C9341C40>	0.1	0	4270	4280	0	True	166.0	M450		4280
232.807	199.091	-15	1790.182	<BeadTracker.Bead object at 0x000001A3C9341E50>	0.1	0	4271	4281	0	True	167.0	M450		4281
232.685	199.117	-15	1769.952	<BeadTracker.Bead object at 0x000001A3C93230A0>	0.1	0	4272	4282	0	True	169.0	M450		4282
232.756	199.177	-15	1767.107	<BeadTracker.Bead object at 0x000001A3C93232B0>	0.1	0	4273	4283	0	True	168.0	M450		4283
232.624	199.095	-15	1773.098	<BeadTracker.Bead object at 0x000001A3C93234C0>	0.1	0	4274	4284	0	True	168.0	M450		4284
232.787	199.127	-15	1757.468	<BeadTracker.Bead object at 0x000001A3C93236D0>	0.1	0	4275	4285	0	True	169.0	M450		4285
232.669	199.189	-15	1773.944	<BeadTracker.Bead object at 0x000001A3C93238E0>	0.1	0	4276	4286	0	True	168.0	M450		4286
232.698	199.193	-15	1759.465	<BeadTracker.Bead object at 0x000001A3C9323AF0>	0.1	0	4277	4287	0	True	169.0	M450		4287
232.69	199.113	-15	1742.472	<BeadTracker.Bead object at 0x000001A3C9323D00>	0.1	0	4278	4288	0	True	169.0	M450		4288
232.77	199.053	-15	1742.589	<BeadTracker.Bead object at 0x000001A3C9348040>	0.1	0	4279	4289	0	True	169.0	M450		4289
232.732	199.146	-15	1767.889	<BeadTracker.Bead object at 0x000001A3C9348160>	0.1	0	4280	4290	0	True	168.0	M450		4290
232.699	199.214	-15	1753.555	<BeadTracker.Bead object at 0x000001A3C9348370>	0.1	0	4281	4291	0	True	169.0	M450		4291
232.673	199.243	-15	1729.432	<BeadTracker.Bead object at 0x000001A3C9348580>	0.1	0	4282	4292	0	True	190.0	M450		4292
232.826	199.19	-15	1723.897	<BeadTracker.Bead object at 0x000001A3C9348790>	0.1	0	4283	4293	0	True	170.0	M450		4293
232.789	199.151	-15	1759.181	<BeadTracker.Bead object at 0x000001A3C93489A0>	0.1	0	4284	4294	0	True	169.0	M450		4294
232.833	199.225	-15	1752.502	<BeadTracker.Bead object at 0x000001A3C9348BB0>	0.1	0	4285	4295	0	True	169.0	M450		4295
232.733	199.296	-15	1755.458	<BeadTracker.Bead object at 0x000001A3C9348DC0>	0.1	0	4286	4296	0	True	169.0	M450		4296
232.873	199.269	-15	1742.988	<BeadTracker.Bead object at 0x000001A3C9348FD0>	0.1	0	4287	4297	0	True	169.0	M450		4297
232.745	199.298	-15	1767.272	<BeadTracker.Bead object at 0x000001A3C9358100>	0.1	0	4288	4298	0	True	169.0	M450		4298
232.889	199.199	-15	1768.19	<BeadTracker.Bead object at 0x000001A3C9358640>	0.1	0	4289	4299	0	True	168.0	M450		4299
232.911	199.319	-15	1783.913	<BeadTracker.Bead object at 0x000001A3C93583D0>	0.1	0	4290	4300	0	True	168.0	M450		4300
232.95	199.389	-15	1767.235	<BeadTracker.Bead object at 0x000001A3C9358A90>	0.1	0	4291	4301	0	True	169.0	M450		4301
232.927	199.383	-15	1771.043	<BeadTracker.Bead object at 0x000001A3C9358A00>	0.1	0	4292	4302	0	True	168.0	M450		4302
233.141	199.482	-15	1787.533	<BeadTracker.Bead object at 0x000001A3C9358EE0>	0.1	0	4293	4303	0	True	168.0	M450		4303
232.965	199.357	-15	1804.52	<BeadTracker.Bead object at 0x000001A3C9358E50>	0.1	0	4294	4304	0	True	168.0	M450		4304
233.086	199.371	-15	1780.09	<BeadTracker.Bead object at 0x000001A3C934C0D0>	0.1	0	4295	4305	0	True	168.0	M450		4305
232.997	199.313	-15	1799.58	<BeadTracker.Bead object at 0x000001A3C934C2E0>	0.1	0	4296	4306	0	True	167.0	M450		4306
233.131	199.311	-15	1792.943	<BeadTracker.Bead object at 0x000001A3C934C4F0>	0.1	0	4297	4307	0	True	166.0	M450		4307
233.093	199.35	-15	1805.437	<BeadTracker.Bead object at 0x000001A3C934C700>	0.1	0	4298	4308	0	True	167.0	M450		4308
233.148	199.209	-15	1800.885	<BeadTracker.Bead object at 0x000001A3C934C910>	0.1	0	4299	4309	0	True	166.0	M450		4309
232.935	199.327	-15	1796.559	<BeadTracker.Bead object at 0x000001A3C934CB20>	0.1	0	4300	4310	0	True	168.0	M450		4310
233.125	199.239	-15	1767.038	<BeadTracker.Bead object at 0x000001A3C934CD30>	0.1	0	4301	4311	0	True	167.0	M450		4311
233.061	199.117	-15	1790.011	<BeadTracker.Bead object at 0x000001A3C9325070>	0.1	0	4302	4312	0	True	165.0	M450		4312
233.288	199.423	-15	1783.853	<BeadTracker.Bead object at 0x000001A3C9325190>	0.1	0	4303	4313	0	True	168.0	M450		4313
232.999	199.262	-15	1760.495	<BeadTracker.Bead object at 0x000001A3C93253A0>	0.1	0	4304	4314	0	True	168.0	M450		4314
232.946	199.174	-15	1769.832	<BeadTracker.Bead object at 0x000001A3C93255B0>	0.1	0	4305	4315	0	True	168.0	M450		4315
232.887	199.164	-15	1755.853	<BeadTracker.Bead object at 0x000001A3C93257C0>	0.1	0	4306	4316	0	True	167.0	M450		4316
233.081	199.211	-15	1763.101	<BeadTracker.Bead object at 0x000001A3C93259D0>	0.1	0	4307	4317	0	True	167.0	M450		4317
233.026	199.24	-15	1783.736	<BeadTracker.Bead object at 0x000001A3C9325BE0>	0.1	0	4308	4318	0	True	167.0	M450		4318
233.057	199.209	-15	1756.926	<BeadTracker.Bead object at 0x000001A3C9325DF0>	0.1	0	4309	4319	0	True	168.0	M450		4319
232.85	199.001	-15	1744.611	<BeadTracker.Bead object at 0x000001A3C9338040>	0.1	0	4310	4320	0	True	168.0	M450		4320
233.059	199.125	-15	1760.302	<BeadTracker.Bead object at 0x000001A3C9338250>	0.1	0	4311	4321	0	True	168.0	M450		4321
232.954	199.113	-15	1779.361	<BeadTracker.Bead object at 0x000001A3C9338460>	0.1	0	4312	4322	0	True	167.0	M450		4322
233.052	199.176	-15	1774.157	<BeadTracker.Bead object at 0x000001A3C9338670>	0.1	0	4313	4323	0	True	167.0	M450		4323
232.909	199.194	-15	1747.903	<BeadTracker.Bead object at 0x000001A3C9338880>	0.1	0	4314	4324	0	True	169.0	M450		4324
232.98	199.113	-15	1742.646	<BeadTracker.Bead object at 0x000001A3C9338A90>	0.1	0	4315	4325	0	True	169.0	M450		4325
232.886	199.093	-15	1734.692	<BeadTracker.Bead object at 0x000001A3C9338CA0>	0.1	0	4316	4326	0	True	169.0	M450		4326
233.03	199.1	-15	1755.402	<BeadTracker.Bead object at 0x000001A3C934F040>	0.1	0	4317	4327	0	True	168.0	M450		4327
232.904	199.099	-15	1758.623	<BeadTracker.Bead object at 0x000001A3C934F100>	0.1	0	4318	4328	0	True	168.0	M450		4328
233.037	199.17	-15	1757.916	<BeadTracker.Bead object at 0x000001A3C934F310>	0.1	0	4319	4329	0	True	168.0	M450		4329
233.02	199.238	-15	1754.778	<BeadTracker.Bead object at 0x000001A3C934F520>	0.1	0	4320	4330	0	True	169.0	M450		4330
233.079	199.288	-15	1746.546	<BeadTracker.Bead object at 0x000001A3C934F730>	0.1	0	4321	4331	0	True	169.0	M450		4331
232.998	199.327	-15	1755.767	<BeadTracker.Bead object at 0x000001A3C934F940>	0.1	0	4322	4332	0	True	168.0	M450		4332
233.113	199.258	-15	1762.537	<BeadTracker.Bead object at 0x000001A3C934FB50>	0.1	0	4323	4333	0	True	168.0	M450		4333
233.024	199.216	-15	1757.308	<BeadTracker.Bead object at 0x000001A3C934FD60>	0.1	0	4324	4334	0	True	169.0	M450		4334
233.105	199.315	-15	1769.829	<BeadTracker.Bead object at 0x000001A3C93360A0>	0.1	0	4325	4335	0	True	168.0	M450		4335
233.102	199.224	-15	1787.89	<BeadTracker.Bead object at 0x000001A3C93361C0>	0.1	0	4326	4336	0	True	167.0	M450		4336
233.118	199.288	-15	1766.144	<BeadTracker.Bead object at 0x000001A3C93365E0>	0.1	0	4328	4338	0	True	168.0	M450		4338
233.155	199.329	-15	1794.124	<BeadTracker.Bead object at 0x000001A3C93367F0>	0.1	0	4329	4339	0	True	167.0	M450		4339
233.1	199.241	-15	1793.117	<BeadTracker.Bead object at 0x000001A3C9336A00>	0.1	0	4330	4340	0	True	167.0	M450		4340
233.358	199.296	-15	1810.037	<BeadTracker.Bead object at 0x000001A3C9336C10>	0.1	0	4331	4341	0	True	166.0	M450		4341
233.084	199.431	-15	1803.339	<BeadTracker.Bead object at 0x000001A3C9336E20>	0.1	0	4332	4342	0	True	167.0	M450		4342
233.193	199.237	-15	1821.175	<BeadTracker.Bead object at 0x000001A3C933A490>	0.1	0	4335	4345	0	True	165.0	M450		4345
233.129	199.238	-15	1815.964	<BeadTracker.Bead object at 0x000001A3C933A6A0>	0.1	0	4336	4346	0	True	166.0	M450		4346
233.189	199.348	-15	1813.903	<BeadTracker.Bead object at 0x000001A3C933A8B0>	0.1	0	4337	4347	0	True	166.0	M450		4347
233.091	199.211	-15	1794.784	<BeadTracker.Bead object at 0x000001A3C933AAC0>	0.1	0	4338	4348	0	True	166.0	M450		4348
233.109	199.186	-15	1797.781	<BeadTracker.Bead object at 0x000001A3C933ACD0>	0.1	0	4339	4349	0	True	165.0	M450		4349
233.102	199.041	-15	1819.793	<BeadTracker.Bead object at 0x000001A3C9320040>	0.1	0	4340	4350	0	True	164.0	M450		4350
233.215	199.23	-15	1830.409	<BeadTracker.Bead object at 0x000001A3C9320130>	0.1	0	4341	4351	0	True	165.0	M450		4351
233.095	199.148	-15	1779.808	<BeadTracker.Bead object at 0x000001A3C9320340>	0.1	0	4342	4352	0	True	168.0	M450		4352
233.133	199.001	-15	1803.232	<BeadTracker.Bead object at 0x000001A3C9320550>	0.1	0	4343	4353	0	True	165.0	M450		4353
233.114	198.896	-15	1811.456	<BeadTracker.Bead object at 0x000001A3C9320760>	0.1	0	4344	4354	0	True	163.0	M450		4354
233.107	198.918	-15	1811.64	<BeadTracker.Bead object at 0x000001A3C9320970>	0.1	0	4345	4355	0	True	162.0	M450		4355
233.077	199.07	-15	1792.921	<BeadTracker.Bead object at 0x000001A3C9320B80>	0.1	0	4346	4356	0	True	166.0	M450		4356
233.168	199.255	-15	1776.723	<BeadTracker.Bead object at 0x000001A3C9320D90>	0.1	0	4347	4357	0	True	168.0	M450		4357
232.865	199.064	-15	1742.808	<BeadTracker.Bead object at 0x000001A3C935D190>	0.1	0	4348	4358	0	True	169.0	M450		4358
233.081	198.975	-15	1774.799	<BeadTracker.Bead object at 0x000001A3C935D1F0>	0.1	0	4349	4359	0	True	166.0	M450		4359
232.959	199.031	-15	1798.908	<BeadTracker.Bead object at 0x000001A3C935D400>	0.1	0	4350	4360	0	True	165.0	M450		4360
233.057	199.115	-15	1775.46	<BeadTracker.Bead object at 0x000001A3C935D610>	0.1	0	4351	4361	0	True	167.0	M450		4361
232.951	199.198	-15	1746.802	<BeadTracker.Bead object at 0x000001A3C935D820>	0.1	0	4352	4362	0	True	169.0	M450		4362
233.015	199.047	-15	1731.709	<BeadTracker.Bead object at 0x000001A3C935DA30>	0.1	0	4353	4363	0	True	169.0	M450		4363
232.985	199.025	-15	1761.434	<BeadTracker.Bead object at 0x000001A3C935DC40>	0.1	0	4354	4364	0	True	169.0	M450		4364
233.03	199.151	-15	1776.932	<BeadTracker.Bead object at 0x000001A3C935DE50>	0.1	0	4355	4365	0	True	168.0	M450		4365
233.037	199.199	-15	1760.639	<BeadTracker.Bead object at 0x000001A3C93550A0>	0.1	0	4356	4366	0	True	168.0	M450		4366
233.177	199.232	-15	1729.701	<BeadTracker.Bead object at 0x000001A3C93552B0>	0.1	0	4357	4367	0	True	169.0	M450		4367
233.021	199.029	-15	1744.744	<BeadTracker.Bead object at 0x000001A3C93554C0>	0.1	0	4358	4368	0	True	169.0	M450		4368
233.057	199.132	-15	1789.509	<BeadTracker.Bead object at 0x000001A3C93556D0>	0.1	0	4359	4369	0	True	167.0	M450		4369
233.043	199.186	-15	1771.455	<BeadTracker.Bead object at 0x000001A3C93558E0>	0.1	0	4360	4370	0	True	168.0	M450		4370
233.296	199.298	-15	1763.964	<BeadTracker.Bead object at 0x000001A3C9355AF0>	0.1	0	4361	4371	0	True	168.0	M450		4371
233.167	199.278	-15	1780.21	<BeadTracker.Bead object at 0x000001A3C9355D00>	0.1	0	4362	4372	0	True	167.0	M450		4372
233.149	199.242	-15	1806.459	<BeadTracker.Bead object at 0x000001A3CDC26160>	0.1	0	4364	4374	0	True	166.0	M450		4374
233.331	199.287	-15	1791.056	<BeadTracker.Bead object at 0x000001A3CDC26370>	0.1	0	4365	4375	0	True	166.0	M450		4375
233.229	199.186	-15	1816.713	<BeadTracker.Bead object at 0x000001A3CDC26580>	0.1	0	4366	4376	0	True	165.0	M450		4376
233.314	199.156	-15	1799.945	<BeadTracker.Bead object at 0x000001A3CDC26790>	0.1	0	4367	4377	0	True	164.0	M450		4377
233.265	199.129	-15	1814.301	<BeadTracker.Bead object at 0x000001A3CDC26BB0>	0.1	0	4369	4379	0	True	164.0	M450		4379
233.279	199.215	-15	1816.866	<BeadTracker.Bead object at 0x000001A3CDC26DC0>	0.1	0	4370	4380	0	True	163.0	M450		4380
233.397	199.282	-15	1819.379	<BeadTracker.Bead object at 0x000001A3CDC26FD0>	0.1	0	4371	4381	0	True	164.0	M450		4381
233.33	199.124	-15	1824.851	<BeadTracker.Bead object at 0x000001A3CDC25220>	0.1	0	4372	4382	0	True	163.0	M450		4382
233.16	199.146	-15	1813.003	<BeadTracker.Bead object at 0x000001A3CDC25640>	0.1	0	4374	4384	0	True	163.0	M450		4384
233.225	199.111	-15	1812.459	<BeadTracker.Bead object at 0x000001A3CDC25A60>	0.1	0	4376	4386	0	True	163.0	M450		4386
233.285	199.057	-15	1809.201	<BeadTracker.Bead object at 0x000001A3CDC25C70>	0.1	0	4377	4387	0	True	164.0	M450		4387
233.085	198.966	-15	1812.21	<BeadTracker.Bead object at 0x000001A3CDC25BE0>	0.1	0	4378	4388	0	True	161.0	M450		4388
233.177	199.117	15	1802.495	<BeadTracker.Bead object at 0x000001A3CDC150D0>	0.0	0	4379	4389	0	True	164.0	M450		4389
233.159	199.001	15	1794.612	<BeadTracker.Bead object at 0x000001A3CDC152E0>	0.0	0	4380	4390	0	True	166.0	M450		4390
233.286	198.989	15	1795.088	<BeadTracker.Bead object at 0x000001A3CDC154F0>	0.0	0	4381	4391	0	True	163.0	M450		4391
233.181	198.91	15	1812.172	<BeadTracker.Bead object at 0x000001A3CDC15700>	0.0	0	4382	4392	0	True	161.0	M450		4392
233.06	199.01	15	1784.711	<BeadTracker.Bead object at 0x000001A3CDC15B20>	0.0	0	4384	4394	0	True	166.0	M450		4394
233.259	199.005	15	1763.582	<BeadTracker.Bead object at 0x000001A3CDC15D30>	0.0	0	4385	4395	0	True	167.0	M450		4395
233.153	198.901	15	1780.195	<BeadTracker.Bead object at 0x000001A3CDC14070>	0.0	0	4386	4396	0	True	166.0	M450		4396
233.241	198.994	15	1774.038	<BeadTracker.Bead object at 0x000001A3CDC14190>	0.0	0	4387	4397	0	True	165.0	M450		4397
233.097	198.886	15	1777.382	<BeadTracker.Bead object at 0x000001A3CDC143A0>	0.0	0	4388	4398	0	True	166.0	M450		4398
233.184	199.073	15	1759.628	<BeadTracker.Bead object at 0x000001A3CDC145B0>	0.0	0	4389	4399	0	True	167.0	M450		4399
233.015	198.925	15	1754.521	<BeadTracker.Bead object at 0x000001A3CDC147C0>	0.0	0	4390	4400	0	True	167.0	M450		4400
233.217	199.008	15	1778.447	<BeadTracker.Bead object at 0x000001A3CDC149D0>	0.0	0	4391	4401	0	True	166.0	M450		4401
233.192	198.97	15	1778.789	<BeadTracker.Bead object at 0x000001A3CDC14BE0>	0.0	0	4392	4402	0	True	165.0	M450		4402
233.166	199.001	15	1779.869	<BeadTracker.Bead object at 0x000001A3CDC14DF0>	0.0	0	4393	4403	0	True	165.0	M450		4403
233.124	199.006	15	1780.728	<BeadTracker.Bead object at 0x000001A3CDC29D30>	0.0	0	4394	4404	0	True	167.0	M450		4404
233.205	199.011	15	1801.077	<BeadTracker.Bead object at 0x000001A3CDC29100>	0.0	0	4396	4406	0	True	163.0	M450		4406
233.211	199.047	15	1794.973	<BeadTracker.Bead object at 0x000001A3CDC29AC0>	0.0	0	4398	4408	0	True	166.0	M450		4408
233.243	198.966	15	1762.692	<BeadTracker.Bead object at 0x000001A3CDC29BE0>	0.0	0	4399	4409	0	True	166.0	M450		4409
233.158	198.842	15	1808.275	<BeadTracker.Bead object at 0x000001A3CDC29F40>	0.0	0	4400	4410	0	True	161.0	M450		4410
233.314	199.014	15	1813.67	<BeadTracker.Bead object at 0x000001A3CDC40040>	0.0	0	4401	4411	0	True	162.0	M450		4411
233.319	199.089	15	1813.015	<BeadTracker.Bead object at 0x000001A3CDC40310>	0.0	0	4403	4413	0	True	163.0	M450		4413
233.372	198.985	15	1813.53	<BeadTracker.Bead object at 0x000001A3CDC40520>	0.0	0	4404	4414	0	True	160.0	M450		4414
233.407	198.971	15	1817.382	<BeadTracker.Bead object at 0x000001A3CDC40730>	0.0	0	4405	4415	0	True	161.0	M450		4415
233.22	198.944	15	1814.771	<BeadTracker.Bead object at 0x000001A3CDC40940>	0.0	0	4406	4416	0	True	159.0	M450		4416
233.317	199.009	15	1811.865	<BeadTracker.Bead object at 0x000001A3CDC40B50>	0.0	0	4407	4417	0	True	161.0	M450		4417
233.147	198.93	15	1793.517	<BeadTracker.Bead object at 0x000001A3CDC40D60>	0.0	0	4408	4418	0	True	164.0	M450		4418
233.315	198.935	15	1797.347	<BeadTracker.Bead object at 0x000001A3CDC420A0>	0.0	0	4409	4419	0	True	163.0	M450		4419
233.233	198.886	15	1798.765	<BeadTracker.Bead object at 0x000001A3CDC423D0>	0.0	0	4411	4421	0	True	162.0	M450		4421
233.051	198.962	15	1803.962	<BeadTracker.Bead object at 0x000001A3CDC425E0>	0.0	0	4412	4422	0	True	164.0	M450		4422
233.115	198.88	15	1785.985	<BeadTracker.Bead object at 0x000001A3CDC427F0>	0.0	0	4413	4423	0	True	166.0	M450		4423
232.961	198.866	15	1764.289	<BeadTracker.Bead object at 0x000001A3CDC42A00>	0.0	0	4414	4424	0	True	168.0	M450		4424
233.099	198.981	15	1773.605	<BeadTracker.Bead object at 0x000001A3CDC42C10>	0.0	0	4415	4425	0	True	167.0	M450		4425
232.988	198.989	15	1754.181	<BeadTracker.Bead object at 0x000001A3CDC42E20>	0.0	0	4416	4426	0	True	168.0	M450		4426
233.053	198.942	15	1733.947	<BeadTracker.Bead object at 0x000001A3CDC1D070>	0.0	0	4417	4427	0	True	169.0	M450		4427
232.938	198.878	15	1725.782	<BeadTracker.Bead object at 0x000001A3CDC1D280>	0.0	0	4418	4428	0	True	170.0	M450		4428
233.025	198.917	15	1713.328	<BeadTracker.Bead object at 0x000001A3CDC1D490>	0.0	0	4419	4429	0	True	170.0	M450		4429
232.942	199.038	15	1740.209	<BeadTracker.Bead object at 0x000001A3CDC1D6A0>	0.0	0	4420	4430	0	True	169.0	M450		4430
232.993	199.12	15	1693.909	<BeadTracker.Bead object at 0x000001A3CDC1D8B0>	0.0	0	4421	4431	0	True	190.0	M450		4431
232.859	199.102	15	1701.973	<BeadTracker.Bead object at 0x000001A3CDC1DAC0>	0.0	0	4422	4432	0	True	190.0	M450		4432
232.923	199.1	15	1681.434	<BeadTracker.Bead object at 0x000001A3CDC1DCD0>	0.0	0	4423	4433	0	True	191.0	M450		4433
232.896	198.985	15	1679.486	<BeadTracker.Bead object at 0x000001A3CDC17040>	0.0	0	4424	4434	0	True	191.0	M450		4434
233.135	199.236	15	1682.721	<BeadTracker.Bead object at 0x000001A3CDC17130>	0.0	0	4425	4435	0	True	191.0	M450		4435
232.876	199.193	15	1673.803	<BeadTracker.Bead object at 0x000001A3CDC17340>	0.0	0	4426	4436	0	True	193.0	M450		4436
232.957	199.2	15	1654.89	<BeadTracker.Bead object at 0x000001A3CDC17550>	0.0	0	4427	4437	0	True	194.0	M450		4437
232.812	199.2	15	1667.033	<BeadTracker.Bead object at 0x000001A3CDC17760>	0.0	0	4428	4438	0	True	193.0	M450		4438
232.974	199.332	15	1632.977	<BeadTracker.Bead object at 0x000001A3CDC17970>	0.0	0	4429	4439	0	True	195.0	M450		4439
232.889	199.24	15	1644.251	<BeadTracker.Bead object at 0x000001A3CDC17B80>	0.0	0	4430	4440	0	True	194.0	M450		4440
232.996	199.311	15	1644.588	<BeadTracker.Bead object at 0x000001A3CDC17D90>	0.0	0	4431	4441	0	True	194.0	M450		4441
232.859	199.281	15	1617.548	<BeadTracker.Bead object at 0x000001A3CDC22190>	0.0	0	4432	4442	0	True	196.0	M450		4442
232.973	199.382	15	1615.679	<BeadTracker.Bead object at 0x000001A3CDC221F0>	0.0	0	4433	4443	0	True	205.0	M450		4443
232.899	199.278	15	1603.602	<BeadTracker.Bead object at 0x000001A3CDC22400>	0.0	0	4434	4444	0	True	206.0	M450		4444
233.028	199.392	15	1583.078	<BeadTracker.Bead object at 0x000001A3CDC22610>	0.0	0	4435	4445	0	True	208.0	M450		4445
232.829	199.278	15	1536.76	<BeadTracker.Bead object at 0x000001A3CDC22820>	0.0	0	4436	4446	0	True	229.0	M450		4446
232.892	199.295	15	1538.473	<BeadTracker.Bead object at 0x000001A3CDC22A30>	0.0	0	4437	4447	0	True	228.0	M450		4447
232.741	199.101	15	1519.533	<BeadTracker.Bead object at 0x000001A3CDC22C40>	0.0	0	4438	4448	0	True	229.0	M450		4448
232.827	199.209	15	1490.046	<BeadTracker.Bead object at 0x000001A3CDC22E50>	0.0	0	4439	4449	0	True	232.0	M450		4449
232.734	199.16	15	1458.667	<BeadTracker.Bead object at 0x000001A3CDC340A0>	0.0	0	4440	4450	0	True	235.0	M450		4450
232.777	199.093	15	1402.948	<BeadTracker.Bead object at 0x000001A3CDC342B0>	0.0	0	4441	4451	0	True	244.0	M450		4451
232.533	198.72	15	1369.76	<BeadTracker.Bead object at 0x000001A3CDC344C0>	0.0	0	4442	4452	0	True	248.0	M450		4452
232.602	198.642	15	1333.759	<BeadTracker.Bead object at 0x000001A3CDC346D0>	0.0	0	4443	4453	0	True	255.0	M450		4453
232.588	198.532	15	1307.32	<BeadTracker.Bead object at 0x000001A3CDC348E0>	0.0	0	4444	4454	0	True	257.0	M450		4454
232.965	198.903	15	1250.696	<BeadTracker.Bead object at 0x000001A3CDC34AF0>	0.0	0	4445	4455	0	True	264.0	M450		4455
232.307	198.944	15	1239.301	<BeadTracker.Bead object at 0x000001A3CDC34D00>	0.0	0	4446	4456	0	True	266.0	M450		4456
232.623	199.116	15	1289.217	<BeadTracker.Bead object at 0x000001A3CDC12040>	0.0	0	4447	4457	0	True	264.0	M450		4457
232.511	199.044	15	1332.022	<BeadTracker.Bead object at 0x000001A3CDC12160>	0.0	0	4448	4458	0	True	260.0	M450		4458
232.657	199.271	15	1371.555	<BeadTracker.Bead object at 0x000001A3CDC12370>	0.0	0	4449	4459	0	True	257.0	M450		4459
232.487	199.495	15	1373.299	<BeadTracker.Bead object at 0x000001A3CDC12580>	0.0	0	4450	4460	0	True	253.0	M450		4460
232.592	199.634	15	1384.608	<BeadTracker.Bead object at 0x000001A3CDC12790>	0.0	0	4451	4461	0	True	244.0	M450		4461
232.484	199.672	15	1402.0	<BeadTracker.Bead object at 0x000001A3CDC129A0>	0.0	0	4452	4462	0	True	234.0	M450		4462
232.57	199.735	15	1424.721	<BeadTracker.Bead object at 0x000001A3CDC12BB0>	0.0	0	4453	4463	0	True	234.0	M450		4463
232.562	199.819	15	1463.255	<BeadTracker.Bead object at 0x000001A3CDC12DC0>	0.0	0	4454	4464	0	True	232.0	M450		4464
232.792	199.942	15	1435.338	<BeadTracker.Bead object at 0x000001A3CDC12FD0>	0.0	0	4455	4465	0	True	235.0	M450		4465
232.553	199.854	15	1486.521	<BeadTracker.Bead object at 0x000001A3CDC47220>	0.0	0	4456	4466	0	True	230.0	M450		4466
232.578	200.02	15	1503.265	<BeadTracker.Bead object at 0x000001A3CDC47430>	0.0	0	4457	4467	0	True	229.0	M450		4467
232.624	199.874	15	1505.715	<BeadTracker.Bead object at 0x000001A3CDC47640>	0.0	0	4458	4468	0	True	229.0	M450		4468
232.66	200.047	15	1515.722	<BeadTracker.Bead object at 0x000001A3CDC47850>	0.0	0	4459	4469	0	True	228.0	M450		4469
232.664	200.069	15	1548.193	<BeadTracker.Bead object at 0x000001A3CDC47A60>	0.0	0	4460	4470	0	True	228.0	M450		4470
232.809	200.019	15	1526.714	<BeadTracker.Bead object at 0x000001A3CDC47C70>	0.0	0	4461	4471	0	True	213.0	M450		4471
232.708	200.085	15	1580.656	<BeadTracker.Bead object at 0x000001A3CDC47BE0>	0.0	0	4462	4472	0	True	208.0	M450		4472
232.753	200.082	15	1566.772	<BeadTracker.Bead object at 0x000001A3C939C0D0>	0.0	0	4463	4473	0	True	209.0	M450		4473
232.72	199.923	15	1592.986	<BeadTracker.Bead object at 0x000001A3C939C2E0>	0.0	0	4464	4474	0	True	205.0	M450		4474
232.914	200.168	15	1604.199	<BeadTracker.Bead object at 0x000001A3C939C4F0>	0.0	0	4465	4475	0	True	205.0	M450		4475
232.792	200.075	15	1607.051	<BeadTracker.Bead object at 0x000001A3C939C700>	0.0	0	4466	4476	0	True	196.0	M450		4476
232.851	200.098	15	1637.264	<BeadTracker.Bead object at 0x000001A3C939C910>	0.0	0	4467	4477	0	True	194.0	M450		4477
232.793	200.1	15	1639.964	<BeadTracker.Bead object at 0x000001A3C939CB20>	0.0	0	4468	4478	0	True	193.0	M450		4478
232.934	200.112	15	1630.063	<BeadTracker.Bead object at 0x000001A3C939CD30>	0.0	0	4469	4479	0	True	193.0	M450		4479
232.893	199.958	15	1680.071	<BeadTracker.Bead object at 0x000001A3C937D910>	0.0	0	4470	4480	0	True	192.0	M450		4480
232.83	199.99	15	1661.876	<BeadTracker.Bead object at 0x000001A3C937D310>	0.0	0	4471	4481	0	True	192.0	M450		4481
232.784	199.866	15	1685.485	<BeadTracker.Bead object at 0x000001A3C937D0A0>	0.0	0	4472	4482	0	True	190.0	M450		4482
232.92	200.012	15	1682.55	<BeadTracker.Bead object at 0x000001A3C937D610>	0.0	0	4473	4483	0	True	191.0	M450		4483
232.826	199.692	15	1688.186	<BeadTracker.Bead object at 0x000001A3C937D430>	0.0	0	4474	4484	0	True	189.0	M450		4484
233.005	199.726	15	1695.974	<BeadTracker.Bead object at 0x000001A3C937DCA0>	0.0	0	4475	4485	0	True	171.0	M450		4485
232.846	199.694	15	1708.335	<BeadTracker.Bead object at 0x000001A3C937D940>	0.0	0	4476	4486	0	True	172.0	M450		4486
232.914	199.577	15	1686.765	<BeadTracker.Bead object at 0x000001A3C936F040>	0.0	0	4478	4488	0	True	186.0	M450		4488
233.053	199.721	15	1685.486	<BeadTracker.Bead object at 0x000001A3C936F250>	0.0	0	4479	4489	0	True	188.0	M450		4489
232.845	199.466	15	1695.252	<BeadTracker.Bead object at 0x000001A3C936F460>	0.0	0	4480	4490	0	True	195.0	M450		4490
232.856	199.55	15	1705.986	<BeadTracker.Bead object at 0x000001A3C936F880>	0.0	0	4482	4492	0	True	186.0	M450		4492
232.896	199.595	15	1660.286	<BeadTracker.Bead object at 0x000001A3C936FA90>	0.0	0	4483	4493	0	True	189.0	M450		4493
232.829	199.403	15	1664.685	<BeadTracker.Bead object at 0x000001A3C936FCA0>	0.0	0	4484	4494	0	True	195.0	M450		4494
232.918	199.444	15	1696.354	<BeadTracker.Bead object at 0x000001A3C9394F10>	0.0	0	4485	4495	0	True	194.0	M450		4495
232.763	199.478	15	1678.617	<BeadTracker.Bead object at 0x000001A3C93940A0>	0.0	0	4486	4496	0	True	195.0	M450		4496
232.865	199.542	15	1684.91	<BeadTracker.Bead object at 0x000001A3C93944F0>	0.0	0	4487	4497	0	True	187.0	M450		4497
232.867	199.507	15	1651.767	<BeadTracker.Bead object at 0x000001A3C9394280>	0.0	0	4488	4498	0	True	190.0	M450		4498
232.967	199.476	15	1656.537	<BeadTracker.Bead object at 0x000001A3C9394970>	0.0	0	4489	4499	0	True	196.0	M450		4499
232.786	199.342	15	1676.429	<BeadTracker.Bead object at 0x000001A3C9394820>	0.0	0	4490	4500	0	True	195.0	M450		4500
232.941	199.421	15	1684.009	<BeadTracker.Bead object at 0x000001A3C9394BE0>	0.0	0	4491	4501	0	True	194.0	M450		4501
232.883	199.361	15	1665.336	<BeadTracker.Bead object at 0x000001A3C9394A00>	0.0	0	4492	4502	0	True	195.0	M450		4502
233.059	199.449	15	1656.793	<BeadTracker.Bead object at 0x000001A3C938C0A0>	0.0	0	4493	4503	0	True	196.0	M450		4503
232.922	199.406	15	1668.704	<BeadTracker.Bead object at 0x000001A3C938C1C0>	0.0	0	4494	4504	0	True	196.0	M450		4504
232.981	199.517	15	1683.168	<BeadTracker.Bead object at 0x000001A3C938C3D0>	0.0	0	4495	4505	0	True	187.0	M450		4505
232.93	199.419	15	1681.692	<BeadTracker.Bead object at 0x000001A3C938C5E0>	0.0	0	4496	4506	0	True	195.0	M450		4506
233.039	199.47	15	1647.801	<BeadTracker.Bead object at 0x000001A3C938C7F0>	0.0	0	4497	4507	0	True	196.0	M450		4507
233.019	199.277	15	1668.556	<BeadTracker.Bead object at 0x000001A3C938CA00>	0.0	0	4498	4508	0	True	194.0	M450		4508
233.206	199.493	15	1699.275	<BeadTracker.Bead object at 0x000001A3C938CC10>	0.0	0	4499	4509	0	True	193.0	M450		4509
233.073	199.555	15	1668.604	<BeadTracker.Bead object at 0x000001A3C938CE20>	0.0	0	4500	4510	0	True	185.0	M450		4510
233.105	199.537	15	1683.206	<BeadTracker.Bead object at 0x000001A3C9387070>	0.0	0	4501	4511	0	True	172.0	M450		4511
233.056	199.538	15	1669.825	<BeadTracker.Bead object at 0x000001A3C9387280>	0.0	0	4502	4512	0	True	185.0	M450		4512
233.198	199.4	15	1680.027	<BeadTracker.Bead object at 0x000001A3C9387490>	0.0	0	4503	4513	0	True	193.0	M450		4513
233.125	199.355	15	1715.993	<BeadTracker.Bead object at 0x000001A3C93876A0>	0.0	0	4504	4514	0	True	192.0	M450		4514
233.189	199.498	15	1709.051	<BeadTracker.Bead object at 0x000001A3C93878B0>	0.0	0	4505	4515	0	True	192.0	M450		4515
233.157	199.502	15	1704.215	<BeadTracker.Bead object at 0x000001A3C9387AC0>	0.0	0	4506	4516	0	True	174.0	M450		4516
233.139	199.383	15	1684.766	<BeadTracker.Bead object at 0x000001A3C9387CD0>	0.0	0	4507	4517	0	True	193.0	M450		4517
233.068	199.37	15	1716.391	<BeadTracker.Bead object at 0x000001A3C9366040>	0.0	0	4508	4518	0	True	191.0	M450		4518
233.074	199.375	15	1719.165	<BeadTracker.Bead object at 0x000001A3C9366340>	0.0	0	4510	4520	0	True	191.0	M450		4520
233.038	199.422	15	1704.12	<BeadTracker.Bead object at 0x000001A3C9366550>	0.0	0	4511	4521	0	True	192.0	M450		4521
232.765	199.737	0	1865.855	<BeadTracker.Bead object at 0x000001A3C9366760>	1.0	175	4512	4522	0	True	175.0	M450		4522
233.071	199.297	0	1676.593	<BeadTracker.Bead object at 0x000001A3C9366970>	2.0	175	4513	4523	0	False	175.0	M450		4523
232.861	199.718	0	707.68	<BeadTracker.Bead object at 0x000001A3C9366B80>	3.0	175	4514	4524	0	False	175.0	M450		4524
232.693	199.933	0	1896.169	<BeadTracker.Bead object at 0x000001A3C9366D90>	1.0	176	4515	4525	0	True	166.0	M450		4525
233.193	199.308	0	1702.911	<BeadTracker.Bead object at 0x000001A3C9397190>	2.0	176	4516	4526	0	False	166.0	M450		4526
232.884	199.752	0	683.296	<BeadTracker.Bead object at 0x000001A3C93971F0>	3.0	176	4517	4527	0	False	166.0	M450		4527
232.58	199.776	0	1874.631	<BeadTracker.Bead object at 0x000001A3C9397400>	1.0	177	4518	4528	0	True	195.0	M450		4528
232.955	198.959	0	1676.733	<BeadTracker.Bead object at 0x000001A3C9397610>	2.0	177	4519	4529	0	False	195.0	M450		4529
232.658	199.686	0	674.767	<BeadTracker.Bead object at 0x000001A3C9397820>	3.0	177	4520	4530	0	False	195.0	M450		4530
232.45	199.686	0	1872.841	<BeadTracker.Bead object at 0x000001A3C9397A30>	1.0	178	4521	4531	0	True	186.0	M450		4531
232.667	198.917	0	1665.052	<BeadTracker.Bead object at 0x000001A3C9397C40>	2.0	178	4522	4532	0	False	186.0	M450		4532
232.376	199.686	0	677.483	<BeadTracker.Bead object at 0x000001A3C9397E50>	3.0	178	4523	4533	0	False	186.0	M450		4533
232.377	199.629	0	1893.813	<BeadTracker.Bead object at 0x000001A3C93720A0>	1.0	179	4524	4534	0	True	201.0	M450		4534
232.668	198.7	0	1592.551	<BeadTracker.Bead object at 0x000001A3C93722B0>	2.0	179	4525	4535	0	False	201.0	M450		4535
232.272	199.506	0	675.331	<BeadTracker.Bead object at 0x000001A3C93724C0>	3.0	179	4526	4536	0	False	201.0	M450		4536
232.398	199.323	0	1884.138	<BeadTracker.Bead object at 0x000001A3C93726D0>	1.0	180	4527	4537	0	True	214.0	M450		4537
232.501	198.449	0	1607.6	<BeadTracker.Bead object at 0x000001A3C93728E0>	2.0	180	4528	4538	0	False	214.0	M450		4538
232.295	199.328	0	662.906	<BeadTracker.Bead object at 0x000001A3C9372AF0>	3.0	180	4529	4539	0	False	214.0	M450		4539
