X	Y	idxAnalysis	StdDev	Bead	status_frame	status_nUp	iF	iS	iB_inFrame	bestStd	Zr	Neighbour_L	Neighbour_R	iField
205.1	238.053	0	9763.977	<BeadTracker.Bead object at 0x000002EBC0653550>	3.0	1	2	2	0	True	31.0	M450		2
204.887	238.432	0	9831.456	<BeadTracker.Bead object at 0x000002EBC61BF9D0>	3.0	2	5	5	0	True	27.0	M450		5
204.97	238.639	0	9830.487	<BeadTracker.Bead object at 0x000002EBC61BFB20>	3.0	3	8	8	0	True	24.0	M450		8
204.888	238.812	0	9839.986	<BeadTracker.Bead object at 0x000002EBC61BF520>	3.0	4	11	11	0	True	30.0	M450		11
204.676	239.099	0	9908.426	<BeadTracker.Bead object at 0x000002EBC61BF100>	3.0	5	14	14	0	True	28.0	M450		14
204.422	239.182	0	9899.338	<BeadTracker.Bead object at 0x000002EBC0AEAD30>	3.0	6	17	17	0	True	29.0	M450		17
204.439	239.163	1	10084.601	<BeadTracker.Bead object at 0x000002EBC48376A0>	0.0	0	18	18	1	True	69.0	M450		18
204.513	239.148	1	9606.533	<BeadTracker.Bead object at 0x000002EBC4837A90>	0.0	0	19	19	1	True	109.0	M450		19
204.523	239.201	1	9517.395	<BeadTracker.Bead object at 0x000002EBC4837CA0>	0.0	0	20	20	1	True	147.0	M450		20
204.525	239.155	1	9428.268	<BeadTracker.Bead object at 0x000002EBC48467C0>	0.0	0	21	21	1	True	148.0	M450		21
204.515	239.111	1	9397.602	<BeadTracker.Bead object at 0x000002EBC4846220>	0.0	0	22	22	1	True	148.0	M450		22
204.539	239.13	1	9413.3	<BeadTracker.Bead object at 0x000002EBC4846F40>	0.0	0	23	23	1	True	148.0	M450		23
204.521	239.139	1	9404.714	<BeadTracker.Bead object at 0x000002EBC48448B0>	0.0	0	24	24	1	True	148.0	M450		24
204.493	239.163	1	9431.899	<BeadTracker.Bead object at 0x000002EBC4844F70>	0.0	0	25	25	1	True	144.0	M450		25
204.501	239.14	1	9429.616	<BeadTracker.Bead object at 0x000002EBC4844D00>	0.0	0	26	26	1	True	148.0	M450		26
204.494	239.178	1	9437.082	<BeadTracker.Bead object at 0x000002EBC4857580>	0.0	0	27	27	1	True	144.0	M450		27
204.574	239.208	1	9423.516	<BeadTracker.Bead object at 0x000002EBC4857C40>	0.0	0	28	28	1	True	148.0	M450		28
204.555	239.182	1	9406.473	<BeadTracker.Bead object at 0x000002EBC4857A30>	0.0	0	29	29	1	True	148.0	M450		29
204.595	239.287	1	9452.282	<BeadTracker.Bead object at 0x000002EBC4835E80>	0.0	0	30	30	1	True	148.0	M450		30
204.62	239.247	1	9408.561	<BeadTracker.Bead object at 0x000002EBC48354C0>	0.0	0	31	31	1	True	148.0	M450		31
204.569	239.304	1	9474.944	<BeadTracker.Bead object at 0x000002EBD2C60040>	0.0	0	32	32	1	True	148.0	M450		32
204.594	239.346	1	9425.893	<BeadTracker.Bead object at 0x000002EBD2C60340>	0.0	0	33	33	1	True	148.0	M450		33
204.543	239.278	1	9458.257	<BeadTracker.Bead object at 0x000002EBD2C605B0>	0.0	0	34	34	1	True	148.0	M450		34
204.56	239.217	1	9393.721	<BeadTracker.Bead object at 0x000002EBCEFB6460>	0.0	0	35	35	1	True	149.0	M450		35
204.604	239.308	1	9444.028	<BeadTracker.Bead object at 0x000002EBCEFB6400>	0.0	0	36	36	1	True	148.0	M450		36
204.528	239.141	1	9367.06	<BeadTracker.Bead object at 0x000002EBCEFB6D00>	0.0	0	37	37	1	True	149.0	M450		37
204.582	239.254	1	9422.403	<BeadTracker.Bead object at 0x000002EBCEFBD760>	0.0	0	38	38	1	True	148.0	M450		38
204.589	239.194	1	9412.834	<BeadTracker.Bead object at 0x000002EBCEFBD730>	0.0	0	39	39	1	True	148.0	M450		39
204.508	239.196	1	9371.974	<BeadTracker.Bead object at 0x000002EBD8E4F040>	0.0	0	40	40	1	True	149.0	M450		40
204.432	239.182	1	9375.827	<BeadTracker.Bead object at 0x000002EBD8E4F6A0>	0.0	0	41	41	1	True	147.0	M450		41
204.429	239.122	1	9347.827	<BeadTracker.Bead object at 0x000002EBD8E4F490>	0.0	0	42	42	1	True	159.0	M450		42
204.451	239.128	1	9350.149	<BeadTracker.Bead object at 0x000002EBC4C7D370>	0.0	0	43	43	1	True	146.0	M450		43
204.468	239.114	1	9328.893	<BeadTracker.Bead object at 0x000002EBC4C7DD30>	0.0	0	44	44	1	True	160.0	M450		44
204.407	239.152	1	9340.666	<BeadTracker.Bead object at 0x000002EBC4C7D430>	0.0	0	45	45	1	True	149.0	M450		45
204.331	239.119	1	9277.204	<BeadTracker.Bead object at 0x000002EBC4A281C0>	0.0	0	46	46	1	True	157.0	M450		46
204.298	239.115	1	9312.37	<BeadTracker.Bead object at 0x000002EBC4A286D0>	0.0	0	47	47	1	True	157.0	M450		47
204.338	239.203	1	9374.369	<BeadTracker.Bead object at 0x000002EBC4A28E80>	0.0	0	48	48	1	True	147.0	M450		48
204.349	239.195	1	9323.176	<BeadTracker.Bead object at 0x000002EBCD49CB80>	0.0	0	49	49	1	True	148.0	M450		49
204.305	239.083	1	9325.893	<BeadTracker.Bead object at 0x000002EBCD49C130>	0.0	0	50	50	1	True	160.0	M450		50
204.294	239.077	1	9332.261	<BeadTracker.Bead object at 0x000002EBCD4769A0>	0.0	0	51	51	1	True	160.0	M450		51
204.307	239.151	1	9327.498	<BeadTracker.Bead object at 0x000002EBCD476B80>	0.0	0	52	52	1	True	148.0	M450		52
204.301	239.088	1	9278.184	<BeadTracker.Bead object at 0x000002EBCD4767C0>	0.0	0	53	53	1	True	160.0	M450		53
204.273	239.255	1	9364.642	<BeadTracker.Bead object at 0x000002EBCD489C10>	0.0	0	54	54	1	True	148.0	M450		54
204.248	239.106	1	9343.91	<BeadTracker.Bead object at 0x000002EBCD489280>	0.0	0	55	55	1	True	148.0	M450		55
204.26	239.163	1	9313.422	<BeadTracker.Bead object at 0x000002EBCD4A2DC0>	0.0	0	56	56	1	True	149.0	M450		56
204.234	239.239	1	9349.324	<BeadTracker.Bead object at 0x000002EBCD4A22B0>	0.0	0	57	57	1	True	148.0	M450		57
204.206	239.193	1	9355.826	<BeadTracker.Bead object at 0x000002EBC4A27EE0>	0.0	0	58	58	1	True	149.0	M450		58
204.123	239.232	1	9351.166	<BeadTracker.Bead object at 0x000002EBC4A27B50>	0.0	0	59	59	1	True	149.0	M450		59
204.092	239.199	1	9329.138	<BeadTracker.Bead object at 0x000002EBC47355B0>	0.0	0	60	60	1	True	149.0	M450		60
204.066	239.279	1	9350.175	<BeadTracker.Bead object at 0x000002EBC47357F0>	0.0	0	61	61	1	True	149.0	M450		61
203.994	239.14	1	9405.733	<BeadTracker.Bead object at 0x000002EBCADC7220>	0.0	0	62	62	1	True	150.0	M450		62
204.126	238.867	1	9115.339	<BeadTracker.Bead object at 0x000002EBCADC7D30>	0.0	0	63	63	1	True	163.0	M450		63
204.106	238.94	1	9186.626	<BeadTracker.Bead object at 0x000002EBCADC7CD0>	0.0	0	64	64	1	True	162.0	M450		64
203.901	239.069	1	9353.516	<BeadTracker.Bead object at 0x000002EBC9177C10>	0.0	0	65	65	1	True	155.0	M450		65
203.909	238.828	1	9160.874	<BeadTracker.Bead object at 0x000002EBC9177E80>	0.0	0	66	66	1	True	162.0	M450		66
204.027	239.01	1	9032.226	<BeadTracker.Bead object at 0x000002EBD984D370>	0.0	0	67	67	1	True	174.0	M450		67
203.827	238.8	1	9367.37	<BeadTracker.Bead object at 0x000002EBD984D5B0>	0.0	0	68	68	1	True	161.0	M450		68
204.151	239.052	1	9093.721	<BeadTracker.Bead object at 0x000002EBC87C0A00>	0.0	0	69	69	1	True	165.0	M450		69
203.858	239.039	1	9329.217	<BeadTracker.Bead object at 0x000002EBD0151280>	0.0	0	70	70	1	True	163.0	M450		70
203.736	238.889	1	9446.51	<BeadTracker.Bead object at 0x000002EBD0151040>	0.0	0	71	71	1	True	161.0	M450		71
203.734	238.787	1	9290.267	<BeadTracker.Bead object at 0x000002EBC180BB50>	0.0	0	72	72	1	True	162.0	M450		72
203.759	239.051	1	9485.333	<BeadTracker.Bead object at 0x000002EBC180B190>	0.0	0	73	73	1	True	147.0	M450		73
203.796	238.678	1	9274.938	<BeadTracker.Bead object at 0x000002EBC17F62B0>	0.0	0	74	74	1	True	162.0	M450		74
203.591	238.542	1	9378.46	<BeadTracker.Bead object at 0x000002EBC17F6940>	0.0	0	75	75	1	True	162.0	M450		75
203.762	238.618	1	9399.787	<BeadTracker.Bead object at 0x000002EBC17F6FA0>	0.0	0	76	76	1	True	162.0	M450		76
203.44	238.681	1	9545.711	<BeadTracker.Bead object at 0x000002EBC1801850>	0.0	0	77	77	1	True	161.0	M450		77
203.579	238.275	1	9468.018	<BeadTracker.Bead object at 0x000002EBC1801190>	0.0	0	78	78	1	True	148.0	M450		78
203.338	238.669	1	9660.985	<BeadTracker.Bead object at 0x000002EBC17F8130>	0.0	0	79	79	1	True	161.0	M450		79
203.504	238.53	1	9640.518	<BeadTracker.Bead object at 0x000002EBC17F83A0>	0.0	0	80	80	1	True	161.0	M450		80
203.359	238.121	1	9516.818	<BeadTracker.Bead object at 0x000002EBCBFC23A0>	0.0	0	81	81	1	True	143.0	M450		81
203.396	238.229	1	9631.902	<BeadTracker.Bead object at 0x000002EBCBFC25B0>	0.0	0	82	82	1	True	142.0	M450		82
203.253	238.224	1	9718.658	<BeadTracker.Bead object at 0x000002EBCBFA9100>	0.0	0	83	83	1	True	124.0	M450		83
203.297	238.046	1	9637.476	<BeadTracker.Bead object at 0x000002EBCBFA9490>	0.0	0	84	84	1	True	138.0	M450		84
203.311	238.075	1	9674.572	<BeadTracker.Bead object at 0x000002EBCBF98310>	0.0	0	85	85	1	True	139.0	M450		85
203.328	238.29	1	9641.067	<BeadTracker.Bead object at 0x000002EBCBF98910>	0.0	0	86	86	1	True	145.0	M450		86
203.333	238.722	1	9713.702	<BeadTracker.Bead object at 0x000002EBCBFA8C40>	0.0	0	87	87	1	True	161.0	M450		87
203.355	238.203	1	9666.782	<BeadTracker.Bead object at 0x000002EBCBFA87F0>	0.0	0	88	88	1	True	142.0	M450		88
203.437	238.46	1	9451.954	<BeadTracker.Bead object at 0x000002EBCBF97FD0>	0.0	0	89	89	1	True	147.0	M450		89
203.285	238.651	1	9579.705	<BeadTracker.Bead object at 0x000002EBCBF97B80>	0.0	0	90	90	1	True	161.0	M450		90
203.543	238.53	1	9397.133	<BeadTracker.Bead object at 0x000002EBCBF97850>	0.0	0	91	91	1	True	162.0	M450		91
203.61	238.752	1	9466.566	<BeadTracker.Bead object at 0x000002EBCBFB8BB0>	0.0	0	92	92	1	True	161.0	M450		92
203.537	238.989	1	9651.337	<BeadTracker.Bead object at 0x000002EBCBFB8250>	0.0	0	93	93	1	True	144.0	M450		93
203.447	239.275	1	9676.98	<BeadTracker.Bead object at 0x000002EBCBF967C0>	0.0	0	94	94	1	True	123.0	M450		94
203.621	239.167	1	9709.146	<BeadTracker.Bead object at 0x000002EBCBF96640>	0.0	0	95	95	1	True	144.0	M450		95
203.576	238.874	1	9339.86	<BeadTracker.Bead object at 0x000002EBCBFACF70>	0.0	0	96	96	1	True	161.0	M450		96
203.427	238.859	1	9329.775	<BeadTracker.Bead object at 0x000002EBCBFACE20>	0.0	0	97	97	1	True	161.0	M450		97
203.592	238.574	1	8953.342	<BeadTracker.Bead object at 0x000002EBC07F0BE0>	0.0	0	98	98	1	True	180.0	M450		98
203.678	239.004	1	9101.828	<BeadTracker.Bead object at 0x000002EBC07F03A0>	0.0	0	99	99	1	True	169.0	M450		99
203.925	238.802	1	9122.358	<BeadTracker.Bead object at 0x000002EBC07F3B20>	0.0	0	100	100	1	True	163.0	M450		100
203.742	239.267	1	9106.608	<BeadTracker.Bead object at 0x000002EBC07F3A30>	0.0	0	101	101	1	True	150.0	M450		101
203.708	239.358	1	9223.916	<BeadTracker.Bead object at 0x000002EBC07FEB80>	0.0	0	102	102	1	True	149.0	M450		102
203.486	239.549	1	9283.988	<BeadTracker.Bead object at 0x000002EBC07FE4F0>	0.0	0	103	103	1	True	162.0	M450		103
203.629	239.809	1	9531.518	<BeadTracker.Bead object at 0x000002EBC07FEAC0>	0.0	0	104	104	1	True	161.0	M450		104
203.536	239.828	1	9475.724	<BeadTracker.Bead object at 0x000002EBC07E95E0>	0.0	0	105	105	1	True	161.0	M450		105
203.623	240.225	1	9462.621	<BeadTracker.Bead object at 0x000002EBC07E9130>	0.0	0	106	106	1	True	147.0	M450		106
203.599	240.11	1	9629.945	<BeadTracker.Bead object at 0x000002EBC07F8BE0>	0.0	0	107	107	1	True	144.0	M450		107
203.68	240.069	1	9427.979	<BeadTracker.Bead object at 0x000002EBC07F8100>	0.0	0	108	108	1	True	149.0	M450		108
203.611	240.066	1	9538.688	<BeadTracker.Bead object at 0x000002EBC07C4BE0>	0.0	0	109	109	1	True	146.0	M450		109
203.712	239.858	1	9428.04	<BeadTracker.Bead object at 0x000002EBC07C43A0>	0.0	0	110	110	1	True	161.0	M450		110
203.551	239.88	1	9327.307	<BeadTracker.Bead object at 0x000002EBC07F6BE0>	0.0	0	111	111	1	True	162.0	M450		111
203.498	239.598	1	9243.572	<BeadTracker.Bead object at 0x000002EBC07F66D0>	0.0	0	112	112	1	True	162.0	M450		112
203.597	239.318	1	8920.395	<BeadTracker.Bead object at 0x000002EBCD482340>	0.0	0	113	113	1	True	150.0	M450		113
203.516	239.566	1	8930.272	<BeadTracker.Bead object at 0x000002EBCD482220>	0.0	0	114	114	1	True	180.0	M450		114
203.593	239.316	1	8793.102	<BeadTracker.Bead object at 0x000002EBCD491880>	0.0	0	115	115	1	True	190.0	M450		115
203.52	239.52	1	8830.984	<BeadTracker.Bead object at 0x000002EBCD491070>	0.0	0	116	116	1	True	198.0	M450		116
203.629	239.379	1	8778.654	<BeadTracker.Bead object at 0x000002EBCBCD8970>	0.0	0	117	117	1	True	190.0	M450		117
203.634	239.523	1	8720.085	<BeadTracker.Bead object at 0x000002EBCBCD8CA0>	0.0	0	118	118	1	True	199.0	M450		118
203.736	239.575	1	8819.98	<BeadTracker.Bead object at 0x000002EBCBCD8D00>	0.0	0	119	119	1	True	198.0	M450		119
203.738	239.732	1	8891.873	<BeadTracker.Bead object at 0x000002EBC2AD0BE0>	0.0	0	120	120	1	True	180.0	M450		120
203.842	239.865	1	9056.53	<BeadTracker.Bead object at 0x000002EBC2AD0400>	0.0	0	121	121	1	True	164.0	M450		121
203.784	239.933	1	9131.346	<BeadTracker.Bead object at 0x000002EBCEDB2E50>	0.0	0	122	122	1	True	164.0	M450		122
203.795	240.039	1	9198.979	<BeadTracker.Bead object at 0x000002EBCEDB21F0>	0.0	0	123	123	1	True	167.0	M450		123
203.792	240.317	1	9388.311	<BeadTracker.Bead object at 0x000002EBC83B99A0>	0.0	0	124	124	1	True	148.0	M450		124
203.832	240.291	1	9431.476	<BeadTracker.Bead object at 0x000002EBC26B8940>	0.0	0	125	125	1	True	147.0	M450		125
203.881	240.429	1	9474.36	<BeadTracker.Bead object at 0x000002EBC26B8730>	0.0	0	126	126	1	True	147.0	M450		126
203.893	240.217	1	9486.984	<BeadTracker.Bead object at 0x000002EBCEFCEF70>	0.0	0	127	127	1	True	146.0	M450		127
203.981	240.098	1	9496.155	<BeadTracker.Bead object at 0x000002EBCEFCE0A0>	0.0	0	128	128	1	True	144.0	M450		128
204.016	239.909	1	9406.427	<BeadTracker.Bead object at 0x000002EBCEFCE580>	0.0	0	129	129	1	True	161.0	M450		129
203.984	239.952	1	9454.556	<BeadTracker.Bead object at 0x000002EBDF78BF40>	0.0	0	130	130	1	True	160.0	M450		130
204.057	239.802	1	9342.553	<BeadTracker.Bead object at 0x000002EBDF78BCA0>	0.0	0	131	131	1	True	161.0	M450		131
204.079	239.89	1	9322.212	<BeadTracker.Bead object at 0x000002EBD8C2BDF0>	0.0	0	132	132	1	True	161.0	M450		132
204.245	239.54	1	9172.969	<BeadTracker.Bead object at 0x000002EBD8C2B460>	0.0	0	133	133	1	True	162.0	M450		133
204.179	239.585	1	9220.372	<BeadTracker.Bead object at 0x000002EBD8C2B070>	0.0	0	134	134	1	True	162.0	M450		134
204.297	239.417	1	9124.857	<BeadTracker.Bead object at 0x000002EBC24D2FD0>	0.0	0	135	135	1	True	149.0	M450		135
204.191	239.471	1	9148.962	<BeadTracker.Bead object at 0x000002EBC24D2520>	0.0	0	136	136	1	True	149.0	M450		136
204.187	239.211	1	9072.782	<BeadTracker.Bead object at 0x000002EBC4B4EEE0>	0.0	0	137	137	1	True	151.0	M450		137
204.157	239.178	1	9052.936	<BeadTracker.Bead object at 0x000002EBC4B4EB50>	0.0	0	138	138	1	True	151.0	M450		138
204.175	239.426	1	9112.448	<BeadTracker.Bead object at 0x000002EBC0E6D8E0>	0.0	0	139	139	1	True	149.0	M450		139
204.169	239.183	1	9086.358	<BeadTracker.Bead object at 0x000002EBBC819430>	0.0	0	140	140	1	True	151.0	M450		140
204.126	239.15	1	9124.91	<BeadTracker.Bead object at 0x000002EBD3157940>	0.0	0	141	141	1	True	166.0	M450		141
204.127	239.387	1	9237.958	<BeadTracker.Bead object at 0x000002EBD3157340>	0.0	0	142	142	1	True	149.0	M450		142
204.105	239.326	1	9320.666	<BeadTracker.Bead object at 0x000002EBC7998A30>	0.0	0	143	143	1	True	148.0	M450		143
204.116	239.161	1	9247.323	<BeadTracker.Bead object at 0x000002EBC79987F0>	0.0	0	144	144	1	True	150.0	M450		144
204.103	239.064	1	9181.732	<BeadTracker.Bead object at 0x000002EBCBCB4370>	0.0	0	145	145	1	True	163.0	M450		145
204.121	239.11	1	9197.141	<BeadTracker.Bead object at 0x000002EBCBCB4C40>	0.0	0	146	146	1	True	157.0	M450		146
204.055	238.886	1	9169.615	<BeadTracker.Bead object at 0x000002EBCAE7F9D0>	0.0	0	147	147	1	True	162.0	M450		147
204.051	239.066	1	9288.19	<BeadTracker.Bead object at 0x000002EBCAE7FAC0>	0.0	0	148	148	1	True	160.0	M450		148
204.125	238.929	1	9275.831	<BeadTracker.Bead object at 0x000002EBCAE7F100>	0.0	0	149	149	1	True	161.0	M450		149
203.972	239.072	1	9337.851	<BeadTracker.Bead object at 0x000002EBCC333B20>	0.0	0	150	150	0	True	157.0	M450		150
203.238	238.44	0	9726.858	<BeadTracker.Bead object at 0x000002EBC7B833A0>	3.0	7	153	153	0	True	119.0	M450		153
203.637	238.673	0	9117.928	<BeadTracker.Bead object at 0x000002EBC7B83730>	3.0	8	156	156	0	True	80.0	M450		156
204.386	238.148	0	7013.459	<BeadTracker.Bead object at 0x000002EBC7B830A0>	3.0	9	159	159	0	True	41.0	M450		159
204.943	237.741	0	9860.651	<BeadTracker.Bead object at 0x000002EBC7B83A90>	1.0	10	160	160	0	True	2.0	M450		160
204.707	238.159	0	9824.718	<BeadTracker.Bead object at 0x000002EBC04C7550>	1.0	11	163	163	0	True	-37.0	M450		163
204.918	238.051	0	10007.5	<BeadTracker.Bead object at 0x000002EBC04C7280>	1.0	12	166	166	0	True	-76.0	M450		166
201.795	234.163	0	9274.572	<BeadTracker.Bead object at 0x000002EBC04C7C40>	1.0	13	169	170	0	True	-115.0	M450		170
202.029	234.413	0	9312.09	<BeadTracker.Bead object at 0x000002EBC822AF10>	1.0	14	172	173	0	True	-154.0	M450		173
201.99	234.838	0	9387.797	<BeadTracker.Bead object at 0x000002EBC822A760>	1.0	15	175	176	0	True	-193.0	M450		176
202.116	234.788	0	9317.231	<BeadTracker.Bead object at 0x000002EBD76CD0A0>	1.0	16	178	179	0	True	-232.0	M450		179
202.112	234.816	0	9431.135	<BeadTracker.Bead object at 0x000002EBC19DE0D0>	1.0	17	181	182	0	True	-271.0	M450		182
202.222	234.693	0	9447.103	<BeadTracker.Bead object at 0x000002EBC19DEA00>	1.0	18	184	185	0	True	-310.0	M450		185
202.125	234.589	2	3130.368	<BeadTracker.Bead object at 0x000002EBC20E5B50>	0.0	0	187	188	0	True	-349.0	M450		188
202.086	234.467	2	3969.43	<BeadTracker.Bead object at 0x000002EBC20E5520>	0.0	0	188	189	0	True	-388.0	M450		189
202.107	234.416	2	4363.787	<BeadTracker.Bead object at 0x000002EBC20E52E0>	0.0	0	189	190	0	True	-427.0	M450		190
202.158	234.371	2	4483.559	<BeadTracker.Bead object at 0x000002EBC20E5880>	0.0	0	190	191	0	True	-466.0	M450		191
202.15	234.397	2	4488.864	<BeadTracker.Bead object at 0x000002EBC20E55B0>	0.0	0	191	192	0	True	-505.0	M450		192
202.132	234.317	2	4527.752	<BeadTracker.Bead object at 0x000002EBC20E5280>	0.0	0	192	193	0	True	-544.0	M450		193
202.141	234.362	2	4538.043	<BeadTracker.Bead object at 0x000002EBC20E5E20>	0.0	0	193	194	0	True	-583.0	M450		194
202.118	234.297	2	4495.734	<BeadTracker.Bead object at 0x000002EBC20E5610>	0.0	0	194	195	0	True	-622.0	M450		195
202.148	234.364	2	4432.097	<BeadTracker.Bead object at 0x000002EBC20E53A0>	0.0	0	195	196	0	True	-661.0	M450		196
202.152	234.261	2	4523.684	<BeadTracker.Bead object at 0x000002EBCC96C670>	0.0	0	196	197	0	True	-664.0	M450		197
202.146	234.398	2	4462.23	<BeadTracker.Bead object at 0x000002EBCC96C4C0>	0.0	0	197	198	0	True	-666.0	M450		198
202.198	234.296	2	4457.289	<BeadTracker.Bead object at 0x000002EBCC96C610>	0.0	0	198	199	0	True	-666.0	M450		199
202.155	234.264	2	4501.81	<BeadTracker.Bead object at 0x000002EBCC96C910>	0.0	0	199	200	0	True	-668.0	M450		200
202.209	234.271	2	4485.897	<BeadTracker.Bead object at 0x000002EBCC96CB80>	0.0	0	200	201	0	True	-668.0	M450		201
202.231	234.292	2	4458.152	<BeadTracker.Bead object at 0x000002EBCC96C190>	0.0	0	201	202	0	True	-668.0	M450		202
202.211	234.225	2	4507.205	<BeadTracker.Bead object at 0x000002EBCC96C5E0>	0.0	0	202	203	0	True	-667.0	M450		203
202.192	234.306	2	4444.316	<BeadTracker.Bead object at 0x000002EBCC96C790>	0.0	0	203	204	0	True	-668.0	M450		204
202.225	234.199	2	4512.895	<BeadTracker.Bead object at 0x000002EBC1BC3190>	0.0	0	204	205	0	True	-667.0	M450		205
202.211	234.363	2	4503.293	<BeadTracker.Bead object at 0x000002EBC1BC3FA0>	0.0	0	205	206	0	True	-665.0	M450		206
202.174	234.268	2	4531.845	<BeadTracker.Bead object at 0x000002EBC1BC3100>	0.0	0	206	207	0	True	-663.0	M450		207
202.164	234.406	2	4502.883	<BeadTracker.Bead object at 0x000002EBC1BC3DF0>	0.0	0	207	208	0	True	-664.0	M450		208
202.167	234.405	2	4569.78	<BeadTracker.Bead object at 0x000002EBC1BC3B50>	0.0	0	208	209	0	True	-657.0	M450		209
202.246	234.405	2	4545.45	<BeadTracker.Bead object at 0x000002EBC1BC3520>	0.0	0	209	210	0	True	-656.0	M450		210
202.214	234.481	2	4558.764	<BeadTracker.Bead object at 0x000002EBC1BC3A60>	0.0	0	210	211	0	True	-657.0	M450		211
202.186	234.505	2	4553.546	<BeadTracker.Bead object at 0x000002EBC1BC3490>	0.0	0	211	212	0	True	-677.0	M450		212
202.175	234.469	2	4611.373	<BeadTracker.Bead object at 0x000002EBC1BC3610>	0.0	0	212	213	0	True	-654.0	M450		213
202.234	234.545	2	4599.001	<BeadTracker.Bead object at 0x000002EBC1BCC5B0>	0.0	0	213	214	0	True	-676.0	M450		214
202.258	234.508	2	4693.547	<BeadTracker.Bead object at 0x000002EBBDA5D8B0>	0.0	0	214	215	0	True	-644.0	M450		215
202.199	234.61	2	4673.731	<BeadTracker.Bead object at 0x000002EBBDA5DC70>	0.0	0	215	216	0	True	-663.0	M450		216
202.217	234.656	2	4742.524	<BeadTracker.Bead object at 0x000002EBBDA5D430>	0.0	0	216	217	0	True	-644.0	M450		217
202.205	234.664	2	4737.065	<BeadTracker.Bead object at 0x000002EBBDA5D6A0>	0.0	0	217	218	0	True	-644.0	M450		218
202.18	234.724	2	4784.946	<BeadTracker.Bead object at 0x000002EBBDA5DE50>	0.0	0	218	219	0	True	-642.0	M450		219
202.193	234.746	2	4804.327	<BeadTracker.Bead object at 0x000002EBBDA5D5E0>	0.0	0	219	220	0	True	-642.0	M450		220
202.18	234.734	2	4803.086	<BeadTracker.Bead object at 0x000002EBC18263D0>	0.0	0	220	221	0	True	-642.0	M450		221
202.185	234.763	2	4834.364	<BeadTracker.Bead object at 0x000002EBCB1FC0A0>	0.0	0	221	222	0	True	-641.0	M450		222
202.129	234.79	2	4902.841	<BeadTracker.Bead object at 0x000002EBCB1FCD30>	0.0	0	222	223	0	True	-640.0	M450		223
202.104	234.83	2	4919.268	<BeadTracker.Bead object at 0x000002EBCB1FC9A0>	0.0	0	223	224	0	True	-640.0	M450		224
202.141	234.773	2	4943.726	<BeadTracker.Bead object at 0x000002EBCB1FC550>	0.0	0	224	225	0	True	-639.0	M450		225
202.152	234.819	2	4950.823	<BeadTracker.Bead object at 0x000002EBCB1FC580>	0.0	0	225	226	0	True	-639.0	M450		226
202.11	234.847	2	5006.975	<BeadTracker.Bead object at 0x000002EBCB1FC400>	0.0	0	226	227	0	True	-639.0	M450		227
202.11	234.84	2	5012.458	<BeadTracker.Bead object at 0x000002EBCB1FC970>	0.0	0	227	228	0	True	-620.0	M450		228
202.146	234.731	2	5072.205	<BeadTracker.Bead object at 0x000002EBBE6D4DF0>	0.0	0	228	229	0	True	-597.0	M450		229
202.083	234.767	2	5125.741	<BeadTracker.Bead object at 0x000002EBBE6D4AF0>	0.0	0	229	230	0	True	-595.0	M450		230
202.055	234.727	2	5143.473	<BeadTracker.Bead object at 0x000002EBBE6D49A0>	0.0	0	230	231	0	True	-595.0	M450		231
202.092	234.816	2	5189.716	<BeadTracker.Bead object at 0x000002EBBE6D4160>	0.0	0	231	232	0	True	-594.0	M450		232
202.059	234.67	2	5262.369	<BeadTracker.Bead object at 0x000002EBC2EC49D0>	0.0	0	232	233	0	True	-592.0	M450		233
202.022	234.7	2	5254.705	<BeadTracker.Bead object at 0x000002EBC2EC4DC0>	0.0	0	233	234	0	True	-592.0	M450		234
202.025	234.629	2	5308.526	<BeadTracker.Bead object at 0x000002EBC2550610>	0.0	0	234	235	0	True	-568.0	M450		235
201.991	234.606	2	5372.87	<BeadTracker.Bead object at 0x000002EBC2550A90>	0.0	0	235	236	0	True	-566.0	M450		236
202.013	234.526	2	5443.702	<BeadTracker.Bead object at 0x000002EBC25503D0>	0.0	0	236	237	0	True	-563.0	M450		237
201.998	234.57	2	5421.714	<BeadTracker.Bead object at 0x000002EBC2550790>	0.0	0	237	238	0	True	-564.0	M450		238
202.045	234.479	2	5507.3	<BeadTracker.Bead object at 0x000002EBC25508B0>	0.0	0	238	239	0	True	-576.0	M450		239
202.068	234.513	2	5485.303	<BeadTracker.Bead object at 0x000002EBC2550760>	0.0	0	239	240	0	True	-561.0	M450		240
202.018	234.418	2	5545.704	<BeadTracker.Bead object at 0x000002EBC25507C0>	0.0	0	240	241	0	True	-545.0	M450		241
202.055	234.482	2	5509.049	<BeadTracker.Bead object at 0x000002EBC25500A0>	0.0	0	241	242	0	True	-545.0	M450		242
202.077	234.269	2	5612.695	<BeadTracker.Bead object at 0x000002EBC28E0100>	0.0	0	242	243	0	True	-542.0	M450		243
202.049	234.391	2	5616.314	<BeadTracker.Bead object at 0x000002EBC285DF40>	0.0	0	243	244	0	True	-541.0	M450		244
201.994	234.232	2	5627.571	<BeadTracker.Bead object at 0x000002EBC328F9A0>	0.0	0	244	245	0	True	-543.0	M450		245
201.944	234.25	2	5619.609	<BeadTracker.Bead object at 0x000002EBB96B8580>	0.0	0	245	246	0	True	-544.0	M450		246
201.926	234.054	2	5681.91	<BeadTracker.Bead object at 0x000002EBB96B88E0>	0.0	0	246	247	0	True	-522.0	M450		247
201.979	233.947	2	5738.651	<BeadTracker.Bead object at 0x000002EBB96B8D30>	0.0	0	247	248	0	True	-521.0	M450		248
201.907	233.882	2	5690.468	<BeadTracker.Bead object at 0x000002EBB96B8970>	0.0	0	248	249	0	True	-521.0	M450		249
201.864	233.874	2	5708.994	<BeadTracker.Bead object at 0x000002EBB96B86D0>	0.0	0	249	250	0	True	-522.0	M450		250
201.838	233.745	2	5649.703	<BeadTracker.Bead object at 0x000002EBB96B8460>	0.0	0	250	251	0	True	-521.0	M450		251
201.828	233.668	2	5719.964	<BeadTracker.Bead object at 0x000002EBB96B8310>	0.0	0	251	252	0	True	-521.0	M450		252
201.784	233.554	2	5694.858	<BeadTracker.Bead object at 0x000002EBC0EF2FA0>	0.0	0	252	253	0	True	-521.0	M450		253
201.822	233.59	2	5698.231	<BeadTracker.Bead object at 0x000002EBC0EF2190>	0.0	0	253	254	0	True	-521.0	M450		254
201.837	233.74	2	5759.893	<BeadTracker.Bead object at 0x000002EBC0EF2F10>	0.0	0	254	255	0	True	-520.0	M450		255
201.83	233.815	2	5734.394	<BeadTracker.Bead object at 0x000002EBC0EF2D30>	0.0	0	255	256	0	True	-520.0	M450		256
201.846	233.945	2	5850.184	<BeadTracker.Bead object at 0x000002EBC0EF2D00>	0.0	0	256	257	0	True	-519.0	M450		257
201.825	234.097	2	5871.256	<BeadTracker.Bead object at 0x000002EBC0EF2CD0>	0.0	0	257	258	0	True	-518.0	M450		258
201.849	234.107	2	5891.445	<BeadTracker.Bead object at 0x000002EBC0EF29D0>	0.0	0	258	259	0	True	-517.0	M450		259
201.81	234.303	2	5892.683	<BeadTracker.Bead object at 0x000002EBC0EF2100>	0.0	0	259	260	0	True	-516.0	M450		260
201.811	234.309	2	5917.422	<BeadTracker.Bead object at 0x000002EBC7BB64F0>	0.0	0	260	261	0	True	-516.0	M450		261
201.833	234.485	2	5943.291	<BeadTracker.Bead object at 0x000002EBC7BB6520>	0.0	0	261	262	0	True	-530.0	M450		262
201.786	234.536	2	5971.063	<BeadTracker.Bead object at 0x000002EBC7BB6130>	0.0	0	262	263	0	True	-517.0	M450		263
201.769	234.636	2	5985.636	<BeadTracker.Bead object at 0x000002EBC7BB6880>	0.0	0	263	264	0	True	-515.0	M450		264
201.784	234.709	2	5988.91	<BeadTracker.Bead object at 0x000002EBC7BB6790>	0.0	0	264	265	0	True	-515.0	M450		265
201.748	234.76	2	6024.18	<BeadTracker.Bead object at 0x000002EBC7BB66A0>	0.0	0	265	266	0	True	-499.0	M450		266
201.793	234.863	2	6033.417	<BeadTracker.Bead object at 0x000002EBC7BB63D0>	0.0	0	266	267	0	True	-496.0	M450		267
201.792	234.893	2	6038.572	<BeadTracker.Bead object at 0x000002EBB9ABB310>	0.0	0	267	268	0	True	-497.0	M450		268
201.833	234.937	2	6152.275	<BeadTracker.Bead object at 0x000002EBB9ABBEB0>	0.0	0	268	269	0	True	-485.0	M450		269
201.853	235.004	2	6092.453	<BeadTracker.Bead object at 0x000002EBB9ABB370>	0.0	0	269	270	0	True	-489.0	M450		270
201.855	235.105	2	6113.211	<BeadTracker.Bead object at 0x000002EBB9ABBF70>	0.0	0	270	271	0	True	-491.0	M450		271
201.865	235.179	2	6168.146	<BeadTracker.Bead object at 0x000002EBB9ABB820>	0.0	0	271	272	0	True	-489.0	M450		272
201.908	235.151	2	6194.732	<BeadTracker.Bead object at 0x000002EBB9ABB3A0>	0.0	0	272	273	0	True	-489.0	M450		273
201.92	235.236	2	6113.893	<BeadTracker.Bead object at 0x000002EBB9ABB250>	0.0	0	273	274	0	True	-490.0	M450		274
201.965	235.234	2	6174.667	<BeadTracker.Bead object at 0x000002EBB9ABB910>	0.0	0	274	275	0	True	-489.0	M450		275
201.983	235.242	2	6133.299	<BeadTracker.Bead object at 0x000002EBCABCD1F0>	0.0	0	275	276	0	True	-490.0	M450		276
202.035	235.308	2	6149.168	<BeadTracker.Bead object at 0x000002EBCABCD970>	0.0	0	276	277	0	True	-491.0	M450		277
202.108	235.387	2	6162.193	<BeadTracker.Bead object at 0x000002EBCABCD130>	0.0	0	277	278	0	True	-490.0	M450		278
202.124	235.312	2	6192.636	<BeadTracker.Bead object at 0x000002EBCABCDCD0>	0.0	0	278	279	0	True	-490.0	M450		279
202.128	235.458	2	6105.02	<BeadTracker.Bead object at 0x000002EBCABCD760>	0.0	0	279	280	0	True	-492.0	M450		280
202.126	235.49	2	6109.349	<BeadTracker.Bead object at 0x000002EBCABCDF70>	0.0	0	280	281	0	True	-492.0	M450		281
202.158	235.519	2	6100.432	<BeadTracker.Bead object at 0x000002EBCABCD310>	0.0	0	281	282	0	True	-481.0	M450		282
202.16	235.399	2	6147.202	<BeadTracker.Bead object at 0x000002EBCABCD400>	0.0	0	282	283	0	True	-491.0	M450		283
202.149	235.542	2	6061.084	<BeadTracker.Bead object at 0x000002EBCABCD9D0>	0.0	0	283	284	0	True	-482.0	M450		284
202.18	235.537	2	6032.829	<BeadTracker.Bead object at 0x000002EBC81919A0>	0.0	0	284	285	0	True	-501.0	M450		285
202.211	235.515	2	6077.524	<BeadTracker.Bead object at 0x000002EBC8191130>	0.0	0	285	286	0	True	-481.0	M450		286
202.162	235.508	2	6056.3	<BeadTracker.Bead object at 0x000002EBC8191730>	0.0	0	286	287	0	True	-482.0	M450		287
202.245	235.554	2	6005.656	<BeadTracker.Bead object at 0x000002EBC8191D90>	0.0	0	287	288	0	True	-515.0	M450		288
202.225	235.536	2	5958.94	<BeadTracker.Bead object at 0x000002EBC8191FA0>	0.0	0	288	289	0	True	-516.0	M450		289
202.197	235.577	2	5911.461	<BeadTracker.Bead object at 0x000002EBC8191AC0>	0.0	0	289	290	0	True	-518.0	M450		290
202.262	235.571	2	5954.266	<BeadTracker.Bead object at 0x000002EBC8191790>	0.0	0	290	291	0	True	-516.0	M450		291
202.229	235.646	2	5885.601	<BeadTracker.Bead object at 0x000002EBC8191F70>	0.0	0	291	292	0	True	-518.0	M450		292
202.165	235.598	2	5848.352	<BeadTracker.Bead object at 0x000002EBC85AD0A0>	0.0	0	292	293	0	True	-519.0	M450		293
202.192	235.653	2	5761.79	<BeadTracker.Bead object at 0x000002EBC85AD790>	0.0	0	293	294	0	True	-520.0	M450		294
202.15	235.58	2	5858.057	<BeadTracker.Bead object at 0x000002EBC85ADC40>	0.0	0	294	295	0	True	-519.0	M450		295
202.166	235.752	2	5706.39	<BeadTracker.Bead object at 0x000002EBC85AD1F0>	0.0	0	295	296	0	True	-521.0	M450		296
202.197	235.5	2	5747.842	<BeadTracker.Bead object at 0x000002EBC85ADF10>	0.0	0	296	297	0	True	-520.0	M450		297
202.187	235.638	2	5703.547	<BeadTracker.Bead object at 0x000002EBC85AD730>	0.0	0	297	298	0	True	-521.0	M450		298
202.142	235.564	2	5709.95	<BeadTracker.Bead object at 0x000002EBC85ADC70>	0.0	0	298	299	0	True	-521.0	M450		299
202.189	235.591	2	5663.192	<BeadTracker.Bead object at 0x000002EBC85AD9A0>	0.0	0	299	300	0	True	-521.0	M450		300
202.172	235.563	2	5618.495	<BeadTracker.Bead object at 0x000002EBCBAD76D0>	0.0	0	300	301	0	True	-558.0	M450		301
202.22	235.639	2	5590.161	<BeadTracker.Bead object at 0x000002EBCBAD7CA0>	0.0	0	301	302	0	True	-556.0	M450		302
202.254	235.586	2	5522.727	<BeadTracker.Bead object at 0x000002EBCBAD7C10>	0.0	0	302	303	0	True	-560.0	M450		303
202.187	235.587	2	5529.736	<BeadTracker.Bead object at 0x000002EBCBAD79D0>	0.0	0	303	304	0	True	-558.0	M450		304
202.211	235.496	2	5512.375	<BeadTracker.Bead object at 0x000002EBCBAD78B0>	0.0	0	304	305	0	True	-544.0	M450		305
202.23	235.61	2	5495.159	<BeadTracker.Bead object at 0x000002EBCBAD7310>	0.0	0	305	306	0	True	-561.0	M450		306
202.315	235.563	2	5457.659	<BeadTracker.Bead object at 0x000002EBCBAD7880>	0.0	0	306	307	0	True	-562.0	M450		307
202.266	235.525	2	5413.941	<BeadTracker.Bead object at 0x000002EBCBAD73D0>	0.0	0	307	308	0	True	-565.0	M450		308
202.241	235.45	2	5439.21	<BeadTracker.Bead object at 0x000002EBCBAD75B0>	0.0	0	308	309	0	True	-576.0	M450		309
202.253	235.468	2	5411.062	<BeadTracker.Bead object at 0x000002EBC747A220>	0.0	0	309	310	0	True	-577.0	M450		310
202.312	235.472	2	5315.655	<BeadTracker.Bead object at 0x000002EBCC4A96A0>	0.0	0	310	311	0	True	-584.0	M450		311
202.302	235.422	2	5356.477	<BeadTracker.Bead object at 0x000002EBC79B2D00>	0.0	0	311	312	0	True	-583.0	M450		312
202.285	235.434	2	5320.235	<BeadTracker.Bead object at 0x000002EBC79B2CA0>	0.0	0	312	313	0	True	-585.0	M450		313
202.281	235.432	2	5308.504	<BeadTracker.Bead object at 0x000002EBC79B2B80>	0.0	0	313	314	0	True	-585.0	M450		314
202.284	235.349	2	5306.873	<BeadTracker.Bead object at 0x000002EBC79B2340>	0.0	0	314	315	0	True	-586.0	M450		315
202.305	235.43	2	5232.502	<BeadTracker.Bead object at 0x000002EBC79B21F0>	0.0	0	315	316	0	True	-588.0	M450		316
202.286	235.323	2	5256.587	<BeadTracker.Bead object at 0x000002EBC79B2DC0>	0.0	0	316	317	0	True	-588.0	M450		317
202.314	235.349	2	5225.877	<BeadTracker.Bead object at 0x000002EBC79B2460>	0.0	0	317	318	0	True	-589.0	M450		318
202.325	235.324	2	5196.356	<BeadTracker.Bead object at 0x000002EBC631D9A0>	0.0	0	318	319	0	True	-590.0	M450		319
202.338	235.373	2	5178.968	<BeadTracker.Bead object at 0x000002EBC2C242B0>	0.0	0	319	320	0	True	-590.0	M450		320
202.3	235.113	0	9770.695	<BeadTracker.Bead object at 0x000002EBC2C24610>	1.0	19	320	321	0	True	-629.0	M450		321
202.278	234.826	0	9797.836	<BeadTracker.Bead object at 0x000002EBC2C24E50>	1.0	20	323	324	0	True	-640.0	M450		324
202.441	234.159	0	9814.56	<BeadTracker.Bead object at 0x000002EBC2C24E20>	1.0	21	326	327	0	True	-606.0	M450		327
202.468	233.752	0	9830.485	<BeadTracker.Bead object at 0x000002EBB9823EE0>	1.0	22	329	330	0	True	-606.0	M450		330
202.417	233.9	0	9961.283	<BeadTracker.Bead object at 0x000002EBB9823280>	1.0	23	332	333	0	True	-610.0	M450		333
202.155	233.658	0	9817.801	<BeadTracker.Bead object at 0x000002EBC1F71580>	1.0	24	335	336	0	True	-609.0	M450		336
200.68	231.762	0	9808.946	<BeadTracker.Bead object at 0x000002EBC1F71CA0>	1.0	25	338	340	0	True	-606.0	M450		340
200.879	231.653	0	9863.671	<BeadTracker.Bead object at 0x000002EBC1C7E850>	1.0	26	341	343	0	True	-607.0	M450		343
200.886	231.566	0	9868.983	<BeadTracker.Bead object at 0x000002EBC1C7E8E0>	1.0	27	344	346	0	True	-610.0	M450		346
201.042	231.622	0	9903.649	<BeadTracker.Bead object at 0x000002EBC1C7EBE0>	1.0	28	347	349	0	True	-607.0	M450		349
200.848	231.578	0	9961.317	<BeadTracker.Bead object at 0x000002EBDD336970>	1.0	29	350	352	0	True	-611.0	M450		352
200.547	231.373	0	9971.369	<BeadTracker.Bead object at 0x000002EBDD336E50>	1.0	30	353	355	0	True	-581.0	M450		355
200.437	231.132	3	4243.74	<BeadTracker.Bead object at 0x000002EBDD336F70>	0.0	0	356	358	0	True	-620.0	M450		358
200.482	231.232	3	5587.025	<BeadTracker.Bead object at 0x000002EBDD3369D0>	0.0	0	357	359	0	True	-580.0	M450		359
200.54	231.112	3	6075.418	<BeadTracker.Bead object at 0x000002EBC7BC4190>	0.0	0	358	360	0	True	-540.0	M450		360
200.539	231.19	3	6132.584	<BeadTracker.Bead object at 0x000002EBC7BC4CA0>	0.0	0	359	361	0	True	-500.0	M450		361
200.534	231.064	3	6204.249	<BeadTracker.Bead object at 0x000002EBC7BC4E50>	0.0	0	360	362	0	True	-494.0	M450		362
200.525	231.186	3	6145.239	<BeadTracker.Bead object at 0x000002EBC7BC49A0>	0.0	0	361	363	0	True	-496.0	M450		363
200.501	230.97	3	6201.884	<BeadTracker.Bead object at 0x000002EBC7BC4CD0>	0.0	0	362	364	0	True	-494.0	M450		364
200.521	231.134	3	6148.875	<BeadTracker.Bead object at 0x000002EBC7BC4C40>	0.0	0	363	365	0	True	-496.0	M450		365
200.495	231.062	3	6124.278	<BeadTracker.Bead object at 0x000002EBC7BC4820>	0.0	0	364	366	0	True	-494.0	M450		366
200.482	231.145	3	6117.948	<BeadTracker.Bead object at 0x000002EBC7BC4EE0>	0.0	0	365	367	0	True	-494.0	M450		367
200.469	231.02	3	6176.128	<BeadTracker.Bead object at 0x000002EBC11E9400>	0.0	0	366	368	0	True	-491.0	M450		368
200.467	231.173	3	6134.378	<BeadTracker.Bead object at 0x000002EBC11E9700>	0.0	0	367	369	0	True	-493.0	M450		369
200.472	231.142	3	6115.742	<BeadTracker.Bead object at 0x000002EBC11E9DF0>	0.0	0	368	370	0	True	-495.0	M450		370
200.461	231.231	3	6100.637	<BeadTracker.Bead object at 0x000002EBC11E9430>	0.0	0	369	371	0	True	-495.0	M450		371
200.418	231.159	3	6127.382	<BeadTracker.Bead object at 0x000002EBC11E9DC0>	0.0	0	370	372	0	True	-494.0	M450		372
200.358	231.224	3	6090.97	<BeadTracker.Bead object at 0x000002EBC11E9460>	0.0	0	371	373	0	True	-496.0	M450		373
200.404	231.186	3	6149.61	<BeadTracker.Bead object at 0x000002EBC11E9EB0>	0.0	0	372	374	0	True	-493.0	M450		374
200.397	231.275	3	6113.648	<BeadTracker.Bead object at 0x000002EBC11E96D0>	0.0	0	373	375	0	True	-495.0	M450		375
200.366	231.199	3	6135.789	<BeadTracker.Bead object at 0x000002EBC11E91F0>	0.0	0	374	376	0	True	-495.0	M450		376
200.394	231.277	3	6122.597	<BeadTracker.Bead object at 0x000002EBBE4EC2E0>	0.0	0	375	377	0	True	-494.0	M450		377
200.361	231.191	3	6160.561	<BeadTracker.Bead object at 0x000002EBBE4ECF10>	0.0	0	376	378	0	True	-493.0	M450		378
200.352	231.299	3	6189.462	<BeadTracker.Bead object at 0x000002EBBE4EC100>	0.0	0	377	379	0	True	-493.0	M450		379
200.411	231.212	3	6239.805	<BeadTracker.Bead object at 0x000002EBBE4ECC10>	0.0	0	378	380	0	True	-490.0	M450		380
200.337	231.336	3	6225.079	<BeadTracker.Bead object at 0x000002EBBE4EC370>	0.0	0	379	381	0	True	-492.0	M450		381
200.399	231.247	3	6289.377	<BeadTracker.Bead object at 0x000002EBBE4EC5B0>	0.0	0	380	382	0	True	-489.0	M450		382
200.364	231.339	3	6308.1	<BeadTracker.Bead object at 0x000002EBBE4EC160>	0.0	0	381	383	0	True	-490.0	M450		383
200.391	231.233	3	6407.27	<BeadTracker.Bead object at 0x000002EBC0723E20>	0.0	0	382	384	0	True	-470.0	M450		384
200.362	231.347	3	6320.644	<BeadTracker.Bead object at 0x000002EBC0723E50>	0.0	0	383	385	0	True	-489.0	M450		385
200.352	231.253	3	6329.592	<BeadTracker.Bead object at 0x000002EBC0723490>	0.0	0	384	386	0	True	-488.0	M450		386
200.263	231.378	3	6394.943	<BeadTracker.Bead object at 0x000002EBC0723C70>	0.0	0	385	387	0	True	-470.0	M450		387
200.289	231.274	3	6399.444	<BeadTracker.Bead object at 0x000002EBC0723CA0>	0.0	0	386	388	0	True	-472.0	M450		388
200.296	231.27	3	6442.006	<BeadTracker.Bead object at 0x000002EBC0723B50>	0.0	0	387	389	0	True	-469.0	M450		389
200.319	231.329	3	6420.674	<BeadTracker.Bead object at 0x000002EBC0723BB0>	0.0	0	388	390	0	True	-470.0	M450		390
200.324	231.313	3	6484.006	<BeadTracker.Bead object at 0x000002EBC0723340>	0.0	0	389	391	0	True	-467.0	M450		391
200.324	231.34	3	6526.68	<BeadTracker.Bead object at 0x000002EBC0723AF0>	0.0	0	390	392	0	True	-467.0	M450		392
200.259	231.423	3	6572.031	<BeadTracker.Bead object at 0x000002EBD7C810A0>	0.0	0	391	393	0	True	-466.0	M450		393
200.218	231.437	3	6605.822	<BeadTracker.Bead object at 0x000002EBD7C81A60>	0.0	0	392	394	0	True	-464.0	M450		394
200.295	231.525	3	6657.195	<BeadTracker.Bead object at 0x000002EBD7C81700>	0.0	0	393	395	0	True	-442.0	M450		395
200.306	231.468	3	6686.369	<BeadTracker.Bead object at 0x000002EBD7C81880>	0.0	0	394	396	0	True	-457.0	M450		396
200.276	231.525	3	6755.253	<BeadTracker.Bead object at 0x000002EBD7C816A0>	0.0	0	395	397	0	True	-441.0	M450		397
200.348	231.523	3	6822.467	<BeadTracker.Bead object at 0x000002EBD7C81100>	0.0	0	396	398	0	True	-440.0	M450		398
200.266	231.499	3	6843.626	<BeadTracker.Bead object at 0x000002EBD7C81BE0>	0.0	0	397	399	0	True	-429.0	M450		399
200.303	231.451	3	6897.346	<BeadTracker.Bead object at 0x000002EBC86AE400>	0.0	0	398	400	0	True	-429.0	M450		400
200.257	231.548	3	6900.754	<BeadTracker.Bead object at 0x000002EBC86AE250>	0.0	0	399	401	0	True	-439.0	M450		401
200.161	231.45	3	6943.004	<BeadTracker.Bead object at 0x000002EBC86AEBE0>	0.0	0	400	402	0	True	-428.0	M450		402
200.15	231.46	3	7002.238	<BeadTracker.Bead object at 0x000002EBC86AED30>	0.0	0	401	403	0	True	-428.0	M450		403
200.146	231.484	3	7093.336	<BeadTracker.Bead object at 0x000002EBC86AE0D0>	0.0	0	402	404	0	True	-412.0	M450		404
200.072	231.554	3	7005.031	<BeadTracker.Bead object at 0x000002EBC86AE820>	0.0	0	403	405	0	True	-439.0	M450		405
200.032	231.484	3	7085.107	<BeadTracker.Bead object at 0x000002EBC86AEAC0>	0.0	0	404	406	0	True	-412.0	M450		406
199.978	231.427	3	7104.962	<BeadTracker.Bead object at 0x000002EBC86AE4F0>	0.0	0	405	407	0	True	-412.0	M450		407
200.0	231.381	3	7147.301	<BeadTracker.Bead object at 0x000002EBC4DD9F70>	0.0	0	406	408	0	True	-410.0	M450		408
199.973	231.484	3	7117.157	<BeadTracker.Bead object at 0x000002EBC4DD9460>	0.0	0	407	409	0	True	-412.0	M450		409
199.927	231.487	3	7197.282	<BeadTracker.Bead object at 0x000002EBC4DD9A30>	0.0	0	408	410	0	True	-409.0	M450		410
199.917	231.424	3	7255.018	<BeadTracker.Bead object at 0x000002EBC4DD9B20>	0.0	0	409	411	0	True	-408.0	M450		411
199.868	231.273	3	7344.205	<BeadTracker.Bead object at 0x000002EBC4DD9D60>	0.0	0	410	412	0	True	-406.0	M450		412
199.874	231.313	3	7332.335	<BeadTracker.Bead object at 0x000002EBC4DD9850>	0.0	0	411	413	0	True	-406.0	M450		413
199.853	231.2	3	7371.408	<BeadTracker.Bead object at 0x000002EBC4DD9E80>	0.0	0	412	414	0	True	-394.0	M450		414
199.81	231.174	3	7355.921	<BeadTracker.Bead object at 0x000002EBC4DD9880>	0.0	0	413	415	0	True	-404.0	M450		415
199.818	231.184	3	7400.83	<BeadTracker.Bead object at 0x000002EBC4DD91C0>	0.0	0	414	416	0	True	-394.0	M450		416
199.759	231.074	3	7399.365	<BeadTracker.Bead object at 0x000002EBC222FC70>	0.0	0	415	417	0	True	-391.0	M450		417
199.814	231.105	3	7453.069	<BeadTracker.Bead object at 0x000002EBC222F520>	0.0	0	416	418	0	True	-388.0	M450		418
199.776	230.993	3	7488.721	<BeadTracker.Bead object at 0x000002EBC222F490>	0.0	0	417	419	0	True	-388.0	M450		419
199.751	230.849	3	7480.285	<BeadTracker.Bead object at 0x000002EBC222F0D0>	0.0	0	418	420	0	True	-388.0	M450		420
199.766	230.898	3	7448.835	<BeadTracker.Bead object at 0x000002EBC222F580>	0.0	0	419	421	0	True	-390.0	M450		421
199.778	230.761	3	7540.576	<BeadTracker.Bead object at 0x000002EBC222F7C0>	0.0	0	420	422	0	True	-388.0	M450		422
199.756	230.699	3	7575.897	<BeadTracker.Bead object at 0x000002EBC222F730>	0.0	0	421	423	0	True	-364.0	M450		423
199.746	230.685	3	7534.12	<BeadTracker.Bead object at 0x000002EBC222F910>	0.0	0	422	424	0	True	-389.0	M450		424
199.833	230.853	3	7558.118	<BeadTracker.Bead object at 0x000002EBBDA88DF0>	0.0	0	423	425	0	True	-374.0	M450		425
199.839	230.908	3	7605.132	<BeadTracker.Bead object at 0x000002EBBDA88F40>	0.0	0	424	426	0	True	-369.0	M450		426
199.766	231.018	3	7685.392	<BeadTracker.Bead object at 0x000002EBBDA880D0>	0.0	0	425	427	0	True	-370.0	M450		427
199.786	231.18	3	7665.888	<BeadTracker.Bead object at 0x000002EBBDA88070>	0.0	0	426	428	0	True	-373.0	M450		428
199.861	231.308	3	7690.494	<BeadTracker.Bead object at 0x000002EBBDA88160>	0.0	0	427	429	0	True	-372.0	M450		429
199.837	231.29	3	7770.067	<BeadTracker.Bead object at 0x000002EBBDA88A30>	0.0	0	428	430	0	True	-372.0	M450		430
199.938	231.458	3	7743.15	<BeadTracker.Bead object at 0x000002EBBDA88670>	0.0	0	429	431	0	True	-372.0	M450		431
199.966	231.51	3	7771.357	<BeadTracker.Bead object at 0x000002EBBDA88F70>	0.0	0	430	432	0	True	-361.0	M450		432
199.921	231.69	3	7747.793	<BeadTracker.Bead object at 0x000002EBCD66D5B0>	0.0	0	431	433	0	True	-362.0	M450		433
199.971	231.679	3	7848.481	<BeadTracker.Bead object at 0x000002EBD9838490>	0.0	0	432	434	0	True	-361.0	M450		434
200.02	231.909	3	7862.128	<BeadTracker.Bead object at 0x000002EBD9838070>	0.0	0	433	435	0	True	-359.0	M450		435
200.053	231.843	3	7887.077	<BeadTracker.Bead object at 0x000002EBD9838640>	0.0	0	434	436	0	True	-360.0	M450		436
200.072	231.995	3	7860.487	<BeadTracker.Bead object at 0x000002EBD9838C40>	0.0	0	435	437	0	True	-358.0	M450		437
200.149	231.948	3	7892.313	<BeadTracker.Bead object at 0x000002EBD9838B50>	0.0	0	436	438	0	True	-358.0	M450		438
200.151	232.129	3	7825.975	<BeadTracker.Bead object at 0x000002EBD9838610>	0.0	0	437	439	0	True	-351.0	M450		439
200.142	232.074	3	7881.312	<BeadTracker.Bead object at 0x000002EBD9838520>	0.0	0	438	440	0	True	-350.0	M450		440
200.211	232.185	3	7901.162	<BeadTracker.Bead object at 0x000002EBC764B670>	0.0	0	439	441	0	True	-349.0	M450		441
200.246	232.221	3	7916.986	<BeadTracker.Bead object at 0x000002EBC764B580>	0.0	0	440	442	0	True	-349.0	M450		442
200.216	232.321	3	7848.662	<BeadTracker.Bead object at 0x000002EBC764B7F0>	0.0	0	441	443	0	True	-349.0	M450		443
200.205	232.215	3	7949.389	<BeadTracker.Bead object at 0x000002EBC764B280>	0.0	0	442	444	0	True	-348.0	M450		444
200.247	232.36	3	7956.077	<BeadTracker.Bead object at 0x000002EBC764BE50>	0.0	0	443	445	0	True	-348.0	M450		445
200.255	232.287	3	7860.418	<BeadTracker.Bead object at 0x000002EBC764B340>	0.0	0	444	446	0	True	-349.0	M450		446
200.266	232.444	3	7880.412	<BeadTracker.Bead object at 0x000002EBC764BE80>	0.0	0	445	447	0	True	-349.0	M450		447
200.297	232.354	3	7956.719	<BeadTracker.Bead object at 0x000002EBC764BF10>	0.0	0	446	448	0	True	-348.0	M450		448
200.262	232.485	3	7908.614	<BeadTracker.Bead object at 0x000002EBC764BAF0>	0.0	0	447	449	0	True	-349.0	M450		449
200.342	232.439	3	7923.557	<BeadTracker.Bead object at 0x000002EBC4C80580>	0.0	0	448	450	0	True	-349.0	M450		450
200.327	232.518	3	7908.07	<BeadTracker.Bead object at 0x000002EBC4C801F0>	0.0	0	449	451	0	True	-360.0	M450		451
200.365	232.515	3	7876.254	<BeadTracker.Bead object at 0x000002EBC4C80730>	0.0	0	450	452	0	True	-361.0	M450		452
200.366	232.526	3	7841.502	<BeadTracker.Bead object at 0x000002EBC4C80B80>	0.0	0	451	453	0	True	-361.0	M450		453
200.365	232.452	3	7850.367	<BeadTracker.Bead object at 0x000002EBC4C80280>	0.0	0	452	454	0	True	-349.0	M450		454
200.388	232.471	3	7821.005	<BeadTracker.Bead object at 0x000002EBC4C80A60>	0.0	0	453	455	0	True	-349.0	M450		455
200.457	232.328	3	7840.593	<BeadTracker.Bead object at 0x000002EBC4C80A00>	0.0	0	454	456	0	True	-349.0	M450		456
200.472	232.517	3	7773.048	<BeadTracker.Bead object at 0x000002EBC4C80550>	0.0	0	455	457	0	True	-361.0	M450		457
200.48	232.353	3	7797.074	<BeadTracker.Bead object at 0x000002EBC4C80D00>	0.0	0	456	458	0	True	-350.0	M450		458
200.565	232.499	3	7751.331	<BeadTracker.Bead object at 0x000002EBC1CC3070>	0.0	0	457	459	0	True	-374.0	M450		459
200.601	232.331	3	7775.915	<BeadTracker.Bead object at 0x000002EBC1CC3A90>	0.0	0	458	460	0	True	-373.0	M450		460
200.592	232.413	3	7759.045	<BeadTracker.Bead object at 0x000002EBC1CC3D60>	0.0	0	459	461	0	True	-373.0	M450		461
200.659	232.357	3	7749.527	<BeadTracker.Bead object at 0x000002EBC1CC31F0>	0.0	0	460	462	0	True	-373.0	M450		462
200.695	232.428	3	7682.157	<BeadTracker.Bead object at 0x000002EBC1CC3DF0>	0.0	0	461	463	0	True	-375.0	M450		463
200.659	232.316	3	7683.721	<BeadTracker.Bead object at 0x000002EBC1CC3BE0>	0.0	0	462	464	0	True	-374.0	M450		464
200.678	232.359	3	7602.93	<BeadTracker.Bead object at 0x000002EBC1CC3940>	0.0	0	463	465	0	True	-376.0	M450		465
200.724	232.279	3	7578.994	<BeadTracker.Bead object at 0x000002EBCAB7F3D0>	0.0	0	464	466	0	True	-376.0	M450		466
200.768	232.36	3	7524.697	<BeadTracker.Bead object at 0x000002EBCAB7FB50>	0.0	0	465	467	0	True	-378.0	M450		467
200.694	232.244	3	7475.19	<BeadTracker.Bead object at 0x000002EBCAB7F3A0>	0.0	0	466	468	0	True	-391.0	M450		468
200.704	232.319	3	7461.779	<BeadTracker.Bead object at 0x000002EBCAB7FE80>	0.0	0	467	469	0	True	-404.0	M450		469
200.755	232.248	3	7440.873	<BeadTracker.Bead object at 0x000002EBCAB7FD30>	0.0	0	468	470	0	True	-394.0	M450		470
200.772	232.398	3	7412.032	<BeadTracker.Bead object at 0x000002EBCAB7F340>	0.0	0	469	471	0	True	-407.0	M450		471
200.791	232.299	3	7417.481	<BeadTracker.Bead object at 0x000002EBCAB7FF70>	0.0	0	470	472	0	True	-405.0	M450		472
200.731	232.258	3	7409.57	<BeadTracker.Bead object at 0x000002EBCAB7F280>	0.0	0	471	473	0	True	-407.0	M450		473
200.738	232.261	3	7327.997	<BeadTracker.Bead object at 0x000002EBC1D76760>	0.0	0	472	474	0	True	-408.0	M450		474
200.764	232.324	3	7301.995	<BeadTracker.Bead object at 0x000002EBC1D76FA0>	0.0	0	473	475	0	True	-408.0	M450		475
200.769	232.125	3	7305.382	<BeadTracker.Bead object at 0x000002EBC1D766A0>	0.0	0	474	476	0	True	-407.0	M450		476
200.729	232.243	3	7259.661	<BeadTracker.Bead object at 0x000002EBC1D76CD0>	0.0	0	475	477	0	True	-409.0	M450		477
200.717	232.197	3	7243.095	<BeadTracker.Bead object at 0x000002EBC1D76820>	0.0	0	476	478	0	True	-410.0	M450		478
200.716	232.331	3	7219.999	<BeadTracker.Bead object at 0x000002EBC1D76A60>	0.0	0	477	479	0	True	-410.0	M450		479
200.667	232.245	3	7210.59	<BeadTracker.Bead object at 0x000002EBC1D76A30>	0.0	0	478	480	0	True	-411.0	M450		480
200.664	232.207	3	7187.664	<BeadTracker.Bead object at 0x000002EBC1D761C0>	0.0	0	479	481	0	True	-411.0	M450		481
200.725	232.244	3	7129.124	<BeadTracker.Bead object at 0x000002EBC1D764C0>	0.0	0	480	482	0	True	-414.0	M450		482
200.7	232.282	3	7135.101	<BeadTracker.Bead object at 0x000002EBC0EAAF70>	0.0	0	481	483	0	True	-413.0	M450		483
200.649	232.056	3	7127.568	<BeadTracker.Bead object at 0x000002EBC0EAA5E0>	0.0	0	482	484	0	True	-414.0	M450		484
200.681	232.089	3	7122.358	<BeadTracker.Bead object at 0x000002EBC0EAA3D0>	0.0	0	483	485	0	True	-414.0	M450		485
200.766	232.112	3	7095.513	<BeadTracker.Bead object at 0x000002EBC0EAAC10>	0.0	0	484	486	0	True	-415.0	M450		486
200.692	232.163	3	6989.57	<BeadTracker.Bead object at 0x000002EBC0EAA1C0>	0.0	0	485	487	0	True	-429.0	M450		487
200.654	232.037	3	7060.212	<BeadTracker.Bead object at 0x000002EBC0EAA2E0>	0.0	0	486	488	0	True	-430.0	M450		488
200.672	232.04	3	7036.179	<BeadTracker.Bead object at 0x000002EBC0EAAC70>	0.0	0	487	489	0	True	-430.0	M450		489
200.725	232.028	3	7024.674	<BeadTracker.Bead object at 0x000002EBC0EAA130>	0.0	0	488	490	0	True	-430.0	M450		490
200.633	231.965	0	10098.504	<BeadTracker.Bead object at 0x000002EBC1C89A00>	1.0	31	489	491	0	True	-469.0	M450		491
200.574	232.255	0	10058.492	<BeadTracker.Bead object at 0x000002EBC8F3E280>	1.0	32	492	494	1	True	-504.0	M450		494
200.953	231.735	0	10069.028	<BeadTracker.Bead object at 0x000002EBC1C898E0>	1.0	33	495	497	0	True	-519.0	M450		497
200.738	231.432	0	10051.911	<BeadTracker.Bead object at 0x000002EBC1C87310>	1.0	34	498	500	0	True	-531.0	M450		500
200.475	231.638	0	9941.367	<BeadTracker.Bead object at 0x000002EBC1C87730>	1.0	35	501	503	0	True	-561.0	M450		503
200.304	231.456	0	9939.457	<BeadTracker.Bead object at 0x000002EBC1C8E130>	1.0	36	504	506	0	True	-576.0	M450		506
199.719	229.923	0	9956.062	<BeadTracker.Bead object at 0x000002EBC1C8E490>	1.0	37	507	510	0	True	-558.0	M450		510
199.43	229.852	0	9966.381	<BeadTracker.Bead object at 0x000002EBD32010A0>	1.0	38	510	513	0	True	-559.0	M450		513
199.398	229.762	0	9967.0	<BeadTracker.Bead object at 0x000002EBD3201C10>	1.0	39	513	516	0	True	-582.0	M450		516
199.384	229.496	0	9931.321	<BeadTracker.Bead object at 0x000002EBD3201B50>	1.0	40	516	519	0	True	-560.0	M450		519
199.6	229.171	0	9903.819	<BeadTracker.Bead object at 0x000002EBC4C742E0>	1.0	41	519	522	0	True	-560.0	M450		522
199.688	229.208	0	9830.612	<BeadTracker.Bead object at 0x000002EBC4C74A00>	1.0	42	522	525	0	True	-584.0	M450		525
199.482	229.259	4	4306.739	<BeadTracker.Bead object at 0x000002EBC4C74FA0>	0.0	0	525	528	0	True	-623.0	M450		528
199.485	229.307	4	5682.299	<BeadTracker.Bead object at 0x000002EBC4C8D0D0>	0.0	0	526	529	0	True	-583.0	M450		529
199.49	229.287	4	6176.15	<BeadTracker.Bead object at 0x000002EBC4C8D310>	0.0	0	527	530	0	True	-543.0	M450		530
199.522	229.335	4	6233.248	<BeadTracker.Bead object at 0x000002EBC4C8D760>	0.0	0	528	531	0	True	-517.0	M450		531
199.465	229.332	4	6263.274	<BeadTracker.Bead object at 0x000002EBC4C8D910>	0.0	0	529	532	0	True	-494.0	M450		532
199.41	229.355	4	6277.859	<BeadTracker.Bead object at 0x000002EBC4C8D520>	0.0	0	530	533	0	True	-493.0	M450		533
199.488	229.349	4	6246.863	<BeadTracker.Bead object at 0x000002EBC4C8DE20>	0.0	0	531	534	0	True	-493.0	M450		534
199.513	229.311	4	6282.68	<BeadTracker.Bead object at 0x000002EBC4C8DF10>	0.0	0	532	535	0	True	-497.0	M450		535
199.523	229.431	4	6240.805	<BeadTracker.Bead object at 0x000002EBC4C8DBE0>	0.0	0	533	536	0	True	-515.0	M450		536
199.529	229.305	4	6283.153	<BeadTracker.Bead object at 0x000002EBC4C67430>	0.0	0	534	537	0	True	-514.0	M450		537
199.481	229.315	4	6275.258	<BeadTracker.Bead object at 0x000002EBC4C673D0>	0.0	0	535	538	0	True	-491.0	M450		538
199.526	229.309	4	6260.884	<BeadTracker.Bead object at 0x000002EBC4C67400>	0.0	0	536	539	0	True	-514.0	M450		539
199.61	229.311	4	6238.811	<BeadTracker.Bead object at 0x000002EBC4C67B50>	0.0	0	537	540	0	True	-515.0	M450		540
199.55	229.175	4	6205.522	<BeadTracker.Bead object at 0x000002EBC4C67D00>	0.0	0	538	541	0	True	-517.0	M450		541
199.565	229.186	4	6264.566	<BeadTracker.Bead object at 0x000002EBC4C67910>	0.0	0	539	542	0	True	-514.0	M450		542
199.564	229.209	4	6282.224	<BeadTracker.Bead object at 0x000002EBC4C77610>	0.0	0	540	543	0	True	-514.0	M450		543
199.574	229.22	4	6211.83	<BeadTracker.Bead object at 0x000002EBC4C77580>	0.0	0	541	544	0	True	-516.0	M450		544
199.544	229.149	4	6262.646	<BeadTracker.Bead object at 0x000002EBC4C772B0>	0.0	0	542	545	0	True	-514.0	M450		545
199.556	229.225	4	6297.29	<BeadTracker.Bead object at 0x000002EBC4C778B0>	0.0	0	543	546	0	True	-496.0	M450		546
199.561	229.223	4	6293.017	<BeadTracker.Bead object at 0x000002EBC4C77A60>	0.0	0	544	547	0	True	-496.0	M450		547
199.591	229.229	4	6282.971	<BeadTracker.Bead object at 0x000002EBC4C77670>	0.0	0	545	548	0	True	-496.0	M450		548
199.649	229.315	4	6334.376	<BeadTracker.Bead object at 0x000002EBC4C77F70>	0.0	0	546	549	0	True	-494.0	M450		549
199.624	229.245	4	6347.027	<BeadTracker.Bead object at 0x000002EBD32242B0>	0.0	0	547	550	0	True	-493.0	M450		550
199.598	229.226	4	6358.647	<BeadTracker.Bead object at 0x000002EBD3224F70>	0.0	0	548	551	0	True	-494.0	M450		551
199.629	229.292	4	6401.098	<BeadTracker.Bead object at 0x000002EBD3224DF0>	0.0	0	549	552	0	True	-492.0	M450		552
199.591	229.226	4	6503.494	<BeadTracker.Bead object at 0x000002EBD3224FA0>	0.0	0	550	553	0	True	-490.0	M450		553
199.595	229.365	4	6485.265	<BeadTracker.Bead object at 0x000002EBD3224A30>	0.0	0	551	554	0	True	-491.0	M450		554
199.617	229.378	4	6515.46	<BeadTracker.Bead object at 0x000002EBD3224CA0>	0.0	0	552	555	0	True	-491.0	M450		555
199.593	229.37	4	6568.267	<BeadTracker.Bead object at 0x000002EBD3224430>	0.0	0	553	556	0	True	-489.0	M450		556
199.625	229.333	4	6580.268	<BeadTracker.Bead object at 0x000002EBD3224220>	0.0	0	554	557	0	True	-489.0	M450		557
199.622	229.444	4	6631.843	<BeadTracker.Bead object at 0x000002EBC4C6E8E0>	0.0	0	555	558	0	True	-490.0	M450		558
199.642	229.42	4	6676.668	<BeadTracker.Bead object at 0x000002EBC4C6E100>	0.0	0	556	559	0	True	-469.0	M450		559
199.653	229.547	4	6671.23	<BeadTracker.Bead object at 0x000002EBC4C6E280>	0.0	0	557	560	0	True	-476.0	M450		560
199.625	229.549	4	6703.199	<BeadTracker.Bead object at 0x000002EBC4C6E640>	0.0	0	558	561	0	True	-476.0	M450		561
199.671	229.573	4	6761.528	<BeadTracker.Bead object at 0x000002EBC4C6E700>	0.0	0	559	562	0	True	-459.0	M450		562
199.65	229.54	4	6755.204	<BeadTracker.Bead object at 0x000002EBC4C6EAC0>	0.0	0	560	563	0	True	-460.0	M450		563
199.614	229.6	4	6826.145	<BeadTracker.Bead object at 0x000002EBC4C6E6D0>	0.0	0	561	564	0	True	-458.0	M450		564
199.612	229.591	4	6803.364	<BeadTracker.Bead object at 0x000002EBC4C6EE20>	0.0	0	562	565	0	True	-459.0	M450		565
199.588	229.553	4	6935.432	<BeadTracker.Bead object at 0x000002EBC325A040>	0.0	0	563	566	0	True	-441.0	M450		566
199.615	229.665	4	6913.069	<BeadTracker.Bead object at 0x000002EBC325A250>	0.0	0	564	567	0	True	-455.0	M450		567
199.637	229.615	4	6992.784	<BeadTracker.Bead object at 0x000002EBC325A220>	0.0	0	565	568	0	True	-442.0	M450		568
199.557	229.688	4	7026.213	<BeadTracker.Bead object at 0x000002EBC325A970>	0.0	0	566	569	0	True	-437.0	M450		569
199.555	229.734	4	7039.961	<BeadTracker.Bead object at 0x000002EBC325A910>	0.0	0	567	570	0	True	-434.0	M450		570
199.548	229.695	4	7098.544	<BeadTracker.Bead object at 0x000002EBC325A940>	0.0	0	568	571	0	True	-432.0	M450		571
199.512	229.689	4	7174.613	<BeadTracker.Bead object at 0x000002EBC325AF70>	0.0	0	569	572	0	True	-430.0	M450		572
199.575	229.641	4	7257.783	<BeadTracker.Bead object at 0x000002EBC327E4C0>	0.0	0	570	573	0	True	-430.0	M450		573
199.558	229.714	4	7282.114	<BeadTracker.Bead object at 0x000002EBC327E2E0>	0.0	0	571	574	0	True	-412.0	M450		574
199.553	229.659	4	7309.898	<BeadTracker.Bead object at 0x000002EBC327E6D0>	0.0	0	572	575	0	True	-414.0	M450		575
199.567	229.583	4	7386.029	<BeadTracker.Bead object at 0x000002EBC327E670>	0.0	0	573	576	0	True	-412.0	M450		576
199.581	229.634	4	7360.626	<BeadTracker.Bead object at 0x000002EBC327E6A0>	0.0	0	574	577	0	True	-413.0	M450		577
199.631	229.568	4	7377.501	<BeadTracker.Bead object at 0x000002EBC327EDF0>	0.0	0	575	578	0	True	-412.0	M450		578
199.589	229.568	4	7441.414	<BeadTracker.Bead object at 0x000002EBC327EEE0>	0.0	0	576	579	0	True	-409.0	M450		579
199.519	229.649	4	7458.626	<BeadTracker.Bead object at 0x000002EBC327EC10>	0.0	0	577	580	0	True	-409.0	M450		580
199.528	229.56	4	7505.622	<BeadTracker.Bead object at 0x000002EBC326BA30>	0.0	0	578	581	0	True	-408.0	M450		581
199.538	229.597	4	7588.991	<BeadTracker.Bead object at 0x000002EBC326B790>	0.0	0	579	582	0	True	-408.0	M450		582
199.551	229.484	4	7593.132	<BeadTracker.Bead object at 0x000002EBC326B1C0>	0.0	0	580	583	0	True	-411.0	M450		583
199.53	229.537	4	7621.337	<BeadTracker.Bead object at 0x000002EBC326BC70>	0.0	0	581	584	0	True	-391.0	M450		584
199.532	229.429	4	7681.029	<BeadTracker.Bead object at 0x000002EBC326BE80>	0.0	0	582	585	0	True	-409.0	M450		585
199.486	229.444	4	7688.803	<BeadTracker.Bead object at 0x000002EBC326B4C0>	0.0	0	583	586	0	True	-377.0	M450		586
199.565	229.342	4	7763.665	<BeadTracker.Bead object at 0x000002EBC32701C0>	0.0	0	584	587	0	True	-408.0	M450		587
199.526	229.261	4	7794.719	<BeadTracker.Bead object at 0x000002EBC32705B0>	0.0	0	585	588	0	True	-408.0	M450		588
199.475	229.338	4	7794.978	<BeadTracker.Bead object at 0x000002EBC32702E0>	0.0	0	586	589	0	True	-374.0	M450		589
199.528	229.155	4	7814.852	<BeadTracker.Bead object at 0x000002EBC3270850>	0.0	0	587	590	0	True	-406.0	M450		590
199.551	229.046	4	7850.848	<BeadTracker.Bead object at 0x000002EBC32707F0>	0.0	0	588	591	0	True	-377.0	M450		591
199.543	228.977	4	7882.999	<BeadTracker.Bead object at 0x000002EBC3270820>	0.0	0	589	592	0	True	-377.0	M450		592
199.555	228.831	4	7902.919	<BeadTracker.Bead object at 0x000002EBC3270EE0>	0.0	0	590	593	0	True	-374.0	M450		593
199.568	228.897	4	7943.734	<BeadTracker.Bead object at 0x000002EBC3284280>	0.0	0	591	594	0	True	-374.0	M450		594
199.612	228.856	4	7980.65	<BeadTracker.Bead object at 0x000002EBC3284250>	0.0	0	592	595	0	True	-373.0	M450		595
199.642	229.134	4	7981.858	<BeadTracker.Bead object at 0x000002EBC32843A0>	0.0	0	593	596	0	True	-375.0	M450		596
199.681	229.181	4	8042.502	<BeadTracker.Bead object at 0x000002EBC3284520>	0.0	0	594	597	0	True	-374.0	M450		597
199.725	229.46	4	7994.037	<BeadTracker.Bead object at 0x000002EBC32844F0>	0.0	0	595	598	0	True	-375.0	M450		598
199.715	229.456	4	8087.148	<BeadTracker.Bead object at 0x000002EBC3284C40>	0.0	0	596	599	0	True	-374.0	M450		599
199.684	229.618	4	8102.926	<BeadTracker.Bead object at 0x000002EBC3284EE0>	0.0	0	597	600	0	True	-357.0	M450		600
199.717	229.607	4	8154.777	<BeadTracker.Bead object at 0x000002EBC3284B50>	0.0	0	598	601	0	True	-352.0	M450		601
199.783	229.767	4	8165.001	<BeadTracker.Bead object at 0x000002EBC7952100>	0.0	0	599	602	0	True	-349.0	M450		602
199.773	229.807	4	8212.417	<BeadTracker.Bead object at 0x000002EBC7952280>	0.0	0	600	603	0	True	-349.0	M450		603
199.765	229.932	4	8167.691	<BeadTracker.Bead object at 0x000002EBC7952250>	0.0	0	601	604	0	True	-349.0	M450		604
199.789	229.959	4	8219.718	<BeadTracker.Bead object at 0x000002EBC7952790>	0.0	0	602	605	0	True	-349.0	M450		605
199.824	230.127	4	8215.537	<BeadTracker.Bead object at 0x000002EBC7952910>	0.0	0	603	606	0	True	-349.0	M450		606
199.881	230.066	4	8236.777	<BeadTracker.Bead object at 0x000002EBC79528E0>	0.0	0	604	607	0	True	-349.0	M450		607
199.857	230.195	4	8215.312	<BeadTracker.Bead object at 0x000002EBC7952FA0>	0.0	0	605	608	0	True	-349.0	M450		608
199.815	230.235	4	8319.249	<BeadTracker.Bead object at 0x000002EBC7962100>	0.0	0	606	609	0	True	-349.0	M450		609
199.832	230.272	4	8256.549	<BeadTracker.Bead object at 0x000002EBC7962340>	0.0	0	607	610	0	True	-349.0	M450		610
199.867	230.275	4	8282.978	<BeadTracker.Bead object at 0x000002EBC7962700>	0.0	0	608	611	0	True	-349.0	M450		611
199.856	230.319	4	8290.937	<BeadTracker.Bead object at 0x000002EBC79626A0>	0.0	0	609	612	0	True	-349.0	M450		612
199.873	230.383	4	8246.374	<BeadTracker.Bead object at 0x000002EBC79626D0>	0.0	0	610	613	0	True	-349.0	M450		613
199.924	230.451	4	8253.868	<BeadTracker.Bead object at 0x000002EBC7962BB0>	0.0	0	611	614	0	True	-349.0	M450		614
199.903	230.361	4	8283.175	<BeadTracker.Bead object at 0x000002EBC7962F40>	0.0	0	612	615	0	True	-349.0	M450		615
199.949	230.376	4	8203.925	<BeadTracker.Bead object at 0x000002EBC7962C70>	0.0	0	613	616	0	True	-349.0	M450		616
199.925	230.368	4	8147.205	<BeadTracker.Bead object at 0x000002EBC7959250>	0.0	0	614	617	0	True	-349.0	M450		617
199.943	230.409	4	8164.998	<BeadTracker.Bead object at 0x000002EBC7959400>	0.0	0	615	618	0	True	-373.0	M450		618
199.957	230.438	4	8176.982	<BeadTracker.Bead object at 0x000002EBC79593D0>	0.0	0	616	619	0	True	-349.0	M450		619
200.028	230.425	4	8201.544	<BeadTracker.Bead object at 0x000002EBC7959910>	0.0	0	617	620	0	True	-349.0	M450		620
200.038	230.4	4	8179.535	<BeadTracker.Bead object at 0x000002EBC7959A90>	0.0	0	618	621	0	True	-349.0	M450		621
200.059	230.291	4	8206.716	<BeadTracker.Bead object at 0x000002EBC7959A60>	0.0	0	619	622	0	True	-349.0	M450		622
200.057	230.295	4	8196.326	<BeadTracker.Bead object at 0x000002EBC8357A30>	0.0	0	620	623	0	True	-349.0	M450		623
200.018	230.33	4	8165.118	<BeadTracker.Bead object at 0x000002EBC8357610>	0.0	0	621	624	0	True	-349.0	M450		624
200.039	230.246	4	8128.104	<BeadTracker.Bead object at 0x000002EBC8357C10>	0.0	0	622	625	0	True	-350.0	M450		625
200.034	230.247	4	8146.189	<BeadTracker.Bead object at 0x000002EBC8357430>	0.0	0	623	626	0	True	-349.0	M450		626
200.06	230.218	4	8119.944	<BeadTracker.Bead object at 0x000002EBC83579D0>	0.0	0	624	627	0	True	-349.0	M450		627
200.026	230.323	4	8085.95	<BeadTracker.Bead object at 0x000002EBC8357DC0>	0.0	0	625	628	0	True	-373.0	M450		628
200.05	230.295	4	8055.287	<BeadTracker.Bead object at 0x000002EBC83573D0>	0.0	0	626	629	0	True	-373.0	M450		629
200.081	230.362	4	8053.065	<BeadTracker.Bead object at 0x000002EBC8357730>	0.0	0	627	630	0	True	-374.0	M450		630
200.059	230.288	4	8071.331	<BeadTracker.Bead object at 0x000002EBC8357280>	0.0	0	628	631	0	True	-373.0	M450		631
200.092	230.304	4	8005.291	<BeadTracker.Bead object at 0x000002EBC79502E0>	0.0	0	629	632	0	True	-373.0	M450		632
200.026	230.321	4	8028.547	<BeadTracker.Bead object at 0x000002EBC79504C0>	0.0	0	630	633	0	True	-374.0	M450		633
199.994	230.301	4	8004.26	<BeadTracker.Bead object at 0x000002EBC7950250>	0.0	0	631	634	0	True	-374.0	M450		634
200.007	230.279	4	7984.656	<BeadTracker.Bead object at 0x000002EBC7950C70>	0.0	0	632	635	0	True	-374.0	M450		635
200.009	230.322	4	7965.455	<BeadTracker.Bead object at 0x000002EBC79509A0>	0.0	0	633	636	0	True	-375.0	M450		636
200.002	230.242	4	7939.27	<BeadTracker.Bead object at 0x000002EBC7950700>	0.0	0	634	637	0	True	-373.0	M450		637
199.947	230.231	4	7898.002	<BeadTracker.Bead object at 0x000002EBC7950EE0>	0.0	0	635	638	0	True	-375.0	M450		638
199.924	230.146	4	7929.833	<BeadTracker.Bead object at 0x000002EBC797C2B0>	0.0	0	636	639	0	True	-373.0	M450		639
199.913	230.191	4	7893.125	<BeadTracker.Bead object at 0x000002EBC797C070>	0.0	0	637	640	0	True	-375.0	M450		640
199.918	230.184	4	7866.281	<BeadTracker.Bead object at 0x000002EBC797C9A0>	0.0	0	638	641	0	True	-376.0	M450		641
199.861	230.128	4	7921.234	<BeadTracker.Bead object at 0x000002EBC797C7F0>	0.0	0	639	642	0	True	-375.0	M450		642
199.824	230.069	4	7850.753	<BeadTracker.Bead object at 0x000002EBC797C400>	0.0	0	640	643	0	True	-377.0	M450		643
199.847	230.104	4	7803.918	<BeadTracker.Bead object at 0x000002EBC797CFA0>	0.0	0	641	644	0	True	-379.0	M450		644
199.853	230.029	4	7870.865	<BeadTracker.Bead object at 0x000002EBC797CE20>	0.0	0	642	645	0	True	-376.0	M450		645
199.842	230.068	4	7795.184	<BeadTracker.Bead object at 0x000002EBC797CAF0>	0.0	0	643	646	0	True	-378.0	M450		646
199.825	230.043	4	7769.961	<BeadTracker.Bead object at 0x000002EBCF005700>	0.0	0	644	647	0	True	-378.0	M450		647
199.864	230.069	4	7793.097	<BeadTracker.Bead object at 0x000002EBCF005550>	0.0	0	645	648	0	True	-378.0	M450		648
199.886	230.009	4	7751.395	<BeadTracker.Bead object at 0x000002EBCF005160>	0.0	0	646	649	0	True	-380.0	M450		649
199.87	229.996	4	7748.527	<BeadTracker.Bead object at 0x000002EBCF005D90>	0.0	0	647	650	0	True	-380.0	M450		650
199.884	229.96	4	7746.07	<BeadTracker.Bead object at 0x000002EBCF005BE0>	0.0	0	648	651	0	True	-381.0	M450		651
199.856	229.936	4	7733.782	<BeadTracker.Bead object at 0x000002EBCF0057F0>	0.0	0	649	652	0	True	-381.0	M450		652
199.833	229.912	4	7642.617	<BeadTracker.Bead object at 0x000002EBCEFEB130>	0.0	0	650	653	0	True	-407.0	M450		653
199.874	229.858	4	7651.917	<BeadTracker.Bead object at 0x000002EBCEFEB3D0>	0.0	0	651	654	0	True	-407.0	M450		654
199.879	229.9	4	7637.841	<BeadTracker.Bead object at 0x000002EBCEFEB070>	0.0	0	652	655	0	True	-406.0	M450		655
199.908	229.847	4	7539.709	<BeadTracker.Bead object at 0x000002EBCEFEBB20>	0.0	0	653	656	0	True	-408.0	M450		656
199.93	229.734	4	7625.618	<BeadTracker.Bead object at 0x000002EBCEFEB850>	0.0	0	654	657	0	True	-407.0	M450		657
199.904	229.817	4	7550.987	<BeadTracker.Bead object at 0x000002EBCEFEB5B0>	0.0	0	655	658	0	True	-407.0	M450		658
199.936	229.672	4	7551.449	<BeadTracker.Bead object at 0x000002EBCEFEBF10>	0.0	0	656	659	0	True	-407.0	M450		659
199.967	229.77	4	7528.706	<BeadTracker.Bead object at 0x000002EBCAC4D940>	0.0	0	657	660	0	True	-408.0	M450		660
200.097	229.977	0	10018.998	<BeadTracker.Bead object at 0x000002EBCAC4DD30>	1.0	43	658	661	0	True	-445.0	M450		661
200.013	229.798	0	9974.115	<BeadTracker.Bead object at 0x000002EBCAC4D6D0>	1.0	44	661	664	0	True	-479.0	M450		664
200.299	230.136	0	9944.29	<BeadTracker.Bead object at 0x000002EBCAC4D3D0>	1.0	45	664	667	0	True	-480.0	M450		667
200.087	230.174	0	9929.751	<BeadTracker.Bead object at 0x000002EBCF0104F0>	1.0	46	667	670	0	True	-511.0	M450		670
199.927	230.138	0	9964.891	<BeadTracker.Bead object at 0x000002EBCF0106D0>	1.0	47	670	673	0	True	-513.0	M450		673
199.858	230.048	0	9928.873	<BeadTracker.Bead object at 0x000002EBCEFFC2B0>	1.0	48	673	676	0	True	-515.0	M450		676
198.071	227.878	0	10041.7	<BeadTracker.Bead object at 0x000002EBCEFFCC40>	1.0	49	676	680	0	True	-507.0	M450		680
198.052	227.952	0	9979.68	<BeadTracker.Bead object at 0x000002EBCEFFCE50>	1.0	50	679	683	0	True	-492.0	M450		683
197.887	227.732	0	10094.478	<BeadTracker.Bead object at 0x000002EBCEFE4370>	1.0	51	682	686	0	True	-474.0	M450		686
197.818	227.461	0	10106.106	<BeadTracker.Bead object at 0x000002EBCEFE4FA0>	1.0	52	685	689	0	True	-476.0	M450		689
197.953	227.664	0	10012.089	<BeadTracker.Bead object at 0x000002EBC0E8E6A0>	1.0	53	688	692	0	True	-476.0	M450		692
198.077	227.199	0	10092.652	<BeadTracker.Bead object at 0x000002EBC0E8ED30>	1.0	54	691	695	0	True	-470.0	M450		695
197.969	227.016	5	5415.716	<BeadTracker.Bead object at 0x000002EBC0E76130>	0.0	0	694	698	0	True	-509.0	M450		698
198.069	227.088	5	6940.338	<BeadTracker.Bead object at 0x000002EBC0E76310>	0.0	0	695	699	0	True	-469.0	M450		699
198.025	227.08	5	7356.399	<BeadTracker.Bead object at 0x000002EBC0E76250>	0.0	0	696	700	0	True	-429.0	M450		700
198.043	227.115	5	7462.319	<BeadTracker.Bead object at 0x000002EBC0E76AF0>	0.0	0	697	701	0	True	-389.0	M450		701
198.017	227.091	5	7489.521	<BeadTracker.Bead object at 0x000002EBC0E76940>	0.0	0	698	702	0	True	-377.0	M450		702
197.95	227.084	5	7527.269	<BeadTracker.Bead object at 0x000002EBC0E76550>	0.0	0	699	703	0	True	-386.0	M450		703
197.966	227.05	5	7517.903	<BeadTracker.Bead object at 0x000002EBC0E76D60>	0.0	0	700	704	0	True	-377.0	M450		704
197.984	227.01	5	7505.804	<BeadTracker.Bead object at 0x000002EBC0E750A0>	0.0	0	701	705	0	True	-387.0	M450		705
198.033	227.079	5	7436.933	<BeadTracker.Bead object at 0x000002EBC0E753D0>	0.0	0	702	706	0	True	-390.0	M450		706
197.991	227.041	5	7472.725	<BeadTracker.Bead object at 0x000002EBC0E75160>	0.0	0	703	707	0	True	-389.0	M450		707
198.037	227.061	5	7494.985	<BeadTracker.Bead object at 0x000002EBC0E756D0>	0.0	0	704	708	0	True	-387.0	M450		708
198.058	227.004	5	7448.841	<BeadTracker.Bead object at 0x000002EBC0E75D60>	0.0	0	705	709	0	True	-390.0	M450		709
198.139	227.121	5	7448.774	<BeadTracker.Bead object at 0x000002EBC0E75A00>	0.0	0	706	710	0	True	-390.0	M450		710
198.097	227.119	5	7452.893	<BeadTracker.Bead object at 0x000002EBC0E75F40>	0.0	0	707	711	0	True	-388.0	M450		711
198.057	227.207	5	7459.361	<BeadTracker.Bead object at 0x000002EBC0E75A30>	0.0	0	708	712	0	True	-388.0	M450		712
198.077	227.126	5	7446.09	<BeadTracker.Bead object at 0x000002EBCC53B880>	0.0	0	709	713	0	True	-388.0	M450		713
198.084	227.197	5	7466.187	<BeadTracker.Bead object at 0x000002EBCC53BB80>	0.0	0	710	714	0	True	-388.0	M450		714
198.112	227.147	5	7490.364	<BeadTracker.Bead object at 0x000002EBCC53BB50>	0.0	0	711	715	0	True	-389.0	M450		715
198.105	227.244	5	7533.437	<BeadTracker.Bead object at 0x000002EBCC53BCD0>	0.0	0	712	716	0	True	-376.0	M450		716
198.066	227.31	5	7513.292	<BeadTracker.Bead object at 0x000002EBCC53BA90>	0.0	0	713	717	0	True	-377.0	M450		717
198.054	227.289	5	7565.38	<BeadTracker.Bead object at 0x000002EBCC53B340>	0.0	0	714	718	0	True	-376.0	M450		718
198.085	227.381	5	7509.805	<BeadTracker.Bead object at 0x000002EBCC53B580>	0.0	0	715	719	0	True	-377.0	M450		719
198.041	227.287	5	7605.009	<BeadTracker.Bead object at 0x000002EBCC53BE50>	0.0	0	716	720	0	True	-374.0	M450		720
198.042	227.417	5	7573.821	<BeadTracker.Bead object at 0x000002EBCC53B370>	0.0	0	717	721	0	True	-376.0	M450		721
197.983	227.38	5	7623.143	<BeadTracker.Bead object at 0x000002EBC0E88550>	0.0	0	718	722	0	True	-374.0	M450		722
197.978	227.505	5	7570.745	<BeadTracker.Bead object at 0x000002EBC0E885E0>	0.0	0	719	723	0	True	-389.0	M450		723
197.982	227.467	5	7590.889	<BeadTracker.Bead object at 0x000002EBC0E88910>	0.0	0	720	724	0	True	-376.0	M450		724
198.008	227.658	5	7581.74	<BeadTracker.Bead object at 0x000002EBC0E88B50>	0.0	0	721	725	0	True	-364.0	M450		725
197.942	227.636	5	7584.216	<BeadTracker.Bead object at 0x000002EBC0E88250>	0.0	0	722	726	0	True	-364.0	M450		726
197.986	227.656	5	7662.285	<BeadTracker.Bead object at 0x000002EBC0E88C10>	0.0	0	723	727	0	True	-363.0	M450		727
197.964	227.748	5	7674.709	<BeadTracker.Bead object at 0x000002EBC0E543D0>	0.0	0	724	728	0	True	-362.0	M450		728
197.914	227.765	5	7659.274	<BeadTracker.Bead object at 0x000002EBC0E54190>	0.0	0	725	729	0	True	-363.0	M450		729
197.925	227.744	5	7692.454	<BeadTracker.Bead object at 0x000002EBC0E54670>	0.0	0	726	730	0	True	-363.0	M450		730
197.983	227.572	5	7776.942	<BeadTracker.Bead object at 0x000002EBC0E54820>	0.0	0	727	731	0	True	-362.0	M450		731
197.929	227.746	5	7747.72	<BeadTracker.Bead object at 0x000002EBC0E54430>	0.0	0	728	732	0	True	-362.0	M450		732
197.989	227.754	5	7774.359	<BeadTracker.Bead object at 0x000002EBC0E54D30>	0.0	0	729	733	0	True	-361.0	M450		733
197.944	227.746	5	7820.11	<BeadTracker.Bead object at 0x000002EBC0E54DC0>	0.0	0	730	734	0	True	-361.0	M450		734
197.945	227.737	5	7843.705	<BeadTracker.Bead object at 0x000002EBC31E77C0>	0.0	0	731	735	0	True	-361.0	M450		735
197.966	227.812	5	7898.995	<BeadTracker.Bead object at 0x000002EBC31E7340>	0.0	0	732	736	0	True	-360.0	M450		736
198.027	227.721	5	7935.097	<BeadTracker.Bead object at 0x000002EBC31E72E0>	0.0	0	733	737	0	True	-359.0	M450		737
197.985	227.922	5	7963.259	<BeadTracker.Bead object at 0x000002EBC31E7310>	0.0	0	734	738	0	True	-342.0	M450		738
198.077	227.87	5	8030.395	<BeadTracker.Bead object at 0x000002EBC31E7A60>	0.0	0	735	739	0	True	-340.0	M450		739
198.05	227.969	5	8035.868	<BeadTracker.Bead object at 0x000002EBC31E7C10>	0.0	0	736	740	0	True	-342.0	M450		740
198.044	227.916	5	8110.522	<BeadTracker.Bead object at 0x000002EBC31E7820>	0.0	0	737	741	0	True	-320.0	M450		741
198.07	227.924	5	8185.149	<BeadTracker.Bead object at 0x000002EBC31E7B80>	0.0	0	738	742	0	True	-320.0	M450		742
198.13	227.843	5	8190.886	<BeadTracker.Bead object at 0x000002EBCC540CA0>	0.0	0	739	743	0	True	-319.0	M450		743
198.081	227.955	5	8238.973	<BeadTracker.Bead object at 0x000002EBCC540280>	0.0	0	740	744	0	True	-318.0	M450		744
198.081	227.895	5	8299.503	<BeadTracker.Bead object at 0x000002EBCC540C40>	0.0	0	741	745	0	True	-317.0	M450		745
198.061	227.982	5	8359.009	<BeadTracker.Bead object at 0x000002EBCC540B80>	0.0	0	742	746	0	True	-312.0	M450		746
198.077	227.968	5	8351.358	<BeadTracker.Bead object at 0x000002EBCC540970>	0.0	0	743	747	0	True	-312.0	M450		747
198.058	227.925	5	8400.863	<BeadTracker.Bead object at 0x000002EBCC5403D0>	0.0	0	744	748	0	True	-302.0	M450		748
198.072	227.976	5	8411.636	<BeadTracker.Bead object at 0x000002EBCC5408E0>	0.0	0	745	749	0	True	-306.0	M450		749
198.074	227.938	5	8459.809	<BeadTracker.Bead object at 0x000002EBCC5404C0>	0.0	0	746	750	0	True	-301.0	M450		750
198.075	227.881	5	8515.549	<BeadTracker.Bead object at 0x000002EBC3209160>	0.0	0	747	751	0	True	-301.0	M450		751
198.041	227.858	5	8486.667	<BeadTracker.Bead object at 0x000002EBC3209370>	0.0	0	748	752	0	True	-301.0	M450		752
198.058	227.805	5	8576.981	<BeadTracker.Bead object at 0x000002EBC32097C0>	0.0	0	749	753	0	True	-300.0	M450		753
198.05	227.773	5	8595.211	<BeadTracker.Bead object at 0x000002EBC3209970>	0.0	0	750	754	0	True	-300.0	M450		754
198.012	227.713	5	8602.716	<BeadTracker.Bead object at 0x000002EBC3209580>	0.0	0	751	755	0	True	-300.0	M450		755
198.036	227.741	5	8590.092	<BeadTracker.Bead object at 0x000002EBC3209E80>	0.0	0	752	756	0	True	-300.0	M450		756
198.056	227.591	5	8638.913	<BeadTracker.Bead object at 0x000002EBC3209D90>	0.0	0	753	757	0	True	-301.0	M450		757
198.009	227.57	5	8667.427	<BeadTracker.Bead object at 0x000002EBC31E0490>	0.0	0	754	758	0	True	-300.0	M450		758
198.009	227.488	5	8724.691	<BeadTracker.Bead object at 0x000002EBC31E0160>	0.0	0	755	759	0	True	-289.0	M450		759
197.962	227.506	5	8710.143	<BeadTracker.Bead object at 0x000002EBC31E0220>	0.0	0	756	760	0	True	-301.0	M450		760
197.981	227.306	5	8739.576	<BeadTracker.Bead object at 0x000002EBC31E00A0>	0.0	0	757	761	0	True	-288.0	M450		761
197.966	227.24	5	8749.874	<BeadTracker.Bead object at 0x000002EBC31E0760>	0.0	0	758	762	0	True	-286.0	M450		762
197.989	227.23	5	8765.834	<BeadTracker.Bead object at 0x000002EBC31E0D00>	0.0	0	759	763	0	True	-287.0	M450		763
198.002	227.225	5	8790.033	<BeadTracker.Bead object at 0x000002EBC31E0A00>	0.0	0	760	764	0	True	-263.0	M450		764
197.995	227.269	5	8809.781	<BeadTracker.Bead object at 0x000002EBC31E0C70>	0.0	0	761	765	0	True	-287.0	M450		765
198.038	227.421	5	8880.243	<BeadTracker.Bead object at 0x000002EBC31D7550>	0.0	0	762	766	0	True	-256.0	M450		766
198.027	227.508	5	8850.139	<BeadTracker.Bead object at 0x000002EBC31D75E0>	0.0	0	763	767	0	True	-276.0	M450		767
198.082	227.636	5	8900.642	<BeadTracker.Bead object at 0x000002EBC31D7910>	0.0	0	764	768	0	True	-275.0	M450		768
198.123	227.682	5	8935.067	<BeadTracker.Bead object at 0x000002EBC31D7B50>	0.0	0	765	769	0	True	-275.0	M450		769
198.121	227.778	5	8951.691	<BeadTracker.Bead object at 0x000002EBC31D7250>	0.0	0	766	770	0	True	-272.0	M450		770
198.211	227.914	5	8914.877	<BeadTracker.Bead object at 0x000002EBC31D7C10>	0.0	0	767	771	0	True	-260.0	M450		771
198.21	227.95	5	8988.196	<BeadTracker.Bead object at 0x000002EBC8380AC0>	0.0	0	768	772	0	True	-258.0	M450		772
198.235	228.062	5	9001.472	<BeadTracker.Bead object at 0x000002EBC8380B80>	0.0	0	769	773	0	True	-253.0	M450		773
198.268	228.11	5	9032.69	<BeadTracker.Bead object at 0x000002EBC8380F70>	0.0	0	770	774	0	True	-249.0	M450		774
198.344	228.329	5	9059.228	<BeadTracker.Bead object at 0x000002EBC8380910>	0.0	0	771	775	0	True	-251.0	M450		775
198.375	228.385	5	9021.506	<BeadTracker.Bead object at 0x000002EBC83805B0>	0.0	0	772	776	0	True	-250.0	M450		776
198.385	228.396	5	9099.028	<BeadTracker.Bead object at 0x000002EBC8380A00>	0.0	0	773	777	0	True	-249.0	M450		777
198.42	228.547	5	9098.363	<BeadTracker.Bead object at 0x000002EBC8380760>	0.0	0	774	778	0	True	-275.0	M450		778
198.403	228.558	5	9057.526	<BeadTracker.Bead object at 0x000002EBC8380520>	0.0	0	775	779	0	True	-275.0	M450		779
198.4	228.608	5	9077.781	<BeadTracker.Bead object at 0x000002EBC31D93D0>	0.0	0	776	780	0	True	-273.0	M450		780
198.424	228.672	5	9089.519	<BeadTracker.Bead object at 0x000002EBC31D9190>	0.0	0	777	781	0	True	-272.0	M450		781
198.413	228.752	5	9031.889	<BeadTracker.Bead object at 0x000002EBC31D9670>	0.0	0	778	782	0	True	-265.0	M450		782
198.427	228.784	5	9055.668	<BeadTracker.Bead object at 0x000002EBC31D9820>	0.0	0	779	783	0	True	-261.0	M450		783
198.45	228.778	5	9092.549	<BeadTracker.Bead object at 0x000002EBC31D9430>	0.0	0	780	784	0	True	-246.0	M450		784
198.433	228.866	5	9030.633	<BeadTracker.Bead object at 0x000002EBC31D9D30>	0.0	0	781	785	0	True	-259.0	M450		785
198.465	228.908	5	9024.639	<BeadTracker.Bead object at 0x000002EBC31D9DC0>	0.0	0	782	786	0	True	-259.0	M450		786
198.461	228.913	5	9061.976	<BeadTracker.Bead object at 0x000002EBC31EA7C0>	0.0	0	783	787	0	True	-259.0	M450		787
198.473	228.908	5	9039.348	<BeadTracker.Bead object at 0x000002EBC31EA340>	0.0	0	784	788	0	True	-248.0	M450		788
198.422	228.934	5	9017.863	<BeadTracker.Bead object at 0x000002EBC31EA2E0>	0.0	0	785	789	0	True	-254.0	M450		789
198.454	228.924	5	9023.144	<BeadTracker.Bead object at 0x000002EBC31EA310>	0.0	0	786	790	0	True	-260.0	M450		790
198.458	229.022	5	8974.663	<BeadTracker.Bead object at 0x000002EBC31EAA60>	0.0	0	787	791	0	True	-257.0	M450		791
198.36	229.024	5	9002.651	<BeadTracker.Bead object at 0x000002EBC31EAC10>	0.0	0	788	792	0	True	-253.0	M450		792
198.361	228.993	5	9011.916	<BeadTracker.Bead object at 0x000002EBC31EA820>	0.0	0	789	793	0	True	-257.0	M450		793
198.342	229.041	5	8938.193	<BeadTracker.Bead object at 0x000002EBC31EAB80>	0.0	0	790	794	0	True	-258.0	M450		794
198.325	229.027	5	8967.498	<BeadTracker.Bead object at 0x000002EBBFAB6160>	0.0	0	791	795	0	True	-257.0	M450		795
198.345	229.097	5	8961.308	<BeadTracker.Bead object at 0x000002EBBFAB6370>	0.0	0	792	796	0	True	-258.0	M450		796
198.315	229.002	5	8926.413	<BeadTracker.Bead object at 0x000002EBBFAB67C0>	0.0	0	793	797	0	True	-260.0	M450		797
198.312	229.064	5	8893.584	<BeadTracker.Bead object at 0x000002EBBFAB6970>	0.0	0	794	798	0	True	-258.0	M450		798
198.335	228.906	5	8928.257	<BeadTracker.Bead object at 0x000002EBBFAB6580>	0.0	0	795	799	0	True	-261.0	M450		799
198.319	229.023	5	8860.921	<BeadTracker.Bead object at 0x000002EBBFAB6E80>	0.0	0	796	800	0	True	-259.0	M450		800
198.335	228.908	5	8813.312	<BeadTracker.Bead object at 0x000002EBBFAB6D90>	0.0	0	797	801	0	True	-274.0	M450		801
198.3	228.954	5	8823.469	<BeadTracker.Bead object at 0x000002EBBFADC280>	0.0	0	798	802	0	True	-273.0	M450		802
198.314	228.821	5	8749.781	<BeadTracker.Bead object at 0x000002EBBFADC490>	0.0	0	799	803	0	True	-275.0	M450		803
198.321	228.834	5	8724.383	<BeadTracker.Bead object at 0x000002EBBFADC430>	0.0	0	800	804	0	True	-276.0	M450		804
198.339	228.788	5	8675.353	<BeadTracker.Bead object at 0x000002EBBFADC460>	0.0	0	801	805	0	True	-277.0	M450		805
198.273	228.866	5	8642.44	<BeadTracker.Bead object at 0x000002EBBFADCBB0>	0.0	0	802	806	0	True	-278.0	M450		806
198.299	228.76	5	8644.995	<BeadTracker.Bead object at 0x000002EBBFADCD60>	0.0	0	803	807	0	True	-277.0	M450		807
198.282	228.815	5	8619.411	<BeadTracker.Bead object at 0x000002EBBFADC970>	0.0	0	804	808	0	True	-278.0	M450		808
198.239	228.852	5	8539.732	<BeadTracker.Bead object at 0x000002EBBFADCEB0>	0.0	0	805	809	0	True	-279.0	M450		809
198.226	228.801	5	8474.739	<BeadTracker.Bead object at 0x000002EBBFAC5970>	0.0	0	806	810	0	True	-301.0	M450		810
198.255	228.773	5	8502.836	<BeadTracker.Bead object at 0x000002EBBFAC5640>	0.0	0	807	811	0	True	-300.0	M450		811
198.247	228.787	5	8451.691	<BeadTracker.Bead object at 0x000002EBBFAC54C0>	0.0	0	808	812	0	True	-301.0	M450		812
198.194	228.768	5	8421.479	<BeadTracker.Bead object at 0x000002EBBFAC5F40>	0.0	0	809	813	0	True	-301.0	M450		813
198.27	228.814	5	8437.402	<BeadTracker.Bead object at 0x000002EBBFAC53D0>	0.0	0	810	814	0	True	-301.0	M450		814
198.228	228.736	5	8341.174	<BeadTracker.Bead object at 0x000002EBBFAC5EB0>	0.0	0	811	815	0	True	-301.0	M450		815
198.253	228.767	5	8331.705	<BeadTracker.Bead object at 0x000002EBBFAB43D0>	0.0	0	812	816	0	True	-301.0	M450		816
198.269	228.717	5	8288.426	<BeadTracker.Bead object at 0x000002EBBFAB4190>	0.0	0	813	817	0	True	-301.0	M450		817
198.182	228.679	5	8213.894	<BeadTracker.Bead object at 0x000002EBBFAB4670>	0.0	0	814	818	0	True	-320.0	M450		818
198.189	228.681	5	8215.026	<BeadTracker.Bead object at 0x000002EBBFAB4820>	0.0	0	815	819	0	True	-320.0	M450		819
198.184	228.765	5	8175.301	<BeadTracker.Bead object at 0x000002EBBFAB4430>	0.0	0	816	820	0	True	-320.0	M450		820
198.164	228.691	5	8125.842	<BeadTracker.Bead object at 0x000002EBBFAB4D30>	0.0	0	817	821	0	True	-320.0	M450		821
198.127	228.752	5	8147.888	<BeadTracker.Bead object at 0x000002EBBFAB4DC0>	0.0	0	818	822	0	True	-320.0	M450		822
198.1	228.604	5	8148.821	<BeadTracker.Bead object at 0x000002EBBFAB87C0>	0.0	0	819	823	0	True	-320.0	M450		823
198.083	228.696	5	8107.803	<BeadTracker.Bead object at 0x000002EBBFAB8340>	0.0	0	820	824	0	True	-321.0	M450		824
198.101	228.656	5	8101.276	<BeadTracker.Bead object at 0x000002EBBFAB82E0>	0.0	0	821	825	0	True	-321.0	M450		825
198.078	228.8	5	8124.709	<BeadTracker.Bead object at 0x000002EBBFAB8310>	0.0	0	822	826	0	True	-321.0	M450		826
198.065	228.757	5	8085.459	<BeadTracker.Bead object at 0x000002EBBFAB8A60>	0.0	0	823	827	0	True	-321.0	M450		827
198.072	228.694	5	8108.647	<BeadTracker.Bead object at 0x000002EBBFAB8C10>	0.0	0	824	828	0	True	-321.0	M450		828
198.085	228.692	5	8097.247	<BeadTracker.Bead object at 0x000002EBBFAB8820>	0.0	0	825	829	0	True	-321.0	M450		829
198.045	228.731	5	8034.345	<BeadTracker.Bead object at 0x000002EBBFAB8B80>	0.0	0	826	830	0	True	-359.0	M450		830
198.059	228.578	0	7951.633	<BeadTracker.Bead object at 0x000002EBDF78C370>	2.0	55	828	832	0	True	-394.0	M450		832
198.075	228.188	0	7894.101	<BeadTracker.Bead object at 0x000002EBDF78C580>	2.0	56	831	835	0	True	-417.0	M450		835
198.12	228.169	0	8135.102	<BeadTracker.Bead object at 0x000002EBDF7998B0>	2.0	57	834	838	0	True	-448.0	M450		838
198.173	228.394	0	8280.301	<BeadTracker.Bead object at 0x000002EBDF799640>	2.0	58	837	841	0	True	-409.0	M450		841
198.129	228.287	0	8418.491	<BeadTracker.Bead object at 0x000002EBDF799940>	2.0	59	840	844	0	True	-404.0	M450		844
198.105	227.764	0	8270.249	<BeadTracker.Bead object at 0x000002EBDF7803A0>	2.0	60	843	847	0	True	-443.0	M450		847
197.565	228.159	0	10155.413	<BeadTracker.Bead object at 0x000002EBDF780AC0>	1.0	61	845	850	0	True	-480.0	M450		850
197.557	228.293	0	10139.649	<BeadTracker.Bead object at 0x000002EBC45ABF70>	1.0	62	848	853	0	True	-467.0	M450		853
197.51	228.057	0	10109.437	<BeadTracker.Bead object at 0x000002EBC45ABFA0>	1.0	63	851	856	0	True	-472.0	M450		856
197.567	228.29	0	10152.098	<BeadTracker.Bead object at 0x000002EBC45AB9A0>	1.0	64	854	859	0	True	-475.0	M450		859
197.49	228.538	0	10146.101	<BeadTracker.Bead object at 0x000002EBDF78A190>	1.0	65	857	862	0	True	-479.0	M450		862
197.742	228.42	0	10092.217	<BeadTracker.Bead object at 0x000002EBDF78A430>	1.0	66	860	865	0	True	-497.0	M450		865
197.738	227.994	6	5410.271	<BeadTracker.Bead object at 0x000002EBDF79D7C0>	0.0	0	863	868	0	True	-536.0	M450		868
197.653	228.042	6	6834.759	<BeadTracker.Bead object at 0x000002EBDF79D340>	0.0	0	864	869	0	True	-496.0	M450		869
197.661	228.068	6	7235.322	<BeadTracker.Bead object at 0x000002EBDF79D2E0>	0.0	0	865	870	0	True	-456.0	M450		870
197.636	228.084	6	7365.312	<BeadTracker.Bead object at 0x000002EBDF79D310>	0.0	0	866	871	0	True	-416.0	M450		871
197.756	228.137	6	7368.233	<BeadTracker.Bead object at 0x000002EBDF79DA60>	0.0	0	867	872	0	True	-407.0	M450		872
197.729	228.178	6	7313.374	<BeadTracker.Bead object at 0x000002EBDF79DC10>	0.0	0	868	873	0	True	-408.0	M450		873
197.615	228.082	6	7302.533	<BeadTracker.Bead object at 0x000002EBDF79D820>	0.0	0	869	874	0	True	-408.0	M450		874
197.582	228.091	6	7135.091	<BeadTracker.Bead object at 0x000002EBDF79DB80>	0.0	0	870	875	0	True	-413.0	M450		875
197.628	228.054	6	7189.486	<BeadTracker.Bead object at 0x000002EBC7F00160>	0.0	0	871	876	0	True	-411.0	M450		876
197.659	228.173	6	7070.459	<BeadTracker.Bead object at 0x000002EBC7F00370>	0.0	0	872	877	0	True	-429.0	M450		877
197.643	228.245	6	7083.56	<BeadTracker.Bead object at 0x000002EBC7F007C0>	0.0	0	873	878	0	True	-429.0	M450		878
197.58	228.268	6	6947.973	<BeadTracker.Bead object at 0x000002EBC7F00970>	0.0	0	874	879	0	True	-430.0	M450		879
197.59	228.119	6	6974.529	<BeadTracker.Bead object at 0x000002EBC7F00580>	0.0	0	875	880	0	True	-430.0	M450		880
197.553	228.061	6	6948.753	<BeadTracker.Bead object at 0x000002EBC7F00E80>	0.0	0	876	881	0	True	-431.0	M450		881
197.551	227.994	6	6963.158	<BeadTracker.Bead object at 0x000002EBC7F00D90>	0.0	0	877	882	0	True	-432.0	M450		882
197.572	228.255	6	6965.354	<BeadTracker.Bead object at 0x000002EBB9ACC490>	0.0	0	878	883	0	True	-430.0	M450		883
197.536	228.231	6	7078.248	<BeadTracker.Bead object at 0x000002EBB9ACCA30>	0.0	0	879	884	0	True	-429.0	M450		884
197.544	228.301	6	7094.051	<BeadTracker.Bead object at 0x000002EBB9ACCE50>	0.0	0	880	885	0	True	-429.0	M450		885
197.495	228.088	6	7093.853	<BeadTracker.Bead object at 0x000002EBB9ACCC40>	0.0	0	881	886	0	True	-413.0	M450		886
197.561	228.322	6	7116.99	<BeadTracker.Bead object at 0x000002EBB9ACC640>	0.0	0	882	887	0	True	-429.0	M450		887
197.558	228.385	6	7105.146	<BeadTracker.Bead object at 0x000002EBB9ACCE20>	0.0	0	883	888	0	True	-429.0	M450		888
197.545	228.352	6	7066.311	<BeadTracker.Bead object at 0x000002EBB9ACC6D0>	0.0	0	884	889	0	True	-429.0	M450		889
197.616	228.273	6	7182.593	<BeadTracker.Bead object at 0x000002EBB9ACC6A0>	0.0	0	885	890	0	True	-410.0	M450		890
197.633	228.403	6	7180.505	<BeadTracker.Bead object at 0x000002EBB9ACCC10>	0.0	0	886	891	0	True	-413.0	M450		891
197.609	228.315	6	7286.556	<BeadTracker.Bead object at 0x000002EBC7EE70A0>	0.0	0	887	892	0	True	-409.0	M450		892
197.623	228.275	6	7330.307	<BeadTracker.Bead object at 0x000002EBC7EE7700>	0.0	0	888	893	0	True	-408.0	M450		893
197.605	228.403	6	7387.868	<BeadTracker.Bead object at 0x000002EBC7EE7610>	0.0	0	889	894	0	True	-408.0	M450		894
197.636	228.742	6	7290.61	<BeadTracker.Bead object at 0x000002EBC7EE7340>	0.0	0	890	895	0	True	-408.0	M450		895
197.68	228.564	6	7409.484	<BeadTracker.Bead object at 0x000002EBC7EE7E50>	0.0	0	891	896	0	True	-393.0	M450		896
197.691	228.602	6	7479.695	<BeadTracker.Bead object at 0x000002EBC7EE7CD0>	0.0	0	892	897	0	True	-392.0	M450		897
197.683	228.344	6	7486.942	<BeadTracker.Bead object at 0x000002EBC7EEE1C0>	0.0	0	893	898	0	True	-406.0	M450		898
197.701	228.703	6	7512.686	<BeadTracker.Bead object at 0x000002EBC7EEE1F0>	0.0	0	894	899	0	True	-390.0	M450		899
197.706	228.71	6	7600.7	<BeadTracker.Bead object at 0x000002EBC7EEE670>	0.0	0	895	900	0	True	-388.0	M450		900
197.762	228.531	6	7716.076	<BeadTracker.Bead object at 0x000002EBC7EEE0D0>	0.0	0	896	901	0	True	-362.0	M450		901
197.727	228.377	6	7711.515	<BeadTracker.Bead object at 0x000002EBC7EEE6A0>	0.0	0	897	902	0	True	-373.0	M450		902
197.694	228.543	6	7655.566	<BeadTracker.Bead object at 0x000002EBC7EEEB80>	0.0	0	898	903	0	True	-364.0	M450		903
197.8	228.711	6	7706.349	<BeadTracker.Bead object at 0x000002EBC7EEE3D0>	0.0	0	899	904	0	True	-363.0	M450		904
197.79	228.715	6	7729.463	<BeadTracker.Bead object at 0x000002EBC7EE53D0>	0.0	0	900	905	0	True	-363.0	M450		905
197.752	228.72	6	7821.875	<BeadTracker.Bead object at 0x000002EBC7EE5340>	0.0	0	901	906	0	True	-361.0	M450		906
197.739	228.815	6	7726.415	<BeadTracker.Bead object at 0x000002EBC7EE5100>	0.0	0	902	907	0	True	-364.0	M450		907
197.729	228.891	6	7822.213	<BeadTracker.Bead object at 0x000002EBC7EE5910>	0.0	0	903	908	0	True	-362.0	M450		908
197.659	228.989	6	7798.174	<BeadTracker.Bead object at 0x000002EBC7EE5790>	0.0	0	904	909	0	True	-368.0	M450		909
197.723	228.956	6	7940.664	<BeadTracker.Bead object at 0x000002EBC7EE5A30>	0.0	0	905	910	0	True	-351.0	M450		910
197.682	229.01	6	7976.522	<BeadTracker.Bead object at 0x000002EBC7EE5EB0>	0.0	0	906	911	0	True	-350.0	M450		911
197.74	228.996	6	8116.269	<BeadTracker.Bead object at 0x000002EBC7EE5AC0>	0.0	0	907	912	0	True	-346.0	M450		912
197.761	229.073	6	8191.777	<BeadTracker.Bead object at 0x000002EBD32090A0>	0.0	0	908	913	0	True	-346.0	M450		913
197.768	228.927	6	8293.406	<BeadTracker.Bead object at 0x000002EBD3209AF0>	0.0	0	909	914	0	True	-317.0	M450		914
197.763	228.847	6	8316.717	<BeadTracker.Bead object at 0x000002EBD32092B0>	0.0	0	910	915	0	True	-319.0	M450		915
197.824	228.984	6	8347.841	<BeadTracker.Bead object at 0x000002EBD3209EB0>	0.0	0	911	916	0	True	-316.0	M450		916
197.838	229.207	6	8319.892	<BeadTracker.Bead object at 0x000002EBD32099A0>	0.0	0	912	917	0	True	-331.0	M450		917
197.811	229.183	6	8415.36	<BeadTracker.Bead object at 0x000002EBD3209580>	0.0	0	913	918	0	True	-312.0	M450		918
197.841	229.126	6	8442.854	<BeadTracker.Bead object at 0x000002EBC1CB8340>	0.0	0	914	919	0	True	-312.0	M450		919
197.822	229.14	6	8465.649	<BeadTracker.Bead object at 0x000002EBC1CB8040>	0.0	0	915	920	0	True	-311.0	M450		920
197.832	229.245	6	8426.854	<BeadTracker.Bead object at 0x000002EBC1CB8940>	0.0	0	916	921	0	True	-312.0	M450		921
197.815	229.083	6	8511.239	<BeadTracker.Bead object at 0x000002EBC1CB8460>	0.0	0	917	922	0	True	-310.0	M450		922
197.857	228.97	6	8548.564	<BeadTracker.Bead object at 0x000002EBC1CB8A00>	0.0	0	918	923	0	True	-308.0	M450		923
197.876	228.979	6	8573.292	<BeadTracker.Bead object at 0x000002EBC1CB83D0>	0.0	0	919	924	0	True	-297.0	M450		924
197.899	229.067	6	8578.685	<BeadTracker.Bead object at 0x000002EBC1CA3E80>	0.0	0	920	925	0	True	-308.0	M450		925
197.868	229.016	6	8639.692	<BeadTracker.Bead object at 0x000002EBC1CA3FA0>	0.0	0	921	926	0	True	-286.0	M450		926
197.838	228.936	6	8561.328	<BeadTracker.Bead object at 0x000002EBC1CA37C0>	0.0	0	922	927	0	True	-300.0	M450		927
197.792	228.95	6	8525.412	<BeadTracker.Bead object at 0x000002EBC1CA3BB0>	0.0	0	923	928	0	True	-302.0	M450		928
197.849	229.011	6	8374.62	<BeadTracker.Bead object at 0x000002EBC1CA3A00>	0.0	0	924	929	0	True	-316.0	M450		929
197.937	228.81	6	8497.597	<BeadTracker.Bead object at 0x000002EBC1CA32B0>	0.0	0	925	930	0	True	-301.0	M450		930
197.999	228.639	6	8527.273	<BeadTracker.Bead object at 0x000002EBC1CA3280>	0.0	0	926	931	0	True	-301.0	M450		931
198.063	228.533	6	8702.971	<BeadTracker.Bead object at 0x000002EBD001A640>	0.0	0	927	932	0	True	-301.0	M450		932
198.032	228.462	6	8802.531	<BeadTracker.Bead object at 0x000002EBD001A370>	0.0	0	928	933	0	True	-288.0	M450		933
198.071	228.497	6	8960.748	<BeadTracker.Bead object at 0x000002EBD001A040>	0.0	0	929	934	0	True	-256.0	M450		934
198.176	228.78	6	9006.732	<BeadTracker.Bead object at 0x000002EBD001A340>	0.0	0	930	935	0	True	-273.0	M450		935
198.271	228.895	6	9038.894	<BeadTracker.Bead object at 0x000002EBD001A940>	0.0	0	931	936	0	True	-260.0	M450		936
198.266	229.051	6	9056.024	<BeadTracker.Bead object at 0x000002EBD001AEE0>	0.0	0	932	937	0	True	-255.0	M450		937
198.318	229.124	6	9205.988	<BeadTracker.Bead object at 0x000002EBD001A550>	0.0	0	933	938	0	True	-242.0	M450		938
198.31	229.364	6	9195.224	<BeadTracker.Bead object at 0x000002EBD001A970>	0.0	0	934	939	0	True	-247.0	M450		939
198.356	229.374	6	9184.433	<BeadTracker.Bead object at 0x000002EBD321B130>	0.0	0	935	940	0	True	-247.0	M450		940
198.353	229.623	6	9200.587	<BeadTracker.Bead object at 0x000002EBD321B2B0>	0.0	0	936	941	0	True	-273.0	M450		941
198.351	229.781	6	9143.785	<BeadTracker.Bead object at 0x000002EBD321B610>	0.0	0	937	942	0	True	-263.0	M450		942
198.348	229.952	6	9100.214	<BeadTracker.Bead object at 0x000002EBD321B760>	0.0	0	938	943	0	True	-261.0	M450		943
198.454	229.76	6	9177.829	<BeadTracker.Bead object at 0x000002EBD321B400>	0.0	0	939	944	0	True	-263.0	M450		944
198.498	229.932	6	9121.507	<BeadTracker.Bead object at 0x000002EBD321BBE0>	0.0	0	940	945	0	True	-261.0	M450		945
198.566	229.991	6	9178.57	<BeadTracker.Bead object at 0x000002EBD321BAC0>	0.0	0	941	946	0	True	-255.0	M450		946
198.548	229.869	6	9207.654	<BeadTracker.Bead object at 0x000002EBD321BFA0>	0.0	0	942	947	0	True	-256.0	M450		947
198.618	229.81	6	9364.297	<BeadTracker.Bead object at 0x000002EBD0015BB0>	0.0	0	943	948	0	True	-233.0	M450		948
198.553	230.053	6	9358.365	<BeadTracker.Bead object at 0x000002EBD0015F70>	0.0	0	944	949	0	True	-243.0	M450		949
198.487	230.201	6	9379.709	<BeadTracker.Bead object at 0x000002EBD0015670>	0.0	0	945	950	0	True	-240.0	M450		950
198.434	230.277	6	9363.303	<BeadTracker.Bead object at 0x000002EBD0015A60>	0.0	0	946	951	0	True	-242.0	M450		951
198.404	230.274	6	9366.926	<BeadTracker.Bead object at 0x000002EBD00158B0>	0.0	0	947	952	0	True	-242.0	M450		952
198.357	230.357	6	9291.083	<BeadTracker.Bead object at 0x000002EBD00152B0>	0.0	0	948	953	0	True	-247.0	M450		953
198.413	230.442	6	9260.154	<BeadTracker.Bead object at 0x000002EBD0015580>	0.0	0	949	954	0	True	-250.0	M450		954
198.41	230.444	6	9192.189	<BeadTracker.Bead object at 0x000002EBD0014FD0>	0.0	0	950	955	0	True	-251.0	M450		955
198.479	230.469	6	9190.454	<BeadTracker.Bead object at 0x000002EBD0014910>	0.0	0	951	956	0	True	-251.0	M450		956
198.456	230.45	6	9153.899	<BeadTracker.Bead object at 0x000002EBD0014D00>	0.0	0	952	957	0	True	-253.0	M450		957
198.517	230.376	6	9277.254	<BeadTracker.Bead object at 0x000002EBD0014B50>	0.0	0	953	958	0	True	-251.0	M450		958
198.559	230.276	6	9211.114	<BeadTracker.Bead object at 0x000002EBD0014400>	0.0	0	954	959	0	True	-253.0	M450		959
198.522	230.171	6	9309.835	<BeadTracker.Bead object at 0x000002EBD00143D0>	0.0	0	955	960	0	True	-246.0	M450		960
198.432	230.414	6	9231.472	<BeadTracker.Bead object at 0x000002EBD0014430>	0.0	0	956	961	0	True	-249.0	M450		961
198.45	230.586	6	9288.898	<BeadTracker.Bead object at 0x000002EBD0014F40>	0.0	0	957	962	0	True	-234.0	M450		962
198.514	230.713	6	9285.081	<BeadTracker.Bead object at 0x000002EBD001BF10>	0.0	0	958	963	0	True	-233.0	M450		963
198.543	230.606	6	9285.515	<BeadTracker.Bead object at 0x000002EBD001BE20>	0.0	0	959	964	0	True	-233.0	M450		964
198.499	230.4	6	9258.868	<BeadTracker.Bead object at 0x000002EBD001B520>	0.0	0	960	965	0	True	-247.0	M450		965
198.534	230.398	6	9204.382	<BeadTracker.Bead object at 0x000002EBD001B910>	0.0	0	961	966	0	True	-254.0	M450		966
198.633	230.28	6	9258.418	<BeadTracker.Bead object at 0x000002EBD001B760>	0.0	0	962	967	0	True	-251.0	M450		967
198.642	230.442	6	9291.676	<BeadTracker.Bead object at 0x000002EBD001B310>	0.0	0	963	968	0	True	-252.0	M450		968
198.68	230.403	6	9280.601	<BeadTracker.Bead object at 0x000002EBD002EE80>	0.0	0	964	969	0	True	-252.0	M450		969
198.574	230.364	6	9295.153	<BeadTracker.Bead object at 0x000002EBD002EFA0>	0.0	0	965	970	0	True	-252.0	M450		970
198.595	230.146	6	9354.295	<BeadTracker.Bead object at 0x000002EBD002E7C0>	0.0	0	966	971	0	True	-245.0	M450		971
198.548	229.997	6	9388.819	<BeadTracker.Bead object at 0x000002EBD002EBB0>	0.0	0	967	972	0	True	-234.0	M450		972
198.46	230.109	6	9365.991	<BeadTracker.Bead object at 0x000002EBD002EA00>	0.0	0	968	973	0	True	-237.0	M450		973
198.428	230.463	6	9287.251	<BeadTracker.Bead object at 0x000002EBD002E2B0>	0.0	0	969	974	0	True	-248.0	M450		974
198.443	230.601	6	9265.101	<BeadTracker.Bead object at 0x000002EBD002E280>	0.0	0	970	975	0	True	-273.0	M450		975
198.406	230.568	6	9258.343	<BeadTracker.Bead object at 0x000002EBCFFFEAC0>	0.0	0	971	976	0	True	-273.0	M450		976
198.395	230.242	6	9128.033	<BeadTracker.Bead object at 0x000002EBCFFFEC70>	0.0	0	972	977	0	True	-253.0	M450		977
198.431	230.125	6	9129.801	<BeadTracker.Bead object at 0x000002EBCFFFEEE0>	0.0	0	973	978	0	True	-250.0	M450		978
198.451	230.424	6	8919.336	<BeadTracker.Bead object at 0x000002EBCFFFECD0>	0.0	0	974	979	0	True	-287.0	M450		979
198.447	230.379	6	8961.56	<BeadTracker.Bead object at 0x000002EBCFFFE3D0>	0.0	0	975	980	0	True	-287.0	M450		980
198.496	230.309	6	9008.5	<BeadTracker.Bead object at 0x000002EBCFFFE7C0>	0.0	0	976	981	0	True	-258.0	M450		981
198.515	230.056	6	9049.806	<BeadTracker.Bead object at 0x000002EBCFFFE610>	0.0	0	977	982	0	True	-261.0	M450		982
198.43	230.011	6	9044.225	<BeadTracker.Bead object at 0x000002EBCFFFE220>	0.0	0	978	983	0	True	-264.0	M450		983
198.312	229.907	6	9048.818	<BeadTracker.Bead object at 0x000002EBD8C6CF70>	0.0	0	979	984	0	True	-273.0	M450		984
198.277	229.985	6	8990.684	<BeadTracker.Bead object at 0x000002EBD8C6CFD0>	0.0	0	980	985	0	True	-274.0	M450		985
198.193	230.16	6	8969.642	<BeadTracker.Bead object at 0x000002EBD8C6C790>	0.0	0	981	986	0	True	-263.0	M450		986
198.15	230.133	6	8952.509	<BeadTracker.Bead object at 0x000002EBD8C6CD90>	0.0	0	982	987	0	True	-266.0	M450		987
198.158	230.069	6	9003.159	<BeadTracker.Bead object at 0x000002EBD8C6C340>	0.0	0	983	988	0	True	-262.0	M450		988
198.155	229.951	6	8922.198	<BeadTracker.Bead object at 0x000002EBD8C6C0D0>	0.0	0	984	989	0	True	-276.0	M450		989
198.116	229.861	6	8816.864	<BeadTracker.Bead object at 0x000002EBD8C6C5B0>	0.0	0	985	990	0	True	-279.0	M450		990
198.183	229.726	6	8877.932	<BeadTracker.Bead object at 0x000002EBD323D0D0>	0.0	0	986	991	0	True	-277.0	M450		991
198.179	229.673	6	8840.266	<BeadTracker.Bead object at 0x000002EBD323D190>	0.0	0	987	992	0	True	-278.0	M450		992
198.202	229.755	6	8747.717	<BeadTracker.Bead object at 0x000002EBD323D6A0>	0.0	0	988	993	0	True	-300.0	M450		993
198.145	229.81	6	8811.557	<BeadTracker.Bead object at 0x000002EBD323D370>	0.0	0	989	994	0	True	-278.0	M450		994
198.112	229.882	6	8740.586	<BeadTracker.Bead object at 0x000002EBD323D250>	0.0	0	990	995	0	True	-279.0	M450		995
198.106	229.667	6	8765.998	<BeadTracker.Bead object at 0x000002EBD323DF40>	0.0	0	991	996	0	True	-278.0	M450		996
198.04	229.589	6	8677.57	<BeadTracker.Bead object at 0x000002EBD323DBE0>	0.0	0	992	997	0	True	-301.0	M450		997
198.117	229.519	6	8760.612	<BeadTracker.Bead object at 0x000002EBD323DFA0>	0.0	0	993	998	0	True	-301.0	M450		998
198.155	229.614	6	8674.235	<BeadTracker.Bead object at 0x000002EBD8C95FD0>	0.0	0	994	999	0	True	-300.0	M450		999
198.065	229.425	6	8743.63	<BeadTracker.Bead object at 0x000002EBD8C95910>	0.0	0	995	1000	0	True	-289.0	M450		1000
197.758	229.246	0	8787.434	<BeadTracker.Bead object at 0x000002EBD8C95B50>	2.0	67	997	1002	0	True	-322.0	M450		1002
197.49	228.947	0	8707.28	<BeadTracker.Bead object at 0x000002EBD8C95430>	2.0	68	1000	1005	0	True	-356.0	M450		1005
197.335	228.64	0	8535.508	<BeadTracker.Bead object at 0x000002EBD8C9FE20>	2.0	69	1003	1008	0	True	-394.0	M450		1008
197.265	228.967	0	8515.06	<BeadTracker.Bead object at 0x000002EBD8C9F760>	2.0	70	1006	1011	0	True	-408.0	M450		1011
197.127	229.152	0	8562.754	<BeadTracker.Bead object at 0x000002EBD8C82FA0>	2.0	71	1009	1014	0	True	-406.0	M450		1014
196.962	229.145	0	8526.728	<BeadTracker.Bead object at 0x000002EBD8C82A00>	2.0	72	1012	1017	0	True	-402.0	M450		1017
196.856	228.417	0	8736.543	<BeadTracker.Bead object at 0x000002EBD3223070>	2.0	73	1015	1021	0	True	-407.0	M450		1021
196.882	228.392	0	8601.353	<BeadTracker.Bead object at 0x000002EBD32234C0>	2.0	74	1018	1024	0	True	-401.0	M450		1024
196.542	228.85	0	8278.679	<BeadTracker.Bead object at 0x000002EBD3223BB0>	2.0	75	1021	1027	0	True	-413.0	M450		1027
196.317	228.652	0	8264.526	<BeadTracker.Bead object at 0x000002EBD8C77910>	2.0	76	1024	1030	0	True	-446.0	M450		1030
196.342	228.912	0	8190.013	<BeadTracker.Bead object at 0x000002EBD8C77490>	2.0	77	1027	1033	0	True	-449.0	M450		1033
196.203	228.977	0	8118.851	<BeadTracker.Bead object at 0x000002EBD8C77130>	2.0	78	1030	1036	0	True	-452.0	M450		1036
196.143	229.099	7	5880.739	<BeadTracker.Bead object at 0x000002EBD8C8BFA0>	0.0	0	1032	1038	0	True	-491.0	M450		1038
196.172	229.029	7	7366.463	<BeadTracker.Bead object at 0x000002EBD8C8B730>	0.0	0	1033	1039	0	True	-451.0	M450		1039
196.14	228.983	7	7792.419	<BeadTracker.Bead object at 0x000002EBD8C8BAC0>	0.0	0	1034	1040	0	True	-411.0	M450		1040
196.188	228.99	7	7821.188	<BeadTracker.Bead object at 0x000002EBD8C8B8E0>	0.0	0	1035	1041	0	True	-391.0	M450		1041
196.119	228.872	7	7899.603	<BeadTracker.Bead object at 0x000002EBD8C8B310>	0.0	0	1036	1042	0	True	-389.0	M450		1042
196.149	228.817	7	7903.859	<BeadTracker.Bead object at 0x000002EBD8C8B400>	0.0	0	1037	1043	0	True	-389.0	M450		1043
196.162	228.852	7	7873.75	<BeadTracker.Bead object at 0x000002EBD8C8B610>	0.0	0	1038	1044	0	True	-389.0	M450		1044
196.133	228.799	7	7868.325	<BeadTracker.Bead object at 0x000002EBD8C849D0>	0.0	0	1039	1045	0	True	-390.0	M450		1045
196.12	228.912	7	7844.036	<BeadTracker.Bead object at 0x000002EBD8C84D60>	0.0	0	1040	1046	0	True	-390.0	M450		1046
196.112	228.843	7	7862.609	<BeadTracker.Bead object at 0x000002EBD8C84B80>	0.0	0	1041	1047	0	True	-390.0	M450		1047
196.066	228.868	7	7842.092	<BeadTracker.Bead object at 0x000002EBD8C84280>	0.0	0	1042	1048	0	True	-390.0	M450		1048
196.043	228.797	7	7828.589	<BeadTracker.Bead object at 0x000002EBD8C84670>	0.0	0	1043	1049	0	True	-390.0	M450		1049
196.07	228.875	7	7859.992	<BeadTracker.Bead object at 0x000002EBD8C844C0>	0.0	0	1044	1050	0	True	-389.0	M450		1050
196.041	228.735	7	7892.716	<BeadTracker.Bead object at 0x000002EBD32045E0>	0.0	0	1045	1051	0	True	-388.0	M450		1051
196.087	228.828	7	7887.338	<BeadTracker.Bead object at 0x000002EBD3204280>	0.0	0	1046	1052	0	True	-389.0	M450		1052
196.02	228.783	7	7843.849	<BeadTracker.Bead object at 0x000002EBD3204490>	0.0	0	1047	1053	0	True	-389.0	M450		1053
196.03	228.777	7	7884.703	<BeadTracker.Bead object at 0x000002EBD3204A30>	0.0	0	1048	1054	0	True	-389.0	M450		1054
196.075	228.833	7	7880.375	<BeadTracker.Bead object at 0x000002EBD3204A90>	0.0	0	1049	1055	0	True	-389.0	M450		1055
196.006	228.772	7	7935.937	<BeadTracker.Bead object at 0x000002EBD3204FD0>	0.0	0	1050	1056	0	True	-387.0	M450		1056
196.035	228.913	7	7893.95	<BeadTracker.Bead object at 0x000002EBD3204E20>	0.0	0	1051	1057	0	True	-388.0	M450		1057
196.064	228.936	7	7982.838	<BeadTracker.Bead object at 0x000002EBD32044F0>	0.0	0	1052	1058	0	True	-386.0	M450		1058
196.052	228.972	7	7952.808	<BeadTracker.Bead object at 0x000002EBC29D7BE0>	0.0	0	1053	1059	0	True	-386.0	M450		1059
195.983	229.039	7	7998.228	<BeadTracker.Bead object at 0x000002EBC29D7BB0>	0.0	0	1054	1060	0	True	-376.0	M450		1060
196.046	229.072	7	8047.781	<BeadTracker.Bead object at 0x000002EBC29D7CD0>	0.0	0	1055	1061	0	True	-369.0	M450		1061
196.042	229.139	7	8044.263	<BeadTracker.Bead object at 0x000002EBC29D73D0>	0.0	0	1056	1062	0	True	-372.0	M450		1062
196.032	229.175	7	8028.733	<BeadTracker.Bead object at 0x000002EBC29D7820>	0.0	0	1057	1063	0	True	-374.0	M450		1063
196.093	229.156	7	8077.306	<BeadTracker.Bead object at 0x000002EBC29D7A30>	0.0	0	1058	1064	0	True	-371.0	M450		1064
196.095	229.161	7	8119.254	<BeadTracker.Bead object at 0x000002EBC29D7160>	0.0	0	1059	1065	0	True	-370.0	M450		1065
196.121	229.214	7	8127.673	<BeadTracker.Bead object at 0x000002EBC29D7040>	0.0	0	1060	1066	0	True	-371.0	M450		1066
196.155	229.233	7	8195.783	<BeadTracker.Bead object at 0x000002EBC29E8910>	0.0	0	1061	1067	0	True	-352.0	M450		1067
196.139	229.333	7	8226.707	<BeadTracker.Bead object at 0x000002EBC29E89A0>	0.0	0	1062	1068	0	True	-350.0	M450		1068
196.175	229.281	7	8247.546	<BeadTracker.Bead object at 0x000002EBC29E87F0>	0.0	0	1063	1069	0	True	-350.0	M450		1069
196.193	229.317	7	8335.678	<BeadTracker.Bead object at 0x000002EBC29E8E50>	0.0	0	1064	1070	0	True	-349.0	M450		1070
196.241	229.37	7	8324.288	<BeadTracker.Bead object at 0x000002EBC29E8460>	0.0	0	1065	1071	0	True	-350.0	M450		1071
196.229	229.4	7	8362.701	<BeadTracker.Bead object at 0x000002EBC29E86A0>	0.0	0	1066	1072	0	True	-349.0	M450		1072
196.199	229.4	7	8381.136	<BeadTracker.Bead object at 0x000002EBC29E8400>	0.0	0	1067	1073	0	True	-349.0	M450		1073
196.23	229.467	7	8472.549	<BeadTracker.Bead object at 0x000002EBC2A0BA90>	0.0	0	1068	1074	0	True	-348.0	M450		1074
196.278	229.483	7	8449.33	<BeadTracker.Bead object at 0x000002EBC2A0BD30>	0.0	0	1069	1075	0	True	-349.0	M450		1075
196.282	229.592	7	8551.499	<BeadTracker.Bead object at 0x000002EBC2A0BFD0>	0.0	0	1070	1076	0	True	-360.0	M450		1076
196.273	229.585	7	8527.03	<BeadTracker.Bead object at 0x000002EBC2A0B280>	0.0	0	1071	1077	0	True	-360.0	M450		1077
196.249	229.665	7	8619.515	<BeadTracker.Bead object at 0x000002EBC2A0B6D0>	0.0	0	1072	1078	0	True	-321.0	M450		1078
196.224	229.758	7	8573.65	<BeadTracker.Bead object at 0x000002EBC2A0B8E0>	0.0	0	1073	1079	0	True	-321.0	M450		1079
196.255	229.711	7	8659.253	<BeadTracker.Bead object at 0x000002EBC2A0B1C0>	0.0	0	1074	1080	0	True	-321.0	M450		1080
196.246	229.85	7	8641.718	<BeadTracker.Bead object at 0x000002EBC2A0B370>	0.0	0	1075	1081	0	True	-321.0	M450		1081
196.212	229.852	7	8633.262	<BeadTracker.Bead object at 0x000002EBC2A08E50>	0.0	0	1076	1082	0	True	-321.0	M450		1082
196.178	229.847	7	8712.192	<BeadTracker.Bead object at 0x000002EBC2A08520>	0.0	0	1077	1083	0	True	-320.0	M450		1083
196.223	229.827	7	8706.193	<BeadTracker.Bead object at 0x000002EBC2A08970>	0.0	0	1078	1084	0	True	-320.0	M450		1084
196.304	229.85	7	8789.698	<BeadTracker.Bead object at 0x000002EBC2A08B80>	0.0	0	1079	1085	0	True	-320.0	M450		1085
196.319	229.922	7	8757.171	<BeadTracker.Bead object at 0x000002EBC2A080D0>	0.0	0	1080	1086	0	True	-320.0	M450		1086
196.333	229.881	7	8833.926	<BeadTracker.Bead object at 0x000002EBC2A08100>	0.0	0	1081	1087	0	True	-320.0	M450		1087
196.331	229.893	7	8859.659	<BeadTracker.Bead object at 0x000002EBC29F9A30>	0.0	0	1082	1088	0	True	-320.0	M450		1088
196.347	229.853	7	8864.386	<BeadTracker.Bead object at 0x000002EBC29F9760>	0.0	0	1083	1089	0	True	-319.0	M450		1089
196.342	229.924	7	8902.349	<BeadTracker.Bead object at 0x000002EBC29F9EE0>	0.0	0	1084	1090	0	True	-319.0	M450		1090
196.341	229.849	7	8898.321	<BeadTracker.Bead object at 0x000002EBC29F9DC0>	0.0	0	1085	1091	0	True	-319.0	M450		1091
196.32	229.849	7	8908.948	<BeadTracker.Bead object at 0x000002EBC29F93D0>	0.0	0	1086	1092	0	True	-319.0	M450		1092
196.313	229.846	7	8916.391	<BeadTracker.Bead object at 0x000002EBC29F9D00>	0.0	0	1087	1093	0	True	-319.0	M450		1093
196.397	229.894	7	8980.175	<BeadTracker.Bead object at 0x000002EBC29F9670>	0.0	0	1088	1094	0	True	-301.0	M450		1094
196.384	229.772	7	8989.363	<BeadTracker.Bead object at 0x000002EBC29D5BE0>	0.0	0	1089	1095	0	True	-301.0	M450		1095
196.385	229.759	7	9001.629	<BeadTracker.Bead object at 0x000002EBC29D5BB0>	0.0	0	1090	1096	0	True	-301.0	M450		1096
196.369	229.732	7	8958.008	<BeadTracker.Bead object at 0x000002EBC29D5CD0>	0.0	0	1091	1097	0	True	-301.0	M450		1097
196.408	229.591	7	9067.49	<BeadTracker.Bead object at 0x000002EBC29D53D0>	0.0	0	1092	1098	0	True	-301.0	M450		1098
196.387	229.597	7	9058.658	<BeadTracker.Bead object at 0x000002EBC29D5820>	0.0	0	1093	1099	0	True	-301.0	M450		1099
196.43	229.57	7	9024.034	<BeadTracker.Bead object at 0x000002EBC29D5A30>	0.0	0	1094	1100	0	True	-301.0	M450		1100
196.414	229.348	7	9059.25	<BeadTracker.Bead object at 0x000002EBC29D5160>	0.0	0	1095	1101	0	True	-289.0	M450		1101
196.364	229.309	7	9092.969	<BeadTracker.Bead object at 0x000002EBC29D5040>	0.0	0	1096	1102	0	True	-288.0	M450		1102
196.439	229.137	7	9102.433	<BeadTracker.Bead object at 0x000002EBDF406310>	0.0	0	1097	1103	0	True	-300.0	M450		1103
196.413	229.257	7	9035.654	<BeadTracker.Bead object at 0x000002EBDF4060A0>	0.0	0	1098	1104	0	True	-292.0	M450		1104
196.465	229.39	7	9073.832	<BeadTracker.Bead object at 0x000002EBDF406B80>	0.0	0	1099	1105	0	True	-289.0	M450		1105
196.469	229.57	7	9136.944	<BeadTracker.Bead object at 0x000002EBDF406640>	0.0	0	1100	1106	0	True	-301.0	M450		1106
196.539	229.66	7	9126.213	<BeadTracker.Bead object at 0x000002EBDF4069A0>	0.0	0	1101	1107	0	True	-301.0	M450		1107
196.611	229.883	7	9143.467	<BeadTracker.Bead object at 0x000002EBDF406D00>	0.0	0	1102	1108	0	True	-300.0	M450		1108
196.641	229.915	7	9189.383	<BeadTracker.Bead object at 0x000002EBDF406BB0>	0.0	0	1103	1109	0	True	-300.0	M450		1109
196.701	229.999	7	9205.644	<BeadTracker.Bead object at 0x000002EBC29DCE80>	0.0	0	1104	1110	0	True	-277.0	M450		1110
196.689	230.126	7	9254.959	<BeadTracker.Bead object at 0x000002EBC29DCE50>	0.0	0	1105	1111	0	True	-274.0	M450		1111
196.68	230.161	7	9239.134	<BeadTracker.Bead object at 0x000002EBC29DC9D0>	0.0	0	1106	1112	0	True	-278.0	M450		1112
196.78	230.239	7	9279.767	<BeadTracker.Bead object at 0x000002EBC29DCC40>	0.0	0	1107	1113	0	True	-268.0	M450		1113
196.737	230.457	7	9234.932	<BeadTracker.Bead object at 0x000002EBC29DCA60>	0.0	0	1108	1114	0	True	-288.0	M450		1114
196.722	230.324	7	9321.17	<BeadTracker.Bead object at 0x000002EBC29DC1F0>	0.0	0	1109	1115	0	True	-260.0	M450		1115
196.728	230.436	7	9266.326	<BeadTracker.Bead object at 0x000002EBC29DC580>	0.0	0	1110	1116	0	True	-287.0	M450		1116
196.699	230.491	7	9297.197	<BeadTracker.Bead object at 0x000002EBC29DC3A0>	0.0	0	1111	1117	0	True	-287.0	M450		1117
196.725	230.69	7	9283.169	<BeadTracker.Bead object at 0x000002EBC29D8A30>	0.0	0	1112	1118	0	True	-277.0	M450		1118
196.734	230.625	7	9272.112	<BeadTracker.Bead object at 0x000002EBC29D8E20>	0.0	0	1113	1119	0	True	-277.0	M450		1119
196.744	230.792	7	9227.044	<BeadTracker.Bead object at 0x000002EBC29D8F70>	0.0	0	1114	1120	0	True	-277.0	M450		1120
196.751	230.74	7	9285.433	<BeadTracker.Bead object at 0x000002EBC29D85E0>	0.0	0	1115	1121	0	True	-277.0	M450		1121
196.749	230.719	7	9297.839	<BeadTracker.Bead object at 0x000002EBC29D8850>	0.0	0	1116	1122	0	True	-276.0	M450		1122
196.75	230.709	7	9312.152	<BeadTracker.Bead object at 0x000002EBC29D8670>	0.0	0	1117	1123	0	True	-276.0	M450		1123
196.723	230.814	7	9310.296	<BeadTracker.Bead object at 0x000002EBC29D8190>	0.0	0	1118	1124	0	True	-276.0	M450		1124
196.771	230.912	7	9262.017	<BeadTracker.Bead object at 0x000002EBC21E0D30>	0.0	0	1119	1125	0	True	-276.0	M450		1125
196.763	230.811	7	9311.591	<BeadTracker.Bead object at 0x000002EBC21E0E20>	0.0	0	1120	1126	0	True	-276.0	M450		1126
196.759	230.795	7	9330.577	<BeadTracker.Bead object at 0x000002EBC21E0880>	0.0	0	1121	1127	0	True	-276.0	M450		1127
196.803	230.865	7	9320.228	<BeadTracker.Bead object at 0x000002EBC21E0AF0>	0.0	0	1122	1128	0	True	-275.0	M450		1128
196.759	230.925	7	9282.973	<BeadTracker.Bead object at 0x000002EBC21E0910>	0.0	0	1123	1129	0	True	-275.0	M450		1129
196.741	230.882	7	9320.906	<BeadTracker.Bead object at 0x000002EBC21E0340>	0.0	0	1124	1130	0	True	-274.0	M450		1130
196.722	230.846	7	9274.53	<BeadTracker.Bead object at 0x000002EBC21E04C0>	0.0	0	1125	1131	0	True	-274.0	M450		1131
196.737	230.921	7	9239.616	<BeadTracker.Bead object at 0x000002EBC21E0CA0>	0.0	0	1126	1132	0	True	-276.0	M450		1132
196.771	230.828	7	9287.318	<BeadTracker.Bead object at 0x000002EBDF3F6400>	0.0	0	1127	1133	0	True	-276.0	M450		1133
196.813	230.95	7	9246.628	<BeadTracker.Bead object at 0x000002EBDF3F61C0>	0.0	0	1128	1134	0	True	-275.0	M450		1134
196.776	230.947	7	9229.01	<BeadTracker.Bead object at 0x000002EBDF3F67F0>	0.0	0	1129	1135	0	True	-276.0	M450		1135
196.737	230.927	7	9212.474	<BeadTracker.Bead object at 0x000002EBDF3F6520>	0.0	0	1130	1136	0	True	-277.0	M450		1136
196.723	230.895	7	9202.035	<BeadTracker.Bead object at 0x000002EBDF3F6F40>	0.0	0	1131	1137	0	True	-276.0	M450		1137
196.733	230.979	7	9173.012	<BeadTracker.Bead object at 0x000002EBDF3F6F70>	0.0	0	1132	1138	0	True	-276.0	M450		1138
196.73	231.011	7	9161.1	<BeadTracker.Bead object at 0x000002EBDF3F6190>	0.0	0	1133	1139	0	True	-277.0	M450		1139
196.73	230.978	7	9113.16	<BeadTracker.Bead object at 0x000002EBC21F0FD0>	0.0	0	1134	1140	0	True	-277.0	M450		1140
196.706	230.941	7	9090.056	<BeadTracker.Bead object at 0x000002EBC21F07C0>	0.0	0	1135	1141	0	True	-278.0	M450		1141
196.652	230.942	7	9088.207	<BeadTracker.Bead object at 0x000002EBC21F0C10>	0.0	0	1136	1142	0	True	-278.0	M450		1142
196.684	230.963	7	9059.987	<BeadTracker.Bead object at 0x000002EBC21F0E20>	0.0	0	1137	1143	0	True	-277.0	M450		1143
196.672	230.952	7	9055.552	<BeadTracker.Bead object at 0x000002EBC21F0490>	0.0	0	1138	1144	0	True	-277.0	M450		1144
196.617	230.887	7	9045.029	<BeadTracker.Bead object at 0x000002EBC21F0700>	0.0	0	1139	1145	0	True	-278.0	M450		1145
196.654	230.933	7	8972.949	<BeadTracker.Bead object at 0x000002EBC21F0520>	0.0	0	1140	1146	0	True	-278.0	M450		1146
196.663	230.913	7	9026.954	<BeadTracker.Bead object at 0x000002EBC21EDBE0>	0.0	0	1141	1147	0	True	-277.0	M450		1147
196.609	231.011	7	8975.315	<BeadTracker.Bead object at 0x000002EBC21EDBB0>	0.0	0	1142	1148	0	True	-279.0	M450		1148
196.567	230.948	7	8892.637	<BeadTracker.Bead object at 0x000002EBC21EDCD0>	0.0	0	1143	1149	0	True	-300.0	M450		1149
196.5	230.917	7	8860.98	<BeadTracker.Bead object at 0x000002EBC21ED3D0>	0.0	0	1144	1150	0	True	-301.0	M450		1150
196.475	230.883	7	8892.079	<BeadTracker.Bead object at 0x000002EBC21ED820>	0.0	0	1145	1151	0	True	-301.0	M450		1151
196.49	230.837	7	8806.957	<BeadTracker.Bead object at 0x000002EBC21EDA30>	0.0	0	1146	1152	0	True	-301.0	M450		1152
196.452	230.863	7	8767.747	<BeadTracker.Bead object at 0x000002EBC21ED160>	0.0	0	1147	1153	0	True	-301.0	M450		1153
196.448	230.848	7	8827.494	<BeadTracker.Bead object at 0x000002EBC21ED040>	0.0	0	1148	1154	0	True	-301.0	M450		1154
196.409	230.75	7	8816.991	<BeadTracker.Bead object at 0x000002EBC21C5F10>	0.0	0	1149	1155	0	True	-301.0	M450		1155
196.435	230.743	7	8787.282	<BeadTracker.Bead object at 0x000002EBC21C5670>	0.0	0	1150	1156	0	True	-301.0	M450		1156
196.417	230.693	7	8791.584	<BeadTracker.Bead object at 0x000002EBC21C5AC0>	0.0	0	1151	1157	0	True	-301.0	M450		1157
196.402	230.706	7	8703.085	<BeadTracker.Bead object at 0x000002EBC21C5CD0>	0.0	0	1152	1158	0	True	-301.0	M450		1158
196.393	230.612	7	8705.789	<BeadTracker.Bead object at 0x000002EBC21C5340>	0.0	0	1153	1159	0	True	-301.0	M450		1159
196.356	230.612	7	8700.554	<BeadTracker.Bead object at 0x000002EBC21C55B0>	0.0	0	1154	1160	0	True	-301.0	M450		1160
196.382	230.452	7	8669.745	<BeadTracker.Bead object at 0x000002EBC21C53D0>	0.0	0	1155	1161	0	True	-311.0	M450		1161
196.37	230.539	7	8664.621	<BeadTracker.Bead object at 0x000002EBDF3FD490>	0.0	0	1156	1162	0	True	-301.0	M450		1162
196.321	230.454	7	8660.983	<BeadTracker.Bead object at 0x000002EBDF3FD190>	0.0	0	1157	1163	0	True	-311.0	M450		1163
196.36	230.459	7	8642.546	<BeadTracker.Bead object at 0x000002EBDF3FD370>	0.0	0	1158	1164	0	True	-311.0	M450		1164
196.298	230.31	7	8658.366	<BeadTracker.Bead object at 0x000002EBDF3FD880>	0.0	0	1159	1165	0	True	-310.0	M450		1165
196.35	230.347	7	8615.763	<BeadTracker.Bead object at 0x000002EBDF3FD550>	0.0	0	1160	1166	0	True	-311.0	M450		1166
196.362	230.255	7	8568.028	<BeadTracker.Bead object at 0x000002EBDF3FDE80>	0.0	0	1161	1167	0	True	-311.0	M450		1167
196.381	230.288	7	8561.924	<BeadTracker.Bead object at 0x000002EBDF3FD6D0>	0.0	0	1162	1168	0	True	-311.0	M450		1168
196.366	230.268	7	8533.038	<BeadTracker.Bead object at 0x000002EBDF3FDDC0>	0.0	0	1163	1169	0	True	-312.0	M450		1169
196.316	230.177	7	8521.469	<BeadTracker.Bead object at 0x000002EBC21C4910>	0.0	0	1164	1170	0	True	-313.0	M450		1170
195.991	230.619	0	8386.502	<BeadTracker.Bead object at 0x000002EBC21C4D00>	2.0	79	1166	1172	0	True	-352.0	M450		1172
195.568	230.145	0	8168.818	<BeadTracker.Bead object at 0x000002EBC21C4640>	2.0	80	1169	1175	0	True	-390.0	M450		1175
195.21	229.765	0	8046.005	<BeadTracker.Bead object at 0x000002EBC21E3FA0>	2.0	81	1172	1178	0	True	-411.0	M450		1178
195.025	229.608	0	8098.889	<BeadTracker.Bead object at 0x000002EBC21E38E0>	2.0	82	1175	1181	0	True	-447.0	M450		1181
195.231	229.626	0	10004.839	<BeadTracker.Bead object at 0x000002EBC21E3400>	1.0	83	1177	1183	0	True	-472.0	M450		1183
195.099	229.865	0	10025.188	<BeadTracker.Bead object at 0x000002EBC21CDD60>	1.0	84	1180	1186	0	True	-477.0	M450		1186
194.138	230.915	0	10075.505	<BeadTracker.Bead object at 0x000002EBC21CD670>	1.0	85	1183	1190	0	True	-515.0	M450		1190
193.998	231.032	0	10098.444	<BeadTracker.Bead object at 0x000002EBDF3E5160>	1.0	86	1186	1193	0	True	-503.0	M450		1193
193.8	231.096	0	10085.977	<BeadTracker.Bead object at 0x000002EBDF3E5310>	1.0	87	1189	1196	0	True	-524.0	M450		1196
193.722	230.657	0	10114.503	<BeadTracker.Bead object at 0x000002EBDF3E58E0>	1.0	88	1192	1199	0	True	-533.0	M450		1199
193.446	230.429	0	10048.266	<BeadTracker.Bead object at 0x000002EBC21EBE50>	1.0	89	1195	1202	0	True	-561.0	M450		1202
193.285	230.565	0	10029.466	<BeadTracker.Bead object at 0x000002EBC21EB790>	1.0	90	1198	1205	0	True	-556.0	M450		1205
193.021	230.748	8	4452.011	<BeadTracker.Bead object at 0x000002EBC21FEF40>	0.0	0	1201	1208	0	True	-595.0	M450		1208
192.994	230.663	8	5925.769	<BeadTracker.Bead object at 0x000002EBC21FE880>	0.0	0	1202	1209	0	True	-556.0	M450		1209
193.074	230.693	8	6280.336	<BeadTracker.Bead object at 0x000002EBC21FEC10>	0.0	0	1203	1210	0	True	-516.0	M450		1210
193.159	230.629	8	6395.214	<BeadTracker.Bead object at 0x000002EBC21FEA30>	0.0	0	1204	1211	0	True	-481.0	M450		1211
193.082	230.756	8	6364.787	<BeadTracker.Bead object at 0x000002EBC21FE130>	0.0	0	1205	1212	0	True	-482.0	M450		1212
193.057	230.627	8	6432.998	<BeadTracker.Bead object at 0x000002EBC21FE520>	0.0	0	1206	1213	0	True	-480.0	M450		1213
193.036	230.663	8	6380.249	<BeadTracker.Bead object at 0x000002EBC21FE430>	0.0	0	1207	1214	0	True	-481.0	M450		1214
193.067	230.508	8	6429.406	<BeadTracker.Bead object at 0x000002EBC8731910>	0.0	0	1208	1215	0	True	-480.0	M450		1215
193.09	230.698	8	6424.84	<BeadTracker.Bead object at 0x000002EBC8731D60>	0.0	0	1209	1216	0	True	-481.0	M450		1216
193.097	230.657	8	6448.398	<BeadTracker.Bead object at 0x000002EBC8731D00>	0.0	0	1210	1217	0	True	-480.0	M450		1217
193.058	230.682	8	6448.285	<BeadTracker.Bead object at 0x000002EBC8731490>	0.0	0	1211	1218	0	True	-480.0	M450		1218
193.106	230.65	8	6452.521	<BeadTracker.Bead object at 0x000002EBC8731820>	0.0	0	1212	1219	0	True	-480.0	M450		1219
193.101	230.68	8	6440.826	<BeadTracker.Bead object at 0x000002EBC8731640>	0.0	0	1213	1220	0	True	-480.0	M450		1220
193.1	230.669	8	6388.438	<BeadTracker.Bead object at 0x000002EBC8731130>	0.0	0	1214	1221	0	True	-481.0	M450		1221
193.138	230.733	8	6378.42	<BeadTracker.Bead object at 0x000002EBC8741CD0>	0.0	0	1215	1222	0	True	-482.0	M450		1222
193.096	230.757	8	6381.028	<BeadTracker.Bead object at 0x000002EBC8741FA0>	0.0	0	1216	1223	0	True	-482.0	M450		1223
193.131	230.736	8	6370.609	<BeadTracker.Bead object at 0x000002EBC8741730>	0.0	0	1217	1224	0	True	-481.0	M450		1224
193.184	230.661	8	6414.669	<BeadTracker.Bead object at 0x000002EBC8741AC0>	0.0	0	1218	1225	0	True	-480.0	M450		1225
193.18	230.831	8	6341.436	<BeadTracker.Bead object at 0x000002EBC87418E0>	0.0	0	1219	1226	0	True	-483.0	M450		1226
193.199	230.73	8	6378.445	<BeadTracker.Bead object at 0x000002EBC8741310>	0.0	0	1220	1227	0	True	-481.0	M450		1227
193.163	230.749	8	6461.06	<BeadTracker.Bead object at 0x000002EBC8741400>	0.0	0	1221	1228	0	True	-480.0	M450		1228
193.135	230.714	8	6471.512	<BeadTracker.Bead object at 0x000002EBC8741610>	0.0	0	1222	1229	0	True	-480.0	M450		1229
193.136	230.804	8	6469.654	<BeadTracker.Bead object at 0x000002EBC874F9D0>	0.0	0	1223	1230	0	True	-480.0	M450		1230
193.114	230.805	8	6538.493	<BeadTracker.Bead object at 0x000002EBC874FD60>	0.0	0	1224	1231	0	True	-478.0	M450		1231
193.098	230.862	8	6526.681	<BeadTracker.Bead object at 0x000002EBC874FB80>	0.0	0	1225	1232	0	True	-478.0	M450		1232
193.104	230.913	8	6542.252	<BeadTracker.Bead object at 0x000002EBC874F280>	0.0	0	1226	1233	0	True	-477.0	M450		1233
193.073	230.927	8	6553.44	<BeadTracker.Bead object at 0x000002EBC874F670>	0.0	0	1227	1234	0	True	-476.0	M450		1234
193.076	230.968	8	6613.472	<BeadTracker.Bead object at 0x000002EBC874F4C0>	0.0	0	1228	1235	0	True	-470.0	M450		1235
193.074	231.007	8	6589.209	<BeadTracker.Bead object at 0x000002EBC8762BE0>	0.0	0	1229	1236	0	True	-471.0	M450		1236
192.994	231.065	8	6711.548	<BeadTracker.Bead object at 0x000002EBC8762CA0>	0.0	0	1230	1237	0	True	-463.0	M450		1237
192.951	231.163	8	6648.242	<BeadTracker.Bead object at 0x000002EBC8762E50>	0.0	0	1231	1238	0	True	-467.0	M450		1238
192.938	231.061	8	6757.169	<BeadTracker.Bead object at 0x000002EBC87625E0>	0.0	0	1232	1239	0	True	-461.0	M450		1239
192.884	231.235	8	6779.985	<BeadTracker.Bead object at 0x000002EBC8762970>	0.0	0	1233	1240	0	True	-463.0	M450		1240
192.88	231.222	8	6858.166	<BeadTracker.Bead object at 0x000002EBC8762790>	0.0	0	1234	1241	0	True	-456.0	M450		1241
192.796	231.191	8	6828.924	<BeadTracker.Bead object at 0x000002EBC8762190>	0.0	0	1235	1242	0	True	-457.0	M450		1242
192.791	231.09	8	6940.532	<BeadTracker.Bead object at 0x000002EBC873BE80>	0.0	0	1236	1243	0	True	-451.0	M450		1243
192.773	231.29	8	6892.068	<BeadTracker.Bead object at 0x000002EBC873BF40>	0.0	0	1237	1244	0	True	-456.0	M450		1244
192.817	231.149	8	6938.177	<BeadTracker.Bead object at 0x000002EBC873B880>	0.0	0	1238	1245	0	True	-451.0	M450		1245
192.769	231.181	8	6933.791	<BeadTracker.Bead object at 0x000002EBC873BC10>	0.0	0	1239	1246	0	True	-433.0	M450		1246
192.768	231.048	8	6985.5	<BeadTracker.Bead object at 0x000002EBC873BA30>	0.0	0	1240	1247	0	True	-433.0	M450		1247
192.797	231.072	8	7052.539	<BeadTracker.Bead object at 0x000002EBC873B130>	0.0	0	1241	1248	0	True	-433.0	M450		1248
192.791	230.976	8	7153.967	<BeadTracker.Bead object at 0x000002EBC873B520>	0.0	0	1242	1249	0	True	-431.0	M450		1249
192.742	230.938	8	7106.371	<BeadTracker.Bead object at 0x000002EBC873B430>	0.0	0	1243	1250	0	True	-433.0	M450		1250
192.773	231.039	8	7137.69	<BeadTracker.Bead object at 0x000002EBDF3E77F0>	0.0	0	1244	1251	0	True	-430.0	M450		1251
192.735	231.085	8	7086.691	<BeadTracker.Bead object at 0x000002EBDF3E7460>	0.0	0	1245	1252	0	True	-432.0	M450		1252
192.735	230.894	8	7225.236	<BeadTracker.Bead object at 0x000002EBDF3E74F0>	0.0	0	1246	1253	0	True	-415.0	M450		1253
192.79	230.894	8	7141.562	<BeadTracker.Bead object at 0x000002EBDF3E7370>	0.0	0	1247	1254	0	True	-434.0	M450		1254
192.787	230.864	8	7209.994	<BeadTracker.Bead object at 0x000002EBDF3E7AF0>	0.0	0	1248	1255	0	True	-418.0	M450		1255
192.767	230.839	8	7164.748	<BeadTracker.Bead object at 0x000002EBDF3E7D90>	0.0	0	1249	1256	0	True	-434.0	M450		1256
192.744	230.848	8	7228.778	<BeadTracker.Bead object at 0x000002EBDF3E7F70>	0.0	0	1250	1257	0	True	-415.0	M450		1257
192.712	230.79	8	7248.142	<BeadTracker.Bead object at 0x000002EBDF3E7FD0>	0.0	0	1251	1258	0	True	-416.0	M450		1258
192.714	230.827	8	7245.669	<BeadTracker.Bead object at 0x000002EBC876FA30>	0.0	0	1252	1259	0	True	-415.0	M450		1259
192.724	230.772	8	7308.551	<BeadTracker.Bead object at 0x000002EBC876FE20>	0.0	0	1253	1260	0	True	-414.0	M450		1260
192.729	230.65	8	7358.632	<BeadTracker.Bead object at 0x000002EBC876FF70>	0.0	0	1254	1261	0	True	-413.0	M450		1261
192.746	230.639	8	7339.849	<BeadTracker.Bead object at 0x000002EBC876F5E0>	0.0	0	1255	1262	0	True	-414.0	M450		1262
192.817	230.572	8	7426.371	<BeadTracker.Bead object at 0x000002EBC876F850>	0.0	0	1256	1263	0	True	-413.0	M450		1263
192.783	230.601	8	7371.419	<BeadTracker.Bead object at 0x000002EBC876F670>	0.0	0	1257	1264	0	True	-416.0	M450		1264
192.743	230.545	8	7420.797	<BeadTracker.Bead object at 0x000002EBC876F190>	0.0	0	1258	1265	0	True	-397.0	M450		1265
192.719	230.39	8	7393.902	<BeadTracker.Bead object at 0x000002EBC876DD30>	0.0	0	1259	1266	0	True	-409.0	M450		1266
192.752	230.271	8	7427.781	<BeadTracker.Bead object at 0x000002EBC876DE20>	0.0	0	1260	1267	0	True	-409.0	M450		1267
192.762	230.246	8	7403.459	<BeadTracker.Bead object at 0x000002EBC876D880>	0.0	0	1261	1268	0	True	-407.0	M450		1268
192.747	230.088	8	7474.136	<BeadTracker.Bead object at 0x000002EBC876DAF0>	0.0	0	1262	1269	0	True	-405.0	M450		1269
192.728	230.018	8	7476.19	<BeadTracker.Bead object at 0x000002EBC876D910>	0.0	0	1263	1270	0	True	-406.0	M450		1270
192.733	229.955	8	7410.938	<BeadTracker.Bead object at 0x000002EBC876D340>	0.0	0	1264	1271	0	True	-408.0	M450		1271
192.655	229.789	8	7468.006	<BeadTracker.Bead object at 0x000002EBC876D4C0>	0.0	0	1265	1272	0	True	-396.0	M450		1272
192.692	229.725	8	7434.865	<BeadTracker.Bead object at 0x000002EBC876DCA0>	0.0	0	1266	1273	0	True	-409.0	M450		1273
192.616	229.825	8	7374.73	<BeadTracker.Bead object at 0x000002EBC8734B20>	0.0	0	1267	1274	0	True	-408.0	M450		1274
192.625	229.889	8	7445.748	<BeadTracker.Bead object at 0x000002EBC8734D90>	0.0	0	1268	1275	0	True	-405.0	M450		1275
192.656	230.117	8	7427.391	<BeadTracker.Bead object at 0x000002EBC8734BB0>	0.0	0	1269	1276	0	True	-407.0	M450		1276
192.716	230.182	8	7482.717	<BeadTracker.Bead object at 0x000002EBC8734340>	0.0	0	1270	1277	0	True	-405.0	M450		1277
192.729	230.405	8	7466.883	<BeadTracker.Bead object at 0x000002EBC87346D0>	0.0	0	1271	1278	0	True	-407.0	M450		1278
192.674	230.444	8	7514.948	<BeadTracker.Bead object at 0x000002EBC87344F0>	0.0	0	1272	1279	0	True	-406.0	M450		1279
192.722	230.617	8	7500.829	<BeadTracker.Bead object at 0x000002EBDF40E310>	0.0	0	1273	1280	0	True	-393.0	M450		1280
192.738	230.593	8	7522.002	<BeadTracker.Bead object at 0x000002EBDF40E1F0>	0.0	0	1274	1281	0	True	-392.0	M450		1281
192.734	230.739	8	7498.609	<BeadTracker.Bead object at 0x000002EBDF40E250>	0.0	0	1275	1282	0	True	-391.0	M450		1282
192.781	230.72	8	7543.859	<BeadTracker.Bead object at 0x000002EBDF40ED00>	0.0	0	1276	1283	0	True	-391.0	M450		1283
192.751	230.778	8	7529.367	<BeadTracker.Bead object at 0x000002EBDF40E9D0>	0.0	0	1277	1284	0	True	-391.0	M450		1284
192.761	230.769	8	7619.579	<BeadTracker.Bead object at 0x000002EBDF40EC10>	0.0	0	1278	1285	0	True	-389.0	M450		1285
192.712	230.901	8	7568.546	<BeadTracker.Bead object at 0x000002EBDF40E910>	0.0	0	1279	1286	0	True	-389.0	M450		1286
192.743	230.919	8	7627.777	<BeadTracker.Bead object at 0x000002EBDF40E8B0>	0.0	0	1280	1287	0	True	-388.0	M450		1287
192.753	230.977	8	7627.677	<BeadTracker.Bead object at 0x000002EBC882DBE0>	0.0	0	1281	1288	0	True	-388.0	M450		1288
192.73	231.036	8	7598.477	<BeadTracker.Bead object at 0x000002EBC882DBB0>	0.0	0	1282	1289	0	True	-389.0	M450		1289
192.815	231.1	8	7603.61	<BeadTracker.Bead object at 0x000002EBC882DCD0>	0.0	0	1283	1290	0	True	-388.0	M450		1290
192.793	231.139	8	7629.848	<BeadTracker.Bead object at 0x000002EBC882D3D0>	0.0	0	1284	1291	0	True	-386.0	M450		1291
192.776	231.197	8	7597.003	<BeadTracker.Bead object at 0x000002EBC882D820>	0.0	0	1285	1292	0	True	-391.0	M450		1292
192.772	231.226	8	7647.328	<BeadTracker.Bead object at 0x000002EBC882DA30>	0.0	0	1286	1293	0	True	-384.0	M450		1293
192.842	231.393	8	7608.957	<BeadTracker.Bead object at 0x000002EBC882D160>	0.0	0	1287	1294	0	True	-392.0	M450		1294
192.919	231.355	8	7650.588	<BeadTracker.Bead object at 0x000002EBC882D040>	0.0	0	1288	1295	0	True	-378.0	M450		1295
192.862	231.476	8	7560.538	<BeadTracker.Bead object at 0x000002EBC8808F10>	0.0	0	1289	1296	0	True	-406.0	M450		1296
192.858	231.438	8	7641.421	<BeadTracker.Bead object at 0x000002EBC8808670>	0.0	0	1290	1297	0	True	-380.0	M450		1297
192.851	231.496	8	7595.839	<BeadTracker.Bead object at 0x000002EBC8808AC0>	0.0	0	1291	1298	0	True	-406.0	M450		1298
192.896	231.495	8	7624.284	<BeadTracker.Bead object at 0x000002EBC8808CD0>	0.0	0	1292	1299	0	True	-405.0	M450		1299
192.884	231.566	8	7602.759	<BeadTracker.Bead object at 0x000002EBC8808340>	0.0	0	1293	1300	0	True	-391.0	M450		1300
192.895	231.501	8	7636.599	<BeadTracker.Bead object at 0x000002EBC88085B0>	0.0	0	1294	1301	0	True	-391.0	M450		1301
192.901	231.517	8	7616.118	<BeadTracker.Bead object at 0x000002EBC88083D0>	0.0	0	1295	1302	0	True	-391.0	M450		1302
192.888	231.535	8	7645.334	<BeadTracker.Bead object at 0x000002EBC881CA90>	0.0	0	1296	1303	0	True	-390.0	M450		1303
192.887	231.544	8	7556.161	<BeadTracker.Bead object at 0x000002EBC881CD30>	0.0	0	1297	1304	0	True	-393.0	M450		1304
192.932	231.552	8	7592.031	<BeadTracker.Bead object at 0x000002EBC881CFD0>	0.0	0	1298	1305	0	True	-391.0	M450		1305
192.904	231.661	8	7534.386	<BeadTracker.Bead object at 0x000002EBC881C280>	0.0	0	1299	1306	0	True	-393.0	M450		1306
192.884	231.579	8	7561.399	<BeadTracker.Bead object at 0x000002EBC881C6D0>	0.0	0	1300	1307	0	True	-391.0	M450		1307
192.848	231.511	8	7527.848	<BeadTracker.Bead object at 0x000002EBC881C8E0>	0.0	0	1301	1308	0	True	-393.0	M450		1308
192.873	231.462	8	7510.415	<BeadTracker.Bead object at 0x000002EBC881C1C0>	0.0	0	1302	1309	0	True	-406.0	M450		1309
192.85	231.498	8	7482.762	<BeadTracker.Bead object at 0x000002EBC881C370>	0.0	0	1303	1310	0	True	-407.0	M450		1310
192.829	231.488	8	7434.626	<BeadTracker.Bead object at 0x000002EBDF3F5220>	0.0	0	1304	1311	0	True	-408.0	M450		1311
192.82	231.491	8	7390.388	<BeadTracker.Bead object at 0x000002EBDF3F52B0>	0.0	0	1305	1312	0	True	-409.0	M450		1312
192.825	231.487	8	7379.168	<BeadTracker.Bead object at 0x000002EBDF3F5BE0>	0.0	0	1306	1313	0	True	-409.0	M450		1313
192.793	231.571	8	7339.169	<BeadTracker.Bead object at 0x000002EBDF3F57F0>	0.0	0	1307	1314	0	True	-414.0	M450		1314
192.802	231.468	8	7334.388	<BeadTracker.Bead object at 0x000002EBDF3F5F10>	0.0	0	1308	1315	0	True	-410.0	M450		1315
192.769	231.608	8	7284.369	<BeadTracker.Bead object at 0x000002EBDF3F5FA0>	0.0	0	1309	1316	0	True	-413.0	M450		1316
192.806	231.565	8	7220.793	<BeadTracker.Bead object at 0x000002EBDF3F5BB0>	0.0	0	1310	1317	0	True	-437.0	M450		1317
192.75	231.556	8	7202.25	<BeadTracker.Bead object at 0x000002EBDF3F5520>	0.0	0	1311	1318	0	True	-438.0	M450		1318
192.783	231.387	8	7226.046	<BeadTracker.Bead object at 0x000002EBC880FFD0>	0.0	0	1312	1319	0	True	-413.0	M450		1319
192.777	231.466	8	7160.327	<BeadTracker.Bead object at 0x000002EBC880F640>	0.0	0	1313	1320	0	True	-428.0	M450		1320
192.786	231.417	8	7114.795	<BeadTracker.Bead object at 0x000002EBC880FA30>	0.0	0	1314	1321	0	True	-428.0	M450		1321
192.785	231.399	8	7046.972	<BeadTracker.Bead object at 0x000002EBC880FBE0>	0.0	0	1315	1322	0	True	-429.0	M450		1322
192.743	231.394	8	7078.152	<BeadTracker.Bead object at 0x000002EBC880F160>	0.0	0	1316	1323	0	True	-429.0	M450		1323
192.711	231.395	8	6991.191	<BeadTracker.Bead object at 0x000002EBC880F130>	0.0	0	1317	1324	0	True	-429.0	M450		1324
192.764	231.248	8	7058.118	<BeadTracker.Bead object at 0x000002EBC87F3FD0>	0.0	0	1318	1325	0	True	-429.0	M450		1325
192.779	231.29	8	6968.125	<BeadTracker.Bead object at 0x000002EBC87F38E0>	0.0	0	1319	1326	0	True	-430.0	M450		1326
192.799	231.255	8	6946.124	<BeadTracker.Bead object at 0x000002EBC87F3CD0>	0.0	0	1320	1327	0	True	-431.0	M450		1327
192.806	231.302	8	6889.43	<BeadTracker.Bead object at 0x000002EBC87F3E80>	0.0	0	1321	1328	0	True	-430.0	M450		1328
192.813	231.08	8	6922.823	<BeadTracker.Bead object at 0x000002EBC87F3130>	0.0	0	1322	1329	0	True	-434.0	M450		1329
192.791	231.08	8	6814.437	<BeadTracker.Bead object at 0x000002EBC87F3580>	0.0	0	1323	1330	0	True	-455.0	M450		1330
192.813	230.977	8	6832.124	<BeadTracker.Bead object at 0x000002EBC87F3790>	0.0	0	1324	1331	0	True	-455.0	M450		1331
192.792	231.02	8	6737.034	<BeadTracker.Bead object at 0x000002EBC87F0BE0>	0.0	0	1325	1332	0	True	-458.0	M450		1332
192.821	230.835	8	6758.07	<BeadTracker.Bead object at 0x000002EBC87F0C70>	0.0	0	1326	1333	0	True	-457.0	M450		1333
192.906	230.863	8	6755.365	<BeadTracker.Bead object at 0x000002EBC87F0D00>	0.0	0	1327	1334	0	True	-458.0	M450		1334
192.927	230.863	8	6732.387	<BeadTracker.Bead object at 0x000002EBC87F04F0>	0.0	0	1328	1335	0	True	-459.0	M450		1335
192.891	230.825	8	6689.273	<BeadTracker.Bead object at 0x000002EBC87F08E0>	0.0	0	1329	1336	0	True	-460.0	M450		1336
192.852	230.882	8	6641.812	<BeadTracker.Bead object at 0x000002EBC87F0A90>	0.0	0	1330	1337	0	True	-462.0	M450		1337
192.802	230.833	8	6634.031	<BeadTracker.Bead object at 0x000002EBC87F01C0>	0.0	0	1331	1338	0	True	-463.0	M450		1338
192.859	230.962	8	6591.224	<BeadTracker.Bead object at 0x000002EBC87F0400>	0.0	0	1332	1339	0	True	-464.0	M450		1339
192.87	230.815	8	6623.335	<BeadTracker.Bead object at 0x000002EBC87F8CD0>	0.0	0	1333	1340	0	True	-463.0	M450		1340
192.767	231.172	0	10109.347	<BeadTracker.Bead object at 0x000002EBC87F87F0>	1.0	91	1334	1341	0	True	-498.0	M450		1341
192.565	230.944	0	10121.82	<BeadTracker.Bead object at 0x000002EBC87F8130>	1.0	92	1337	1344	0	True	-534.0	M450		1344
192.587	230.579	0	10034.187	<BeadTracker.Bead object at 0x000002EBC87F8190>	1.0	93	1340	1347	0	True	-565.0	M450		1347
192.432	230.779	0	10064.427	<BeadTracker.Bead object at 0x000002EBC88259A0>	1.0	94	1343	1350	0	True	-603.0	M450		1350
191.968	230.946	0	10059.238	<BeadTracker.Bead object at 0x000002EBC88255E0>	1.0	95	1346	1353	0	True	-601.0	M450		1353
191.982	231.119	0	10067.185	<BeadTracker.Bead object at 0x000002EBC0BA8E50>	1.0	96	1349	1356	0	True	-603.0	M450		1356
191.977	230.783	0	10165.716	<BeadTracker.Bead object at 0x000002EBCBEC5490>	1.0	97	1352	1360	1	True	-563.0	M450		1360
191.839	230.824	0	10205.267	<BeadTracker.Bead object at 0x000002EBC0857880>	1.0	98	1355	1363	1	True	-532.0	M450		1363
191.897	230.686	0	10212.975	<BeadTracker.Bead object at 0x000002EBC087DC70>	1.0	99	1358	1366	1	True	-511.0	M450		1366
191.917	230.478	0	10236.643	<BeadTracker.Bead object at 0x000002EBC085EFA0>	1.0	100	1361	1369	1	True	-501.0	M450		1369
191.672	229.76	0	7767.896	<BeadTracker.Bead object at 0x000002EBB99B0400>	2.0	101	1365	1373	0	True	-477.0	M450		1373
191.518	229.688	0	7624.647	<BeadTracker.Bead object at 0x000002EBB99B08E0>	2.0	102	1368	1376	0	True	-507.0	M450		1376
191.485	229.914	9	5181.784	<BeadTracker.Bead object at 0x000002EBB99B0D90>	0.0	0	1370	1378	0	True	-546.0	M450		1378
191.483	229.817	9	6741.569	<BeadTracker.Bead object at 0x000002EBB99B0070>	0.0	0	1371	1379	0	True	-506.0	M450		1379
191.501	229.889	9	7146.648	<BeadTracker.Bead object at 0x000002EBC8F4E580>	0.0	0	1372	1380	0	True	-466.0	M450		1380
191.493	229.925	9	7217.925	<BeadTracker.Bead object at 0x000002EBC8F4EB20>	0.0	0	1373	1381	0	True	-441.0	M450		1381
191.496	229.88	9	7248.102	<BeadTracker.Bead object at 0x000002EBC8F4EBB0>	0.0	0	1374	1382	0	True	-441.0	M450		1382
191.472	229.838	9	7249.996	<BeadTracker.Bead object at 0x000002EBC8F4EF40>	0.0	0	1375	1383	0	True	-440.0	M450		1383
191.461	229.849	9	7219.334	<BeadTracker.Bead object at 0x000002EBC8F4EA90>	0.0	0	1376	1384	0	True	-441.0	M450		1384
191.467	229.904	9	7267.82	<BeadTracker.Bead object at 0x000002EBC8F4E490>	0.0	0	1377	1385	0	True	-439.0	M450		1385
191.451	229.921	9	7192.427	<BeadTracker.Bead object at 0x000002EBC8F4E4C0>	0.0	0	1378	1386	0	True	-441.0	M450		1386
191.42	229.93	9	7239.192	<BeadTracker.Bead object at 0x000002EBC8F4E9A0>	0.0	0	1379	1387	0	True	-440.0	M450		1387
191.443	229.975	9	7185.131	<BeadTracker.Bead object at 0x000002EBC8F4E670>	0.0	0	1380	1388	0	True	-441.0	M450		1388
191.417	229.922	9	7269.185	<BeadTracker.Bead object at 0x000002EBC4A178E0>	0.0	0	1381	1389	0	True	-439.0	M450		1389
191.442	229.961	9	7258.4	<BeadTracker.Bead object at 0x000002EBC4A17070>	0.0	0	1382	1390	0	True	-437.0	M450		1390
191.398	229.87	9	7282.97	<BeadTracker.Bead object at 0x000002EBC4A17970>	0.0	0	1383	1391	0	True	-439.0	M450		1391
191.409	229.921	9	7299.353	<BeadTracker.Bead object at 0x000002EBC4A17460>	0.0	0	1384	1392	0	True	-438.0	M450		1392
191.418	229.757	9	7377.018	<BeadTracker.Bead object at 0x000002EBC4A17E20>	0.0	0	1385	1393	0	True	-438.0	M450		1393
191.446	229.933	9	7276.374	<BeadTracker.Bead object at 0x000002EBC4A17C40>	0.0	0	1386	1394	0	True	-438.0	M450		1394
191.422	229.786	9	7345.65	<BeadTracker.Bead object at 0x000002EBB99BB490>	0.0	0	1387	1395	0	True	-438.0	M450		1395
191.345	229.808	9	7363.195	<BeadTracker.Bead object at 0x000002EBB99BB190>	0.0	0	1388	1396	0	True	-437.0	M450		1396
191.444	229.843	9	7386.161	<BeadTracker.Bead object at 0x000002EBB99BB850>	0.0	0	1389	1397	0	True	-438.0	M450		1397
191.445	229.813	9	7408.546	<BeadTracker.Bead object at 0x000002EBB99BB4F0>	0.0	0	1390	1398	0	True	-419.0	M450		1398
191.4	229.773	9	7419.477	<BeadTracker.Bead object at 0x000002EBB99BBB20>	0.0	0	1391	1399	0	True	-419.0	M450		1399
191.355	229.878	9	7368.775	<BeadTracker.Bead object at 0x000002EBB99BBDC0>	0.0	0	1392	1400	0	True	-438.0	M450		1400
191.345	229.811	9	7403.133	<BeadTracker.Bead object at 0x000002EBB99BBBB0>	0.0	0	1393	1401	0	True	-438.0	M450		1401
191.366	229.795	9	7419.077	<BeadTracker.Bead object at 0x000002EBB99BB9A0>	0.0	0	1394	1402	0	True	-438.0	M450		1402
191.409	229.685	9	7468.572	<BeadTracker.Bead object at 0x000002EBC4A29790>	0.0	0	1395	1403	0	True	-438.0	M450		1403
191.349	229.743	9	7418.959	<BeadTracker.Bead object at 0x000002EBC4A29280>	0.0	0	1396	1404	0	True	-438.0	M450		1404
191.346	229.521	9	7490.359	<BeadTracker.Bead object at 0x000002EBC4A29040>	0.0	0	1397	1405	0	True	-439.0	M450		1405
191.385	229.583	9	7468.024	<BeadTracker.Bead object at 0x000002EBC4A29370>	0.0	0	1398	1406	0	True	-439.0	M450		1406
191.373	229.542	9	7477.525	<BeadTracker.Bead object at 0x000002EBC4A297F0>	0.0	0	1399	1407	0	True	-440.0	M450		1407
191.386	229.565	9	7476.84	<BeadTracker.Bead object at 0x000002EBC4A299A0>	0.0	0	1400	1408	0	True	-439.0	M450		1408
191.389	229.506	9	7559.585	<BeadTracker.Bead object at 0x000002EBC4A295B0>	0.0	0	1401	1409	0	True	-439.0	M450		1409
191.408	229.504	9	7514.116	<BeadTracker.Bead object at 0x000002EBC4A29C70>	0.0	0	1402	1410	0	True	-439.0	M450		1410
191.429	229.524	9	7561.849	<BeadTracker.Bead object at 0x000002EBC4A29E80>	0.0	0	1403	1411	0	True	-439.0	M450		1411
191.423	229.459	9	7613.702	<BeadTracker.Bead object at 0x000002EBB99C4040>	0.0	0	1404	1412	0	True	-409.0	M450		1412
191.454	229.387	9	7628.809	<BeadTracker.Bead object at 0x000002EBB99C4610>	0.0	0	1405	1413	0	True	-405.0	M450		1413
191.436	229.503	9	7630.471	<BeadTracker.Bead object at 0x000002EBB99C4790>	0.0	0	1406	1414	0	True	-439.0	M450		1414
191.425	229.443	9	7650.983	<BeadTracker.Bead object at 0x000002EBB99C43A0>	0.0	0	1407	1415	0	True	-408.0	M450		1415
191.413	229.352	9	7628.612	<BeadTracker.Bead object at 0x000002EBB99C4CA0>	0.0	0	1408	1416	0	True	-408.0	M450		1416
191.392	229.286	9	7694.303	<BeadTracker.Bead object at 0x000002EBB99C4F70>	0.0	0	1409	1417	0	True	-401.0	M450		1417
191.384	229.4	9	7687.547	<BeadTracker.Bead object at 0x000002EBB99C4DC0>	0.0	0	1410	1418	0	True	-406.0	M450		1418
191.42	229.315	9	7661.788	<BeadTracker.Bead object at 0x000002EBB99C4730>	0.0	0	1411	1419	0	True	-404.0	M450		1419
191.394	229.302	9	7723.732	<BeadTracker.Bead object at 0x000002EBCC175EE0>	0.0	0	1412	1420	0	True	-396.0	M450		1420
191.373	229.337	9	7778.527	<BeadTracker.Bead object at 0x000002EBCC1754C0>	0.0	0	1413	1421	0	True	-398.0	M450		1421
191.38	229.276	9	7777.744	<BeadTracker.Bead object at 0x000002EBCC1757C0>	0.0	0	1414	1422	0	True	-393.0	M450		1422
191.413	229.391	9	7774.578	<BeadTracker.Bead object at 0x000002EBCC175850>	0.0	0	1415	1423	0	True	-394.0	M450		1423
191.376	229.307	9	7866.069	<BeadTracker.Bead object at 0x000002EBCC175490>	0.0	0	1416	1424	0	True	-383.0	M450		1424
191.37	229.246	9	7860.479	<BeadTracker.Bead object at 0x000002EBCC175B80>	0.0	0	1417	1425	0	True	-382.0	M450		1425
191.409	229.234	9	7858.065	<BeadTracker.Bead object at 0x000002EBCD6CDC70>	0.0	0	1418	1426	1	True	-384.0	M450		1426
191.388	229.233	9	7929.265	<BeadTracker.Bead object at 0x000002EBCC175D90>	0.0	0	1419	1427	0	True	-378.0	M450		1427
191.368	229.103	9	7914.036	<BeadTracker.Bead object at 0x000002EBCD6989D0>	0.0	0	1420	1428	1	True	-378.0	M450		1428
191.337	229.189	9	7891.396	<BeadTracker.Bead object at 0x000002EBCD698FA0>	0.0	0	1421	1429	1	True	-383.0	M450		1429
191.24	229.093	9	7893.912	<BeadTracker.Bead object at 0x000002EBCD6C6730>	0.0	0	1422	1430	1	True	-385.0	M450		1430
191.252	229.022	9	7962.36	<BeadTracker.Bead object at 0x000002EBCD6C6DC0>	0.0	0	1423	1431	1	True	-384.0	M450		1431
191.254	229.077	9	7797.281	<BeadTracker.Bead object at 0x000002EBB99B4910>	0.0	0	1424	1432	0	True	-389.0	M450		1432
191.237	228.906	9	7905.559	<BeadTracker.Bead object at 0x000002EBB99B4DF0>	0.0	0	1425	1433	0	True	-386.0	M450		1433
191.214	228.753	9	7885.313	<BeadTracker.Bead object at 0x000002EBB99B4D30>	0.0	0	1426	1434	0	True	-388.0	M450		1434
191.186	228.672	9	7928.066	<BeadTracker.Bead object at 0x000002EBB99B83A0>	0.0	0	1427	1435	0	True	-388.0	M450		1435
191.24	228.508	9	7926.573	<BeadTracker.Bead object at 0x000002EBB99B80D0>	0.0	0	1428	1436	0	True	-389.0	M450		1436
191.197	228.374	9	7989.851	<BeadTracker.Bead object at 0x000002EBB99B83D0>	0.0	0	1429	1437	0	True	-374.0	M450		1437
191.181	228.385	9	7910.739	<BeadTracker.Bead object at 0x000002EBB99B8520>	0.0	0	1430	1438	0	True	-376.0	M450		1438
191.157	228.319	9	7928.98	<BeadTracker.Bead object at 0x000002EBC075D340>	0.0	0	1431	1439	1	True	-375.0	M450		1439
191.165	228.21	9	7881.303	<BeadTracker.Bead object at 0x000002EBC075D9D0>	0.0	0	1432	1440	1	True	-378.0	M450		1440
191.133	228.028	9	7908.837	<BeadTracker.Bead object at 0x000002EBC075DFA0>	0.0	0	1433	1441	1	True	-384.0	M450		1441
191.112	227.861	9	7943.486	<BeadTracker.Bead object at 0x000002EBB99B8FA0>	0.0	0	1434	1442	0	True	-363.0	M450		1442
191.147	227.758	9	7933.917	<BeadTracker.Bead object at 0x000002EBB99B8940>	0.0	0	1435	1443	0	True	-387.0	M450		1443
191.117	227.704	9	7879.64	<BeadTracker.Bead object at 0x000002EBCADB2E20>	0.0	0	1436	1444	0	True	-389.0	M450		1444
191.159	227.739	9	8032.42	<BeadTracker.Bead object at 0x000002EBCADB2580>	0.0	0	1437	1445	0	True	-362.0	M450		1445
191.222	227.873	9	7962.587	<BeadTracker.Bead object at 0x000002EBCADB25E0>	0.0	0	1438	1446	0	True	-384.0	M450		1446
191.231	227.905	9	7985.921	<BeadTracker.Bead object at 0x000002EBC076C880>	0.0	0	1439	1447	1	True	-363.0	M450		1447
191.283	227.999	9	7984.453	<BeadTracker.Bead object at 0x000002EBC076CF10>	0.0	0	1440	1448	1	True	-383.0	M450		1448
191.331	228.095	9	8028.627	<BeadTracker.Bead object at 0x000002EBC0E325E0>	0.0	0	1441	1449	1	True	-365.0	M450		1449
191.295	228.203	9	8009.726	<BeadTracker.Bead object at 0x000002EBC0E32C70>	0.0	0	1442	1450	1	True	-370.0	M450		1450
191.343	228.244	9	8045.77	<BeadTracker.Bead object at 0x000002EBC0E21340>	0.0	0	1443	1451	1	True	-374.0	M450		1451
191.371	228.313	9	8065.987	<BeadTracker.Bead object at 0x000002EBCADB2A60>	0.0	0	1444	1452	0	True	-374.0	M450		1452
191.34	228.41	9	8089.983	<BeadTracker.Bead object at 0x000002EBC235D100>	0.0	0	1445	1453	0	True	-372.0	M450		1453
191.353	228.547	9	8106.561	<BeadTracker.Bead object at 0x000002EBC235D430>	0.0	0	1446	1454	0	True	-387.0	M450		1454
191.347	228.586	9	8107.916	<BeadTracker.Bead object at 0x000002EBC235D9D0>	0.0	0	1447	1455	0	True	-362.0	M450		1455
191.407	228.644	9	8092.44	<BeadTracker.Bead object at 0x000002EBC235D160>	0.0	0	1448	1456	0	True	-386.0	M450		1456
191.428	228.795	9	8106.718	<BeadTracker.Bead object at 0x000002EBC235DAC0>	0.0	0	1449	1457	0	True	-362.0	M450		1457
191.38	228.931	9	8072.64	<BeadTracker.Bead object at 0x000002EBC0E301F0>	0.0	0	1450	1458	1	True	-363.0	M450		1458
191.337	228.989	9	8140.08	<BeadTracker.Bead object at 0x000002EBC0E30880>	0.0	0	1451	1459	1	True	-361.0	M450		1459
191.37	228.908	9	8174.74	<BeadTracker.Bead object at 0x000002EBC0E30F10>	0.0	0	1452	1460	1	True	-361.0	M450		1460
191.41	229.015	9	8224.965	<BeadTracker.Bead object at 0x000002EBD7713130>	0.0	0	1453	1461	0	True	-360.0	M450		1461
191.406	229.163	9	8154.655	<BeadTracker.Bead object at 0x000002EBD7713970>	0.0	0	1454	1462	0	True	-360.0	M450		1462
191.425	229.193	9	8212.876	<BeadTracker.Bead object at 0x000002EBD7713340>	0.0	0	1455	1463	0	True	-357.0	M450		1463
191.399	229.318	9	8202.075	<BeadTracker.Bead object at 0x000002EBD77130A0>	0.0	0	1456	1464	0	True	-350.0	M450		1464
191.404	229.278	9	8257.988	<BeadTracker.Bead object at 0x000002EBD77130D0>	0.0	0	1457	1465	0	True	-350.0	M450		1465
191.394	229.424	9	8177.898	<BeadTracker.Bead object at 0x000002EBD7713F10>	0.0	0	1458	1466	0	True	-350.0	M450		1466
191.381	229.558	9	8197.46	<BeadTracker.Bead object at 0x000002EBD77136D0>	0.0	0	1459	1467	0	True	-362.0	M450		1467
191.39	229.602	9	8161.42	<BeadTracker.Bead object at 0x000002EBD7713550>	0.0	0	1460	1468	0	True	-362.0	M450		1468
191.371	229.611	9	8202.65	<BeadTracker.Bead object at 0x000002EBC2BBB130>	0.0	0	1461	1469	0	True	-362.0	M450		1469
191.335	229.632	9	8172.834	<BeadTracker.Bead object at 0x000002EBC2BBB070>	0.0	0	1462	1470	0	True	-362.0	M450		1470
191.311	229.677	9	8179.915	<BeadTracker.Bead object at 0x000002EBC2BBB4C0>	0.0	0	1463	1471	0	True	-362.0	M450		1471
191.326	229.677	9	8169.118	<BeadTracker.Bead object at 0x000002EBC2BBB7F0>	0.0	0	1464	1472	0	True	-362.0	M450		1472
191.322	229.623	9	8188.113	<BeadTracker.Bead object at 0x000002EBC2BBB610>	0.0	0	1465	1473	0	True	-362.0	M450		1473
191.283	229.615	9	8153.914	<BeadTracker.Bead object at 0x000002EBC2BBBAF0>	0.0	0	1466	1474	0	True	-362.0	M450		1474
191.292	229.559	9	8169.018	<BeadTracker.Bead object at 0x000002EBC2BBB550>	0.0	0	1467	1475	0	True	-362.0	M450		1475
191.28	229.62	9	8137.514	<BeadTracker.Bead object at 0x000002EBC2BBB520>	0.0	0	1468	1476	0	True	-362.0	M450		1476
191.291	229.737	9	8076.296	<BeadTracker.Bead object at 0x000002EBC1C9A430>	0.0	0	1469	1477	0	True	-362.0	M450		1477
191.277	229.641	9	8084.498	<BeadTracker.Bead object at 0x000002EBC1C9A7F0>	0.0	0	1470	1478	0	True	-362.0	M450		1478
191.261	229.565	9	8120.534	<BeadTracker.Bead object at 0x000002EBC1C9A850>	0.0	0	1471	1479	0	True	-362.0	M450		1479
191.268	229.629	9	8074.303	<BeadTracker.Bead object at 0x000002EBC1C9AFA0>	0.0	0	1472	1480	0	True	-362.0	M450		1480
191.25	229.623	9	8044.55	<BeadTracker.Bead object at 0x000002EBC1C9A790>	0.0	0	1473	1481	0	True	-387.0	M450		1481
191.278	229.731	9	8044.005	<BeadTracker.Bead object at 0x000002EBC1C9A340>	0.0	0	1474	1482	0	True	-386.0	M450		1482
191.218	229.641	9	8023.209	<BeadTracker.Bead object at 0x000002EBC1C9A580>	0.0	0	1475	1483	0	True	-387.0	M450		1483
191.273	229.691	9	8019.156	<BeadTracker.Bead object at 0x000002EBC1C9ADF0>	0.0	0	1476	1484	0	True	-387.0	M450		1484
191.287	229.726	9	7974.3	<BeadTracker.Bead object at 0x000002EBC1219310>	0.0	0	1477	1485	0	True	-387.0	M450		1485
191.307	229.722	9	8003.245	<BeadTracker.Bead object at 0x000002EBC1219730>	0.0	0	1478	1486	0	True	-363.0	M450		1486
191.275	229.686	9	7982.7	<BeadTracker.Bead object at 0x000002EBC1219FD0>	0.0	0	1479	1487	0	True	-387.0	M450		1487
191.281	229.718	9	7909.923	<BeadTracker.Bead object at 0x000002EBC12196D0>	0.0	0	1480	1488	0	True	-388.0	M450		1488
191.274	229.6	9	7968.215	<BeadTracker.Bead object at 0x000002EBC1219610>	0.0	0	1481	1489	0	True	-387.0	M450		1489
191.28	229.625	9	7885.052	<BeadTracker.Bead object at 0x000002EBC1219280>	0.0	0	1482	1490	0	True	-388.0	M450		1490
191.281	229.612	9	7932.446	<BeadTracker.Bead object at 0x000002EBC1219D00>	0.0	0	1483	1491	0	True	-387.0	M450		1491
191.323	229.667	9	7842.179	<BeadTracker.Bead object at 0x000002EBC12191F0>	0.0	0	1484	1492	0	True	-389.0	M450		1492
191.254	229.521	9	7947.606	<BeadTracker.Bead object at 0x000002EBC4B118B0>	0.0	0	1485	1493	0	True	-362.0	M450		1493
191.275	229.568	9	7904.636	<BeadTracker.Bead object at 0x000002EBC4B11B80>	0.0	0	1486	1494	0	True	-388.0	M450		1494
191.288	229.533	9	7877.429	<BeadTracker.Bead object at 0x000002EBC4B11A90>	0.0	0	1487	1495	0	True	-389.0	M450		1495
191.267	229.652	9	7833.93	<BeadTracker.Bead object at 0x000002EBC4B11700>	0.0	0	1488	1496	0	True	-389.0	M450		1496
191.27	229.663	9	7796.177	<BeadTracker.Bead object at 0x000002EBC4B11EE0>	0.0	0	1489	1497	0	True	-389.0	M450		1497
191.221	229.679	9	7750.871	<BeadTracker.Bead object at 0x000002EBC4B11130>	0.0	0	1490	1498	0	True	-390.0	M450		1498
191.29	229.661	9	7813.521	<BeadTracker.Bead object at 0x000002EBC4B11310>	0.0	0	1491	1499	0	True	-388.0	M450		1499
191.292	229.7	9	7797.82	<BeadTracker.Bead object at 0x000002EBC4B11BE0>	0.0	0	1492	1500	0	True	-389.0	M450		1500
191.286	229.792	9	7761.759	<BeadTracker.Bead object at 0x000002EBC4B11B50>	0.0	0	1493	1501	0	True	-389.0	M450		1501
191.29	229.731	9	7775.536	<BeadTracker.Bead object at 0x000002EBC4BF9070>	0.0	0	1494	1502	0	True	-389.0	M450		1502
191.27	229.769	9	7790.618	<BeadTracker.Bead object at 0x000002EBC8E02BE0>	0.0	0	1495	1503	0	True	-389.0	M450		1503
191.211	229.729	9	7749.443	<BeadTracker.Bead object at 0x000002EBC8E029A0>	0.0	0	1496	1504	0	True	-389.0	M450		1504
191.257	229.602	9	7789.635	<BeadTracker.Bead object at 0x000002EBC8E02190>	0.0	0	1497	1505	0	True	-389.0	M450		1505
191.231	229.591	9	7738.467	<BeadTracker.Bead object at 0x000002EBC8E02FD0>	0.0	0	1498	1506	0	True	-390.0	M450		1506
191.226	229.552	9	7759.021	<BeadTracker.Bead object at 0x000002EBC8E02F70>	0.0	0	1499	1507	0	True	-390.0	M450		1507
191.284	229.45	9	7724.899	<BeadTracker.Bead object at 0x000002EBC8E02A90>	0.0	0	1500	1508	0	True	-378.0	M450		1508
191.328	229.467	9	7822.755	<BeadTracker.Bead object at 0x000002EBC8E02850>	0.0	0	1501	1509	0	True	-374.0	M450		1509
191.303	229.563	9	7709.838	<BeadTracker.Bead object at 0x000002EBC8E02BB0>	0.0	0	1502	1510	0	True	-390.0	M450		1510
191.413	229.394	0	7888.665	<BeadTracker.Bead object at 0x000002EBC2BBFEB0>	2.0	103	1504	1512	0	True	-420.0	M450		1512
191.186	229.374	0	7682.979	<BeadTracker.Bead object at 0x000002EBC2BBFD30>	2.0	104	1507	1515	0	True	-450.0	M450		1515
191.103	229.36	0	7546.817	<BeadTracker.Bead object at 0x000002EBC2BBFC40>	2.0	105	1510	1518	0	True	-475.0	M450		1518
191.049	229.067	0	10275.677	<BeadTracker.Bead object at 0x000002EBC740FF10>	1.0	106	1512	1520	1	True	-475.0	M450		1520
191.246	228.902	0	10251.744	<BeadTracker.Bead object at 0x000002EBC2380340>	1.0	107	1515	1523	1	True	-476.0	M450		1523
191.135	228.454	0	10214.949	<BeadTracker.Bead object at 0x000002EBC2355730>	1.0	108	1518	1526	1	True	-503.0	M450		1526
190.521	227.897	0	10257.268	<BeadTracker.Bead object at 0x000002EBC2BBC0D0>	1.0	109	1521	1530	0	True	-526.0	M450		1530
190.483	227.484	0	10208.8	<BeadTracker.Bead object at 0x000002EBC2BBC1F0>	1.0	110	1524	1533	0	True	-524.0	M450		1533
190.144	226.999	0	10191.668	<BeadTracker.Bead object at 0x000002EBC2BBC400>	1.0	111	1527	1536	0	True	-534.0	M450		1536
189.868	226.674	0	10256.147	<BeadTracker.Bead object at 0x000002EBC62F7B80>	1.0	112	1530	1539	0	True	-517.0	M450		1539
190.057	226.425	0	10255.894	<BeadTracker.Bead object at 0x000002EBC62F7490>	1.0	113	1533	1542	0	True	-505.0	M450		1542
190.09	226.315	0	10227.414	<BeadTracker.Bead object at 0x000002EBC62E5D60>	1.0	114	1536	1545	0	True	-503.0	M450		1545
189.89	226.11	10	4649.95	<BeadTracker.Bead object at 0x000002EBC62E5610>	0.0	0	1539	1548	0	True	-542.0	M450		1548
189.869	225.912	10	6226.816	<BeadTracker.Bead object at 0x000002EBC62E5B20>	0.0	0	1540	1549	0	True	-502.0	M450		1549
189.921	226.0	10	6639.483	<BeadTracker.Bead object at 0x000002EBC62E5EE0>	0.0	0	1541	1550	0	True	-462.0	M450		1550
189.938	226.018	10	6730.013	<BeadTracker.Bead object at 0x000002EBC62E5130>	0.0	0	1542	1551	0	True	-440.0	M450		1551
189.951	226.082	10	6770.13	<BeadTracker.Bead object at 0x000002EBC62E51C0>	0.0	0	1543	1552	0	True	-433.0	M450		1552
189.945	225.965	10	6935.032	<BeadTracker.Bead object at 0x000002EBC21C9CA0>	0.0	0	1544	1553	0	True	-431.0	M450		1553
189.943	226.149	10	6800.791	<BeadTracker.Bead object at 0x000002EBC21C9EB0>	0.0	0	1545	1554	0	True	-431.0	M450		1554
189.931	226.075	10	6871.078	<BeadTracker.Bead object at 0x000002EBC21C9D60>	0.0	0	1546	1555	0	True	-431.0	M450		1555
189.971	226.09	10	6930.695	<BeadTracker.Bead object at 0x000002EBC21C9E50>	0.0	0	1547	1556	0	True	-430.0	M450		1556
189.95	225.967	10	6957.124	<BeadTracker.Bead object at 0x000002EBC21C9DC0>	0.0	0	1548	1557	0	True	-431.0	M450		1557
189.931	226.203	10	6882.905	<BeadTracker.Bead object at 0x000002EBC21C9910>	0.0	0	1549	1558	0	True	-429.0	M450		1558
189.939	226.192	10	6941.473	<BeadTracker.Bead object at 0x000002EBC21C9070>	0.0	0	1550	1559	0	True	-429.0	M450		1559
189.924	226.243	10	7030.23	<BeadTracker.Bead object at 0x000002EBC21C98E0>	0.0	0	1551	1560	0	True	-414.0	M450		1560
189.952	226.236	10	7020.827	<BeadTracker.Bead object at 0x000002EBCC938EE0>	0.0	0	1552	1561	0	True	-414.0	M450		1561
189.899	226.248	10	7010.352	<BeadTracker.Bead object at 0x000002EBCC9381C0>	0.0	0	1553	1562	0	True	-428.0	M450		1562
189.873	226.278	10	6955.52	<BeadTracker.Bead object at 0x000002EBCC938F10>	0.0	0	1554	1563	0	True	-429.0	M450		1563
189.903	226.197	10	7021.202	<BeadTracker.Bead object at 0x000002EBCC9388E0>	0.0	0	1555	1564	0	True	-414.0	M450		1564
189.901	226.326	10	6981.097	<BeadTracker.Bead object at 0x000002EBCC9380A0>	0.0	0	1556	1565	0	True	-428.0	M450		1565
189.875	226.299	10	6953.951	<BeadTracker.Bead object at 0x000002EBCC938910>	0.0	0	1557	1566	0	True	-428.0	M450		1566
189.899	226.214	10	7015.435	<BeadTracker.Bead object at 0x000002EBCC9384C0>	0.0	0	1558	1567	0	True	-415.0	M450		1567
189.916	226.296	10	7022.501	<BeadTracker.Bead object at 0x000002EBCC938DF0>	0.0	0	1559	1568	0	True	-428.0	M450		1568
189.906	226.345	10	7024.053	<BeadTracker.Bead object at 0x000002EBCC9387C0>	0.0	0	1560	1569	0	True	-427.0	M450		1569
189.904	226.447	10	7016.204	<BeadTracker.Bead object at 0x000002EBC1377970>	0.0	0	1561	1570	0	True	-428.0	M450		1570
189.901	226.387	10	7098.311	<BeadTracker.Bead object at 0x000002EBC1377C70>	0.0	0	1562	1571	0	True	-411.0	M450		1571
189.946	226.473	10	7131.686	<BeadTracker.Bead object at 0x000002EBC1377E50>	0.0	0	1563	1572	0	True	-411.0	M450		1572
189.952	226.511	10	7168.411	<BeadTracker.Bead object at 0x000002EBC1377160>	0.0	0	1564	1573	0	True	-416.0	M450		1573
189.981	226.607	10	7139.942	<BeadTracker.Bead object at 0x000002EBC13778B0>	0.0	0	1565	1574	0	True	-418.0	M450		1574
189.976	226.366	10	7209.385	<BeadTracker.Bead object at 0x000002EBC1377220>	0.0	0	1566	1575	0	True	-408.0	M450		1575
190.028	226.449	10	7206.438	<BeadTracker.Bead object at 0x000002EBC1377250>	0.0	0	1567	1576	0	True	-408.0	M450		1576
190.044	226.411	10	7229.484	<BeadTracker.Bead object at 0x000002EBCC96D0A0>	0.0	0	1568	1577	0	True	-407.0	M450		1577
190.066	226.549	10	7230.29	<BeadTracker.Bead object at 0x000002EBCC96D0D0>	0.0	0	1569	1578	0	True	-398.0	M450		1578
190.1	226.461	10	7295.483	<BeadTracker.Bead object at 0x000002EBCC96D160>	0.0	0	1570	1579	0	True	-406.0	M450		1579
190.063	226.412	10	7326.729	<BeadTracker.Bead object at 0x000002EBCC96D820>	0.0	0	1571	1580	0	True	-405.0	M450		1580
190.087	226.489	10	7350.169	<BeadTracker.Bead object at 0x000002EBCC96D100>	0.0	0	1572	1581	0	True	-403.0	M450		1581
190.117	226.456	10	7407.086	<BeadTracker.Bead object at 0x000002EBCC96DD90>	0.0	0	1573	1582	0	True	-392.0	M450		1582
190.136	226.601	10	7427.825	<BeadTracker.Bead object at 0x000002EBCC96DFA0>	0.0	0	1574	1583	0	True	-390.0	M450		1583
190.149	226.565	10	7446.145	<BeadTracker.Bead object at 0x000002EBCC96D8B0>	0.0	0	1575	1584	0	True	-390.0	M450		1584
190.167	226.705	10	7490.36	<BeadTracker.Bead object at 0x000002EBCC96F100>	0.0	0	1576	1585	0	True	-388.0	M450		1585
190.157	226.639	10	7563.274	<BeadTracker.Bead object at 0x000002EBCC96F1C0>	0.0	0	1577	1586	0	True	-387.0	M450		1586
190.179	226.693	10	7521.189	<BeadTracker.Bead object at 0x000002EBCC96F940>	0.0	0	1578	1587	0	True	-387.0	M450		1587
190.146	226.793	10	7551.368	<BeadTracker.Bead object at 0x000002EBCC96FEB0>	0.0	0	1579	1588	0	True	-363.0	M450		1588
190.223	226.752	10	7623.516	<BeadTracker.Bead object at 0x000002EBCC96FC10>	0.0	0	1580	1589	0	True	-363.0	M450		1589
190.214	226.862	10	7570.33	<BeadTracker.Bead object at 0x000002EBCC96FDF0>	0.0	0	1581	1590	0	True	-364.0	M450		1590
190.208	226.768	10	7580.539	<BeadTracker.Bead object at 0x000002EBCC96F490>	0.0	0	1582	1591	0	True	-363.0	M450		1591
190.189	226.842	10	7647.002	<BeadTracker.Bead object at 0x000002EBCC96F4C0>	0.0	0	1583	1592	0	True	-363.0	M450		1592
190.147	226.865	10	7663.11	<BeadTracker.Bead object at 0x000002EBC4DDA760>	0.0	0	1584	1593	0	True	-362.0	M450		1593
190.127	226.931	10	7631.264	<BeadTracker.Bead object at 0x000002EBC4DDA6A0>	0.0	0	1585	1594	0	True	-363.0	M450		1594
190.038	226.898	10	7663.869	<BeadTracker.Bead object at 0x000002EBC4DDADF0>	0.0	0	1586	1595	0	True	-363.0	M450		1595
190.063	226.886	10	7657.322	<BeadTracker.Bead object at 0x000002EBC4DDAAF0>	0.0	0	1587	1596	0	True	-363.0	M450		1596
190.104	226.886	10	7701.521	<BeadTracker.Bead object at 0x000002EBC4DDA910>	0.0	0	1588	1597	0	True	-361.0	M450		1597
190.094	226.967	10	7723.788	<BeadTracker.Bead object at 0x000002EBC4DDA4C0>	0.0	0	1589	1598	0	True	-361.0	M450		1598
190.023	226.895	10	7773.3	<BeadTracker.Bead object at 0x000002EBC4DDA220>	0.0	0	1590	1599	0	True	-360.0	M450		1599
190.038	226.954	10	7742.685	<BeadTracker.Bead object at 0x000002EBC4DDA8B0>	0.0	0	1591	1600	0	True	-360.0	M450		1600
190.059	226.879	10	7793.908	<BeadTracker.Bead object at 0x000002EBC4DD6E20>	0.0	0	1592	1601	0	True	-360.0	M450		1601
190.041	226.835	10	7775.289	<BeadTracker.Bead object at 0x000002EBC4DD6970>	0.0	0	1593	1602	0	True	-361.0	M450		1602
190.058	226.696	10	7837.769	<BeadTracker.Bead object at 0x000002EBC4DD69A0>	0.0	0	1594	1603	0	True	-360.0	M450		1603
190.008	226.799	10	7815.924	<BeadTracker.Bead object at 0x000002EBC4DD6D00>	0.0	0	1595	1604	0	True	-360.0	M450		1604
189.99	226.569	10	7845.955	<BeadTracker.Bead object at 0x000002EBC4DD67C0>	0.0	0	1596	1605	0	True	-361.0	M450		1605
190.006	226.553	10	7870.742	<BeadTracker.Bead object at 0x000002EBC4DD6730>	0.0	0	1597	1606	0	True	-360.0	M450		1606
190.034	226.47	10	7884.121	<BeadTracker.Bead object at 0x000002EBC4DD6490>	0.0	0	1598	1607	0	True	-349.0	M450		1607
190.045	226.439	10	7863.419	<BeadTracker.Bead object at 0x000002EBC4DD6400>	0.0	0	1599	1608	0	True	-349.0	M450		1608
190.036	226.373	10	7845.927	<BeadTracker.Bead object at 0x000002EBC4DD63D0>	0.0	0	1600	1609	0	True	-349.0	M450		1609
190.018	226.213	10	7851.031	<BeadTracker.Bead object at 0x000002EBC4DDA040>	0.0	0	1601	1610	0	True	-349.0	M450		1610
190.007	226.12	10	7886.621	<BeadTracker.Bead object at 0x000002EBCAF83070>	0.0	0	1602	1611	0	True	-347.0	M450		1611
190.038	226.128	10	7778.656	<BeadTracker.Bead object at 0x000002EBCAF83730>	0.0	0	1603	1612	0	True	-353.0	M450		1612
189.994	225.94	10	7815.582	<BeadTracker.Bead object at 0x000002EBCAF83EB0>	0.0	0	1604	1613	0	True	-360.0	M450		1613
190.002	226.062	10	7798.081	<BeadTracker.Bead object at 0x000002EBCAF835E0>	0.0	0	1605	1614	0	True	-358.0	M450		1614
190.043	226.144	10	7874.979	<BeadTracker.Bead object at 0x000002EBCAF83370>	0.0	0	1606	1615	0	True	-348.0	M450		1615
190.076	226.262	10	7901.082	<BeadTracker.Bead object at 0x000002EBCAF836A0>	0.0	0	1607	1616	0	True	-348.0	M450		1616
190.143	226.326	10	7940.78	<BeadTracker.Bead object at 0x000002EBCAF83F40>	0.0	0	1608	1617	0	True	-348.0	M450		1617
190.152	226.629	10	7891.648	<BeadTracker.Bead object at 0x000002EBCAF752E0>	0.0	0	1609	1618	0	True	-360.0	M450		1618
190.229	226.639	10	7984.687	<BeadTracker.Bead object at 0x000002EBCAF75D90>	0.0	0	1610	1619	0	True	-360.0	M450		1619
190.2	226.811	10	7998.537	<BeadTracker.Bead object at 0x000002EBCAF754F0>	0.0	0	1611	1620	0	True	-321.0	M450		1620
190.222	226.939	10	8020.942	<BeadTracker.Bead object at 0x000002EBCAF755E0>	0.0	0	1612	1621	0	True	-321.0	M450		1621
190.279	227.048	10	8048.757	<BeadTracker.Bead object at 0x000002EBCAF75A90>	0.0	0	1613	1622	0	True	-321.0	M450		1622
190.251	227.105	10	8043.905	<BeadTracker.Bead object at 0x000002EBCAF75C40>	0.0	0	1614	1623	0	True	-323.0	M450		1623
190.262	227.201	10	8023.997	<BeadTracker.Bead object at 0x000002EBCAF75100>	0.0	0	1615	1624	0	True	-346.0	M450		1624
190.243	227.238	10	8059.195	<BeadTracker.Bead object at 0x000002EBCAF75910>	0.0	0	1616	1625	0	True	-332.0	M450		1625
190.289	227.205	10	8022.392	<BeadTracker.Bead object at 0x000002EBCAF759A0>	0.0	0	1617	1626	0	True	-345.0	M450		1626
190.257	227.323	10	8050.598	<BeadTracker.Bead object at 0x000002EBC60C3460>	0.0	0	1618	1627	0	True	-331.0	M450		1627
190.276	227.405	10	8105.742	<BeadTracker.Bead object at 0x000002EBC60C3100>	0.0	0	1619	1628	0	True	-331.0	M450		1628
190.265	227.417	10	8101.738	<BeadTracker.Bead object at 0x000002EBC60C3640>	0.0	0	1620	1629	0	True	-347.0	M450		1629
190.312	227.434	10	8098.735	<BeadTracker.Bead object at 0x000002EBC60C3370>	0.0	0	1621	1630	0	True	-331.0	M450		1630
190.319	227.469	10	8135.862	<BeadTracker.Bead object at 0x000002EBC60C3400>	0.0	0	1622	1631	0	True	-347.0	M450		1631
190.335	227.627	10	8137.126	<BeadTracker.Bead object at 0x000002EBC60C3F70>	0.0	0	1623	1632	0	True	-321.0	M450		1632
190.392	227.539	10	8181.34	<BeadTracker.Bead object at 0x000002EBC60C3D00>	0.0	0	1624	1633	0	True	-321.0	M450		1633
190.39	227.646	10	8208.742	<BeadTracker.Bead object at 0x000002EBC7A5FA90>	0.0	0	1625	1634	0	True	-320.0	M450		1634
190.398	227.71	10	8162.198	<BeadTracker.Bead object at 0x000002EBC7A5FEB0>	0.0	0	1626	1635	0	True	-321.0	M450		1635
190.385	227.785	10	8170.779	<BeadTracker.Bead object at 0x000002EBC7A5FCD0>	0.0	0	1627	1636	0	True	-320.0	M450		1636
190.428	227.764	10	8203.375	<BeadTracker.Bead object at 0x000002EBC7A5F940>	0.0	0	1628	1637	0	True	-320.0	M450		1637
190.398	227.875	10	8205.333	<BeadTracker.Bead object at 0x000002EBC7A5F130>	0.0	0	1629	1638	0	True	-320.0	M450		1638
190.395	227.812	10	8178.125	<BeadTracker.Bead object at 0x000002EBC7A5F310>	0.0	0	1630	1639	0	True	-320.0	M450		1639
190.414	227.838	10	8209.787	<BeadTracker.Bead object at 0x000002EBC7A5FB80>	0.0	0	1631	1640	0	True	-320.0	M450		1640
190.375	227.878	10	8211.519	<BeadTracker.Bead object at 0x000002EBCC288B20>	0.0	0	1632	1641	0	True	-319.0	M450		1641
190.404	227.97	10	8167.823	<BeadTracker.Bead object at 0x000002EBCC288B50>	0.0	0	1633	1642	0	True	-319.0	M450		1642
190.373	227.889	10	8204.528	<BeadTracker.Bead object at 0x000002EBCC2887F0>	0.0	0	1634	1643	0	True	-319.0	M450		1643
190.354	227.983	10	8186.736	<BeadTracker.Bead object at 0x000002EBCC288D90>	0.0	0	1635	1644	0	True	-318.0	M450		1644
190.375	227.923	10	8231.294	<BeadTracker.Bead object at 0x000002EBCC2889A0>	0.0	0	1636	1645	0	True	-318.0	M450		1645
190.343	227.974	10	8147.069	<BeadTracker.Bead object at 0x000002EBCC288E80>	0.0	0	1637	1646	0	True	-320.0	M450		1646
190.343	227.936	10	8134.838	<BeadTracker.Bead object at 0x000002EBCC288130>	0.0	0	1638	1647	0	True	-320.0	M450		1647
190.374	227.894	10	8144.311	<BeadTracker.Bead object at 0x000002EBCC288610>	0.0	0	1639	1648	0	True	-320.0	M450		1648
190.375	227.9	10	8165.247	<BeadTracker.Bead object at 0x000002EBCC2881C0>	0.0	0	1640	1649	0	True	-320.0	M450		1649
190.39	227.904	10	8094.884	<BeadTracker.Bead object at 0x000002EBCD6A6D30>	0.0	0	1641	1650	0	True	-321.0	M450		1650
190.393	227.813	10	8111.517	<BeadTracker.Bead object at 0x000002EBCD6A67C0>	0.0	0	1642	1651	0	True	-320.0	M450		1651
190.379	227.791	10	8133.802	<BeadTracker.Bead object at 0x000002EBCD6A6340>	0.0	0	1643	1652	0	True	-321.0	M450		1652
190.371	227.712	10	8113.31	<BeadTracker.Bead object at 0x000002EBCD6A6430>	0.0	0	1644	1653	0	True	-320.0	M450		1653
190.359	227.816	10	8132.513	<BeadTracker.Bead object at 0x000002EBCD6A6640>	0.0	0	1645	1654	0	True	-320.0	M450		1654
190.369	227.738	10	8146.769	<BeadTracker.Bead object at 0x000002EBCD6A6B80>	0.0	0	1646	1655	0	True	-321.0	M450		1655
190.342	227.666	10	8131.366	<BeadTracker.Bead object at 0x000002EBCD6A64C0>	0.0	0	1647	1656	0	True	-321.0	M450		1656
190.356	227.694	10	8090.306	<BeadTracker.Bead object at 0x000002EBCC290400>	0.0	0	1648	1657	0	True	-321.0	M450		1657
190.428	227.772	10	8073.121	<BeadTracker.Bead object at 0x000002EBCC290550>	0.0	0	1649	1658	0	True	-321.0	M450		1658
190.403	227.69	10	8054.49	<BeadTracker.Bead object at 0x000002EBCC2905E0>	0.0	0	1650	1659	0	True	-321.0	M450		1659
190.328	227.766	10	8010.461	<BeadTracker.Bead object at 0x000002EBCC290730>	0.0	0	1651	1660	0	True	-359.0	M450		1660
190.321	227.668	10	8025.747	<BeadTracker.Bead object at 0x000002EBCC290FD0>	0.0	0	1652	1661	0	True	-359.0	M450		1661
190.318	227.808	10	7985.287	<BeadTracker.Bead object at 0x000002EBCC290130>	0.0	0	1653	1662	0	True	-359.0	M450		1662
190.285	227.639	10	7986.72	<BeadTracker.Bead object at 0x000002EBCC290850>	0.0	0	1654	1663	0	True	-360.0	M450		1663
190.33	227.695	10	7993.818	<BeadTracker.Bead object at 0x000002EBCC2909A0>	0.0	0	1655	1664	0	True	-359.0	M450		1664
190.301	227.73	10	7881.158	<BeadTracker.Bead object at 0x000002EBCC290B50>	0.0	0	1656	1665	0	True	-360.0	M450		1665
190.255	227.666	10	7929.146	<BeadTracker.Bead object at 0x000002EBCD6974F0>	0.0	0	1657	1666	0	True	-360.0	M450		1666
190.26	227.582	10	7930.721	<BeadTracker.Bead object at 0x000002EBCD6970A0>	0.0	0	1658	1667	0	True	-360.0	M450		1667
190.248	227.536	10	7930.943	<BeadTracker.Bead object at 0x000002EBCD697FA0>	0.0	0	1659	1668	0	True	-360.0	M450		1668
190.215	227.502	10	7880.975	<BeadTracker.Bead object at 0x000002EBCD697430>	0.0	0	1660	1669	0	True	-361.0	M450		1669
190.19	227.415	10	7956.293	<BeadTracker.Bead object at 0x000002EBCD697B80>	0.0	0	1661	1670	0	True	-349.0	M450		1670
190.183	227.442	10	7878.992	<BeadTracker.Bead object at 0x000002EBCD697070>	0.0	0	1662	1671	0	True	-349.0	M450		1671
190.212	227.461	10	7876.319	<BeadTracker.Bead object at 0x000002EBCC29C5B0>	0.0	0	1663	1672	0	True	-349.0	M450		1672
190.212	227.399	10	7968.058	<BeadTracker.Bead object at 0x000002EBCC29C520>	0.0	0	1664	1673	0	True	-349.0	M450		1673
190.192	227.408	10	7892.878	<BeadTracker.Bead object at 0x000002EBCC29C910>	0.0	0	1665	1674	0	True	-349.0	M450		1674
190.203	227.346	10	7878.78	<BeadTracker.Bead object at 0x000002EBCC29CD90>	0.0	0	1666	1675	0	True	-349.0	M450		1675
190.181	227.39	10	7798.395	<BeadTracker.Bead object at 0x000002EBCC29C310>	0.0	0	1667	1676	0	True	-350.0	M450		1676
190.16	227.234	10	7852.762	<BeadTracker.Bead object at 0x000002EBCC29CCD0>	0.0	0	1668	1677	0	True	-350.0	M450		1677
190.175	227.334	10	7796.869	<BeadTracker.Bead object at 0x000002EBCC29C1C0>	0.0	0	1669	1678	0	True	-350.0	M450		1678
190.199	227.198	10	7799.457	<BeadTracker.Bead object at 0x000002EBCC29C250>	0.0	0	1670	1679	0	True	-351.0	M450		1679
190.136	227.273	10	7802.969	<BeadTracker.Bead object at 0x000002EBC484B490>	0.0	0	1671	1680	0	True	-350.0	M450		1680
190.09	226.93	0	7918.573	<BeadTracker.Bead object at 0x000002EBC484BEB0>	2.0	115	1673	1682	0	True	-388.0	M450		1682
189.983	227.245	0	7900.387	<BeadTracker.Bead object at 0x000002EBC484BE80>	2.0	116	1676	1685	0	True	-417.0	M450		1685
189.894	227.216	0	7893.853	<BeadTracker.Bead object at 0x000002EBCC29DC40>	2.0	117	1679	1688	0	True	-455.0	M450		1688
189.76	226.992	0	7698.071	<BeadTracker.Bead object at 0x000002EBCC29DBE0>	2.0	118	1682	1691	0	True	-475.0	M450		1691
189.597	227.308	0	7506.087	<BeadTracker.Bead object at 0x000002EBCC29D460>	2.0	119	1685	1694	0	True	-475.0	M450		1694
189.596	227.298	0	7419.431	<BeadTracker.Bead object at 0x000002EBCC2791C0>	2.0	120	1688	1697	0	True	-478.0	M450		1697
