X	Y	idxAnalysis	StdDev	Bead	status_frame	status_nUp	iF	iS	iB_inFrame	bestStd	Zr	Neighbour_L	Neighbour_R	iField
354.74	225.017	0	1445.946	<BeadTracker.Bead object at 0x000001D6AC40D8E0>	1.0	1	0	0	2	True	-406.0		M450	0
354.631	225.246	0	1488.608	<BeadTracker.Bead object at 0x000001D6AC4529A0>	1.0	2	3	3	2	True	-424.0		M450	3
354.501	225.629	0	1472.817	<BeadTracker.Bead object at 0x000001D6AC45C640>	1.0	3	6	6	2	True	-424.0		M450	6
354.352	225.512	0	1457.567	<BeadTracker.Bead object at 0x000001D6AC4622E0>	1.0	4	9	9	2	True	-407.0		M450	9
354.3	225.667	0	1502.933	<BeadTracker.Bead object at 0x000001D6AC462F70>	1.0	5	12	12	2	True	-408.0		M450	12
354.144	225.776	0	1522.713	<BeadTracker.Bead object at 0x000001D6AC469C10>	1.0	6	15	15	2	True	-404.0		M450	15
353.803	226.06	0	1476.904	<BeadTracker.Bead object at 0x000001D6AC4718E0>	1.0	7	18	18	2	True	-408.0		M450	18
353.833	225.831	-1	484.332	<BeadTracker.Bead object at 0x000001D6AC471D00>	0.1	0	19	19	1	True	-436.0		M450	19
353.457	225.769	-1	526.223	<BeadTracker.Bead object at 0x000001D6AC478550>	0.1	0	21	21	1	True	-438.0		M450	21
353.37	225.845	-1	404.515	<BeadTracker.Bead object at 0x000001D6AC478970>	0.1	0	22	22	1	True	-437.0		M450	22
353.398	225.765	-1	452.987	<BeadTracker.Bead object at 0x000001D6AC478D90>	0.1	0	23	23	1	True	-436.0		M450	23
353.685	225.819	-1	456.198	<BeadTracker.Bead object at 0x000001D6AC47F1F0>	0.1	0	24	24	1	True	-436.0		M450	24
353.594	225.765	-1	470.296	<BeadTracker.Bead object at 0x000001D6AC47F610>	0.1	0	25	25	1	True	-436.0		M450	25
353.48	225.843	-1	468.561	<BeadTracker.Bead object at 0x000001D6AC47FA30>	0.1	0	26	26	1	True	-436.0		M450	26
353.691	225.705	-1	471.136	<BeadTracker.Bead object at 0x000001D6AC47FE50>	0.1	0	27	27	1	True	-436.0		M450	27
353.624	225.829	-1	458.31	<BeadTracker.Bead object at 0x000001D6AC4862B0>	0.1	0	28	28	1	True	-436.0		M450	28
353.624	225.774	-1	465.481	<BeadTracker.Bead object at 0x000001D6AC4866D0>	0.1	0	29	29	1	True	-436.0		M450	29
353.548	225.971	-1	462.114	<BeadTracker.Bead object at 0x000001D6AC486AF0>	0.1	0	30	30	1	True	-436.0		M450	30
353.65	225.934	-1	469.468	<BeadTracker.Bead object at 0x000001D6AC486F10>	0.1	0	31	31	1	True	-436.0		M450	31
353.648	225.893	-1	460.174	<BeadTracker.Bead object at 0x000001D6AC48F370>	0.1	0	32	32	1	True	-436.0		M450	32
353.689	225.921	-1	463.577	<BeadTracker.Bead object at 0x000001D6AC48F790>	0.1	0	33	33	1	True	-436.0		M450	33
353.584	225.889	-1	473.256	<BeadTracker.Bead object at 0x000001D6AC48FBB0>	0.1	0	34	34	1	True	-436.0		M450	34
353.775	225.862	-1	470.071	<BeadTracker.Bead object at 0x000001D6AC48FFD0>	0.1	0	35	35	1	True	-436.0		M450	35
353.688	225.927	-1	466.795	<BeadTracker.Bead object at 0x000001D6AC497430>	0.1	0	36	36	1	True	-436.0		M450	36
353.648	225.995	-1	487.272	<BeadTracker.Bead object at 0x000001D6AC497850>	0.1	0	37	37	1	True	-436.0		M450	37
353.649	225.897	-1	466.349	<BeadTracker.Bead object at 0x000001D6AC497C70>	0.1	0	38	38	1	True	-436.0		M450	38
353.725	226.012	-1	490.879	<BeadTracker.Bead object at 0x000001D6AC497FD0>	0.1	0	39	39	1	True	-436.0		M450	39
353.748	226.099	-1	486.774	<BeadTracker.Bead object at 0x000001D6AC49E4F0>	0.1	0	40	40	1	True	-436.0		M450	40
353.673	226.059	-1	492.845	<BeadTracker.Bead object at 0x000001D6AC49E910>	0.1	0	41	41	1	True	-436.0		M450	41
353.567	226.037	-1	474.69	<BeadTracker.Bead object at 0x000001D6AC49ED30>	0.1	0	42	42	1	True	-436.0		M450	42
353.63	226.164	-1	497.518	<BeadTracker.Bead object at 0x000001D6AC4A6190>	0.1	0	43	43	1	True	-436.0		M450	43
353.576	225.981	-1	466.693	<BeadTracker.Bead object at 0x000001D6AC4A65B0>	0.1	0	44	44	1	True	-436.0		M450	44
353.573	225.981	-1	474.042	<BeadTracker.Bead object at 0x000001D6AC4A69D0>	0.1	0	45	45	1	True	-436.0		M450	45
353.545	225.776	-1	464.584	<BeadTracker.Bead object at 0x000001D6AC4A6DF0>	0.1	0	46	46	1	True	-436.0		M450	46
353.474	225.874	-1	472.29	<BeadTracker.Bead object at 0x000001D6AC4AE250>	0.1	0	47	47	1	True	-436.0		M450	47
353.363	226.009	-1	466.65	<BeadTracker.Bead object at 0x000001D6AC4AE670>	0.1	0	48	48	1	True	-436.0		M450	48
353.55	226.026	-1	464.066	<BeadTracker.Bead object at 0x000001D6AC4AEA90>	0.1	0	49	49	1	True	-436.0		M450	49
353.516	225.912	-1	443.909	<BeadTracker.Bead object at 0x000001D6AC4AEEB0>	0.1	0	50	50	1	True	-436.0		M450	50
353.396	225.924	-1	471.27	<BeadTracker.Bead object at 0x000001D6AC4B5310>	0.1	0	51	51	1	True	-436.0		M450	51
353.385	226.036	-1	449.993	<BeadTracker.Bead object at 0x000001D6AC4B5730>	0.1	0	52	52	1	True	-436.0		M450	52
353.531	226.023	-1	468.032	<BeadTracker.Bead object at 0x000001D6AC4B5B50>	0.1	0	53	53	1	True	-436.0		M450	53
353.474	226.118	-1	463.737	<BeadTracker.Bead object at 0x000001D6AC4B5F70>	0.1	0	54	54	1	True	-436.0		M450	54
353.473	226.078	-1	460.25	<BeadTracker.Bead object at 0x000001D6AC4BB3D0>	0.1	0	55	55	1	True	-436.0		M450	55
353.387	226.034	-1	450.059	<BeadTracker.Bead object at 0x000001D6AC4BB7F0>	0.1	0	56	56	1	True	-436.0		M450	56
353.347	226.128	-1	458.809	<BeadTracker.Bead object at 0x000001D6AC4BBC10>	0.1	0	57	57	1	True	-436.0		M450	57
353.328	226.097	-1	451.838	<BeadTracker.Bead object at 0x000001D6AC4BBF70>	0.1	0	58	58	1	True	-436.0		M450	58
353.537	226.127	-1	462.416	<BeadTracker.Bead object at 0x000001D6AC4C44C0>	0.1	0	59	59	2	True	-436.0		M450	59
353.346	226.065	-1	449.598	<BeadTracker.Bead object at 0x000001D6AC4C48E0>	0.1	0	60	60	1	True	-436.0		M450	60
353.283	226.111	-1	460.272	<BeadTracker.Bead object at 0x000001D6AC4C4D00>	0.1	0	61	61	1	True	-436.0		M450	61
353.304	226.194	-1	447.009	<BeadTracker.Bead object at 0x000001D6AC4CB160>	0.1	0	62	62	1	True	-436.0		M450	62
353.484	226.304	-1	456.759	<BeadTracker.Bead object at 0x000001D6AC4CB580>	0.1	0	63	63	1	True	-436.0		M450	63
353.501	226.186	-1	454.002	<BeadTracker.Bead object at 0x000001D6AC4CB9A0>	0.1	0	64	64	1	True	-436.0		M450	64
353.472	226.146	-1	474.28	<BeadTracker.Bead object at 0x000001D6AC4CBDC0>	0.1	0	65	65	1	True	-436.0		M450	65
353.411	226.349	-1	474.005	<BeadTracker.Bead object at 0x000001D6AC4D1220>	0.1	0	66	66	1	True	-436.0		M450	66
353.453	226.33	-1	463.27	<BeadTracker.Bead object at 0x000001D6AC4D1640>	0.1	0	67	67	1	True	-436.0		M450	67
353.488	226.479	-1	462.224	<BeadTracker.Bead object at 0x000001D6AC4D1A60>	0.1	0	68	68	1	True	-436.0		M450	68
353.513	226.413	-1	468.226	<BeadTracker.Bead object at 0x000001D6AC4D1E80>	0.1	0	69	69	1	True	-436.0		M450	69
353.446	226.303	-1	467.494	<BeadTracker.Bead object at 0x000001D6AC4D92E0>	0.1	0	70	70	1	True	-436.0		M450	70
353.462	226.526	-1	462.86	<BeadTracker.Bead object at 0x000001D6AC4D9700>	0.1	0	71	71	1	True	-436.0		M450	71
353.401	226.534	-1	453.829	<BeadTracker.Bead object at 0x000001D6AC4D9B20>	0.1	0	72	72	1	True	-436.0		M450	72
353.456	226.49	-1	452.91	<BeadTracker.Bead object at 0x000001D6AC4D9F40>	0.1	0	73	73	1	True	-437.0		M450	73
353.434	226.476	-1	462.077	<BeadTracker.Bead object at 0x000001D6AC4E23A0>	0.1	0	74	74	1	True	-437.0		M450	74
353.461	226.572	-1	465.094	<BeadTracker.Bead object at 0x000001D6AC4E27C0>	0.1	0	75	75	1	True	-436.0		M450	75
353.436	226.479	-1	453.171	<BeadTracker.Bead object at 0x000001D6AC4E2BE0>	0.1	0	76	76	1	True	-436.0		M450	76
353.542	226.521	-1	458.847	<BeadTracker.Bead object at 0x000001D6AC4E2F40>	0.1	0	77	77	1	True	-436.0		M450	77
353.373	226.337	-1	456.541	<BeadTracker.Bead object at 0x000001D6AC4E9460>	0.1	0	78	78	1	True	-436.0		M450	78
353.415	226.505	-1	470.736	<BeadTracker.Bead object at 0x000001D6AC4E9880>	0.1	0	79	79	1	True	-436.0		M450	79
353.283	226.414	-1	466.452	<BeadTracker.Bead object at 0x000001D6AC4E9CA0>	0.1	0	80	80	1	True	-436.0		M450	80
353.426	226.624	-1	476.349	<BeadTracker.Bead object at 0x000001D6AC4F1100>	0.1	0	81	81	1	True	-436.0		M450	81
353.394	226.458	-1	448.515	<BeadTracker.Bead object at 0x000001D6AC4F1550>	0.1	0	82	82	1	True	-437.0		M450	82
353.344	226.491	-1	453.058	<BeadTracker.Bead object at 0x000001D6AC4F1970>	0.1	0	83	83	1	True	-436.0		M450	83
353.276	226.346	-1	454.113	<BeadTracker.Bead object at 0x000001D6AC4F1D90>	0.1	0	84	84	1	True	-436.0		M450	84
353.243	226.396	-1	469.384	<BeadTracker.Bead object at 0x000001D6AC4F91F0>	0.1	0	85	85	1	True	-436.0		M450	85
353.216	226.404	-1	466.544	<BeadTracker.Bead object at 0x000001D6AC4F9610>	0.1	0	86	86	1	True	-436.0		M450	86
353.265	226.496	-1	464.343	<BeadTracker.Bead object at 0x000001D6AC4F9A60>	0.1	0	87	87	2	True	-436.0		M450	87
353.195	226.436	-1	459.867	<BeadTracker.Bead object at 0x000001D6AC4F9E80>	0.1	0	88	88	1	True	-437.0		M450	88
353.144	226.389	-1	460.144	<BeadTracker.Bead object at 0x000001D6AC4FF2E0>	0.1	0	89	89	1	True	-436.0		M450	89
353.179	226.452	-1	470.271	<BeadTracker.Bead object at 0x000001D6AC4FF730>	0.1	0	90	90	2	True	-436.0		M450	90
353.103	226.591	-1	475.394	<BeadTracker.Bead object at 0x000001D6AC4FFB50>	0.1	0	91	91	1	True	-436.0		M450	91
353.082	226.601	-1	461.426	<BeadTracker.Bead object at 0x000001D6AC4FFF70>	0.1	0	92	92	1	True	-436.0		M450	92
353.24	226.49	-1	461.964	<BeadTracker.Bead object at 0x000001D6AC5073D0>	0.1	0	93	93	1	True	-436.0		M450	93
353.153	226.489	-1	456.222	<BeadTracker.Bead object at 0x000001D6AC507820>	0.1	0	94	94	2	True	-436.0		M450	94
352.981	226.555	-1	476.624	<BeadTracker.Bead object at 0x000001D6AC507C70>	0.1	0	95	95	1	True	-436.0		M450	95
353.043	226.52	-1	475.288	<BeadTracker.Bead object at 0x000001D6AC507FD0>	0.1	0	96	96	1	True	-436.0		M450	96
353.097	226.575	-1	470.079	<BeadTracker.Bead object at 0x000001D6AC5114F0>	0.1	0	97	97	1	True	-436.0		M450	97
353.017	226.502	-1	473.866	<BeadTracker.Bead object at 0x000001D6AC511940>	0.1	0	98	98	2	True	-436.0		M450	98
353.037	226.541	-1	481.01	<BeadTracker.Bead object at 0x000001D6AC511D60>	0.1	0	99	99	1	True	-436.0		M450	99
352.956	226.417	-1	467.886	<BeadTracker.Bead object at 0x000001D6AC5191C0>	0.1	0	100	100	1	True	-436.0		M450	100
353.023	226.635	-1	476.739	<BeadTracker.Bead object at 0x000001D6AC5195E0>	0.1	0	101	101	1	True	-436.0		M450	101
353.025	226.484	-1	467.734	<BeadTracker.Bead object at 0x000001D6AC519A30>	0.1	0	102	102	2	True	-436.0		M450	102
353.171	226.529	-1	480.078	<BeadTracker.Bead object at 0x000001D6AC519E50>	0.1	0	103	103	1	True	-436.0		M450	103
353.082	226.59	-1	476.564	<BeadTracker.Bead object at 0x000001D6AC51F2E0>	0.1	0	104	104	2	True	-436.0		M450	104
353.09	226.704	-1	501.719	<BeadTracker.Bead object at 0x000001D6AC51F700>	0.1	0	105	105	1	True	-435.0		M450	105
353.098	226.628	-1	483.676	<BeadTracker.Bead object at 0x000001D6AC51FB50>	0.1	0	106	106	1	True	-436.0		M450	106
353.169	226.637	-1	512.074	<BeadTracker.Bead object at 0x000001D6AC51FF70>	0.1	0	107	107	1	True	-435.0		M450	107
353.096	226.553	-1	505.255	<BeadTracker.Bead object at 0x000001D6AC5263D0>	0.1	0	108	108	1	True	-435.0		M450	108
353.119	226.683	-1	512.899	<BeadTracker.Bead object at 0x000001D6AC526820>	0.1	0	109	109	2	True	-435.0		M450	109
352.924	226.675	-1	509.089	<BeadTracker.Bead object at 0x000001D6AC526C40>	0.1	0	110	110	1	True	-435.0		M450	110
353.093	226.768	-1	504.611	<BeadTracker.Bead object at 0x000001D6AC52E0D0>	0.1	0	111	111	2	True	-435.0		M450	111
353.154	226.557	-1	503.095	<BeadTracker.Bead object at 0x000001D6AC52E520>	0.1	0	112	112	2	True	-435.0		M450	112
353.183	226.623	-1	530.853	<BeadTracker.Bead object at 0x000001D6AC52E970>	0.1	0	113	113	2	True	-435.0		M450	113
353.105	226.665	-1	507.801	<BeadTracker.Bead object at 0x000001D6AC52ED90>	0.1	0	114	114	1	True	-435.0		M450	114
353.041	226.668	-1	519.205	<BeadTracker.Bead object at 0x000001D6AC5351F0>	0.1	0	115	115	1	True	-435.0		M450	115
353.106	226.632	-1	509.492	<BeadTracker.Bead object at 0x000001D6AC535610>	0.1	0	116	116	1	True	-435.0		M450	116
353.128	226.699	-1	520.272	<BeadTracker.Bead object at 0x000001D6AC535A30>	0.1	0	117	117	1	True	-435.0		M450	117
353.036	226.678	-1	533.759	<BeadTracker.Bead object at 0x000001D6AC535E50>	0.1	0	118	118	1	True	-435.0		M450	118
353.045	226.742	-1	512.654	<BeadTracker.Bead object at 0x000001D6AC53C2B0>	0.1	0	119	119	1	True	-435.0		M450	119
352.854	226.666	-1	519.257	<BeadTracker.Bead object at 0x000001D6AC53C6D0>	0.1	0	120	120	1	True	-435.0		M450	120
352.885	226.703	-1	540.424	<BeadTracker.Bead object at 0x000001D6AC53CAF0>	0.1	0	121	121	1	True	-435.0		M450	121
352.791	226.626	-1	542.191	<BeadTracker.Bead object at 0x000001D6AC53CF10>	0.1	0	122	122	1	True	-435.0		M450	122
352.85	226.771	-1	535.375	<BeadTracker.Bead object at 0x000001D6AC546370>	0.1	0	123	123	1	True	-435.0		M450	123
352.848	226.763	-1	523.833	<BeadTracker.Bead object at 0x000001D6AC5467C0>	0.1	0	124	124	2	True	-435.0		M450	124
352.73	226.636	-1	538.198	<BeadTracker.Bead object at 0x000001D6AC546BE0>	0.1	0	125	125	1	True	-435.0		M450	125
352.783	226.621	-1	527.547	<BeadTracker.Bead object at 0x000001D6AC546F40>	0.1	0	126	126	1	True	-435.0		M450	126
352.914	226.591	-1	548.352	<BeadTracker.Bead object at 0x000001D6AC54E460>	0.1	0	127	127	1	True	-435.0		M450	127
352.893	226.811	-1	541.694	<BeadTracker.Bead object at 0x000001D6AC54E880>	0.1	0	128	128	1	True	-435.0		M450	128
352.658	226.679	-1	561.215	<BeadTracker.Bead object at 0x000001D6AC54ECA0>	0.1	0	129	129	1	True	-435.0		M450	129
352.706	226.715	-1	529.99	<BeadTracker.Bead object at 0x000001D6AC555100>	0.1	0	130	130	1	True	-435.0		M450	130
352.728	226.687	-1	557.105	<BeadTracker.Bead object at 0x000001D6AC555520>	0.1	0	131	131	1	True	-435.0		M450	131
352.782	226.82	-1	544.559	<BeadTracker.Bead object at 0x000001D6AC555940>	0.1	0	132	132	1	True	-435.0		M450	132
352.833	226.9	-1	552.955	<BeadTracker.Bead object at 0x000001D6AC555D90>	0.1	0	133	133	2	True	-435.0		M450	133
352.657	226.733	-1	526.108	<BeadTracker.Bead object at 0x000001D6AC55D1F0>	0.1	0	134	134	1	True	-435.0		M450	134
352.734	226.825	-1	541.502	<BeadTracker.Bead object at 0x000001D6AC55D610>	0.1	0	135	135	1	True	-435.0		M450	135
352.734	226.798	-1	541.461	<BeadTracker.Bead object at 0x000001D6AC55DA30>	0.1	0	136	136	1	True	-435.0		M450	136
352.81	226.865	-1	546.441	<BeadTracker.Bead object at 0x000001D6AC55DE50>	0.1	0	137	137	1	True	-435.0		M450	137
352.93	226.85	-1	534.637	<BeadTracker.Bead object at 0x000001D6AC5642B0>	0.1	0	138	138	1	True	-435.0		M450	138
352.836	227.024	-1	543.531	<BeadTracker.Bead object at 0x000001D6AC5646D0>	0.1	0	139	139	1	True	-435.0		M450	139
352.723	226.967	-1	526.687	<BeadTracker.Bead object at 0x000001D6AC564AF0>	0.1	0	140	140	1	True	-435.0		M450	140
352.908	227.013	-1	537.911	<BeadTracker.Bead object at 0x000001D6AC564F10>	0.1	0	141	141	1	True	-435.0		M450	141
352.898	226.972	-1	537.452	<BeadTracker.Bead object at 0x000001D6AC56C370>	0.1	0	142	142	1	True	-435.0		M450	142
352.994	227.192	-1	538.627	<BeadTracker.Bead object at 0x000001D6AC56C7C0>	0.1	0	143	143	2	True	-435.0		M450	143
352.815	226.889	-1	556.207	<BeadTracker.Bead object at 0x000001D6AC56CBE0>	0.1	0	144	144	1	True	-435.0		M450	144
352.8	226.898	-1	553.864	<BeadTracker.Bead object at 0x000001D6AC56CF40>	0.1	0	145	145	1	True	-435.0		M450	145
352.768	226.995	-1	552.931	<BeadTracker.Bead object at 0x000001D6AC575460>	0.1	0	146	146	1	True	-435.0		M450	146
352.791	227.111	-1	553.296	<BeadTracker.Bead object at 0x000001D6AC5758B0>	0.1	0	147	147	1	True	-435.0		M450	147
352.78	227.084	-1	540.102	<BeadTracker.Bead object at 0x000001D6AC575CD0>	0.1	0	148	148	1	True	-435.0		M450	148
352.778	226.965	-1	568.026	<BeadTracker.Bead object at 0x000001D6AC57B130>	0.1	0	149	149	1	True	-434.0		M450	149
352.779	227.093	-1	567.852	<BeadTracker.Bead object at 0x000001D6AC57B550>	0.1	0	150	150	1	True	-434.0		M450	150
352.967	227.097	-1	554.092	<BeadTracker.Bead object at 0x000001D6AC57B970>	0.1	0	151	151	1	True	-435.0		M450	151
352.896	227.103	1	547.558	<BeadTracker.Bead object at 0x000001D6AC57BD90>	0.0	0	152	152	1	True	-435.0		M450	152
352.846	227.133	1	548.605	<BeadTracker.Bead object at 0x000001D6AC583220>	0.0	0	153	153	2	True	-435.0		M450	153
352.785	227.038	1	539.585	<BeadTracker.Bead object at 0x000001D6AC583670>	0.0	0	154	154	2	True	-435.0		M450	154
352.782	227.043	1	538.832	<BeadTracker.Bead object at 0x000001D6AC583A90>	0.0	0	155	155	1	True	-435.0		M450	155
352.806	227.092	1	554.504	<BeadTracker.Bead object at 0x000001D6AC583EB0>	0.0	0	156	156	1	True	-434.0		M450	156
352.741	227.043	1	569.004	<BeadTracker.Bead object at 0x000001D6AC58A310>	0.0	0	157	157	1	True	-435.0		M450	157
352.659	227.013	1	566.701	<BeadTracker.Bead object at 0x000001D6AC58A760>	0.0	0	158	158	2	True	-434.0		M450	158
352.614	226.953	1	583.719	<BeadTracker.Bead object at 0x000001D6AC58AB80>	0.0	0	159	159	1	True	-434.0		M450	159
352.492	227.008	1	565.375	<BeadTracker.Bead object at 0x000001D6AC58AFA0>	0.0	0	160	160	1	True	-434.0		M450	160
352.55	227.054	1	575.411	<BeadTracker.Bead object at 0x000001D6AC593430>	0.0	0	161	161	2	True	-434.0		M450	161
352.447	226.949	1	555.624	<BeadTracker.Bead object at 0x000001D6AC593850>	0.0	0	162	162	1	True	-435.0		M450	162
352.474	226.906	1	559.749	<BeadTracker.Bead object at 0x000001D6AC593C70>	0.0	0	163	163	1	True	-434.0		M450	163
352.455	226.878	1	562.179	<BeadTracker.Bead object at 0x000001D6AC593FD0>	0.0	0	164	164	1	True	-434.0		M450	164
352.429	227.047	1	572.815	<BeadTracker.Bead object at 0x000001D6AC59C4F0>	0.0	0	165	165	1	True	-434.0		M450	165
352.5	226.994	1	545.485	<BeadTracker.Bead object at 0x000001D6AC59C910>	0.0	0	166	166	1	True	-435.0		M450	166
352.483	227.011	1	556.826	<BeadTracker.Bead object at 0x000001D6AC59CD30>	0.0	0	167	167	1	True	-434.0		M450	167
352.439	227.043	1	552.265	<BeadTracker.Bead object at 0x000001D6AC5A3190>	0.0	0	168	168	1	True	-434.0		M450	168
352.393	227.047	1	571.072	<BeadTracker.Bead object at 0x000001D6AC5A35B0>	0.0	0	169	169	1	True	-434.0		M450	169
352.469	227.052	1	570.732	<BeadTracker.Bead object at 0x000001D6AC5A39D0>	0.0	0	170	170	1	True	-434.0		M450	170
352.599	227.091	1	564.453	<BeadTracker.Bead object at 0x000001D6AC5A3DF0>	0.0	0	171	171	1	True	-435.0		M450	171
352.39	227.071	1	551.269	<BeadTracker.Bead object at 0x000001D6AC5AA250>	0.0	0	172	172	1	True	-434.0		M450	172
352.398	227.025	1	586.796	<BeadTracker.Bead object at 0x000001D6AC5AA670>	0.0	0	173	173	1	True	-434.0		M450	173
352.427	227.128	1	569.236	<BeadTracker.Bead object at 0x000001D6AC5AAA90>	0.0	0	174	174	1	True	-434.0		M450	174
352.462	227.115	1	569.335	<BeadTracker.Bead object at 0x000001D6AC5AAEB0>	0.0	0	175	175	1	True	-434.0		M450	175
352.516	227.08	1	570.074	<BeadTracker.Bead object at 0x000001D6AC5B2310>	0.0	0	176	176	1	True	-435.0		M450	176
352.583	227.114	1	560.667	<BeadTracker.Bead object at 0x000001D6AC5B2730>	0.0	0	177	177	1	True	-434.0		M450	177
352.508	227.095	1	571.243	<BeadTracker.Bead object at 0x000001D6AC5B2B50>	0.0	0	178	178	1	True	-434.0		M450	178
352.486	227.164	1	592.083	<BeadTracker.Bead object at 0x000001D6AC5B2FA0>	0.0	0	179	179	2	True	-434.0		M450	179
352.587	227.1	1	581.061	<BeadTracker.Bead object at 0x000001D6AC5B9430>	0.0	0	180	180	2	True	-434.0		M450	180
352.617	227.196	1	582.345	<BeadTracker.Bead object at 0x000001D6AC5B9850>	0.0	0	181	181	1	True	-434.0		M450	181
352.693	227.06	1	600.325	<BeadTracker.Bead object at 0x000001D6AC5B9CA0>	0.0	0	182	182	2	True	-434.0		M450	182
352.554	227.139	1	608.674	<BeadTracker.Bead object at 0x000001D6AC5C0100>	0.0	0	183	183	1	True	-434.0		M450	183
352.587	227.141	1	602.198	<BeadTracker.Bead object at 0x000001D6AC5C0550>	0.0	0	184	184	2	True	-434.0		M450	184
352.603	227.129	1	600.978	<BeadTracker.Bead object at 0x000001D6AC5C0970>	0.0	0	185	185	1	True	-434.0		M450	185
352.621	227.051	1	580.688	<BeadTracker.Bead object at 0x000001D6AC5C0D90>	0.0	0	186	186	1	True	-434.0		M450	186
352.628	226.907	1	609.877	<BeadTracker.Bead object at 0x000001D6AC5CB1F0>	0.0	0	187	187	1	True	-434.0		M450	187
352.625	226.921	1	604.278	<BeadTracker.Bead object at 0x000001D6AC5CB610>	0.0	0	188	188	1	True	-434.0		M450	188
352.658	226.966	1	619.485	<BeadTracker.Bead object at 0x000001D6AC5CBA60>	0.0	0	189	189	2	True	-434.0		M450	189
352.659	226.813	1	600.029	<BeadTracker.Bead object at 0x000001D6AC5CBE80>	0.0	0	190	190	1	True	-434.0		M450	190
352.657	226.759	1	626.367	<BeadTracker.Bead object at 0x000001D6AC5D12E0>	0.0	0	191	191	1	True	-434.0		M450	191
352.542	226.666	1	608.388	<BeadTracker.Bead object at 0x000001D6AC5D1700>	0.0	0	192	192	1	True	-434.0		M450	192
352.49	226.549	1	621.766	<BeadTracker.Bead object at 0x000001D6AC5D1B20>	0.0	0	193	193	1	True	-434.0		M450	193
352.616	226.476	1	613.227	<BeadTracker.Bead object at 0x000001D6AC5D1F70>	0.0	0	194	194	2	True	-434.0		M450	194
352.673	226.261	1	605.81	<BeadTracker.Bead object at 0x000001D6AC5D93D0>	0.0	0	195	195	1	True	-433.0		M450	195
352.591	226.22	1	615.404	<BeadTracker.Bead object at 0x000001D6AC5D97F0>	0.0	0	196	196	1	True	-434.0		M450	196
352.594	226.084	1	603.728	<BeadTracker.Bead object at 0x000001D6AC5D9C10>	0.0	0	197	197	1	True	-434.0		M450	197
352.481	226.068	1	598.412	<BeadTracker.Bead object at 0x000001D6AC5D9F70>	0.0	0	198	198	1	True	-434.0		M450	198
352.671	225.967	1	597.531	<BeadTracker.Bead object at 0x000001D6AC5DF4C0>	0.0	0	199	199	2	True	-434.0		M450	199
352.744	225.707	1	579.745	<BeadTracker.Bead object at 0x000001D6AC5DF8E0>	0.0	0	200	200	1	True	-435.0		M450	200
352.777	225.494	1	582.832	<BeadTracker.Bead object at 0x000001D6AC5DFD00>	0.0	0	201	201	1	True	-434.0		M450	201
352.723	225.528	1	548.795	<BeadTracker.Bead object at 0x000001D6AC5E8160>	0.0	0	202	202	1	True	-435.0		M450	202
352.87	225.425	1	547.062	<BeadTracker.Bead object at 0x000001D6AC5E8580>	0.0	0	203	203	1	True	-435.0		M450	203
353.019	225.322	1	508.238	<BeadTracker.Bead object at 0x000001D6AC5E89A0>	0.0	0	204	204	1	True	-435.0		M450	204
353.306	224.891	1	486.644	<BeadTracker.Bead object at 0x000001D6AC5E8DC0>	0.0	0	205	205	1	True	-435.0		M450	205
353.505	224.879	1	462.961	<BeadTracker.Bead object at 0x000001D6AC5F0220>	0.0	0	206	206	1	True	-436.0		M450	206
353.666	224.615	1	444.358	<BeadTracker.Bead object at 0x000001D6AC5F0640>	0.0	0	207	207	1	True	-436.0		M450	207
354.125	224.548	1	429.877	<BeadTracker.Bead object at 0x000001D6AC5F0A60>	0.0	0	208	208	1	True	-437.0		M450	208
354.606	224.294	1	426.248	<BeadTracker.Bead object at 0x000001D6AC5F0E80>	0.0	0	209	209	1	True	-438.0		M450	209
355.119	224.368	1	450.182	<BeadTracker.Bead object at 0x000001D6AC5F82E0>	0.0	0	210	210	1	True	-438.0		M450	210
465.467	289.437	1	562.966	<BeadTracker.Bead object at 0x000001D6ABCEFDF0>	0.0	0	237	237	1	True	-438.0		M450	237
465.076	289.605	1	514.842	<BeadTracker.Bead object at 0x000001D6ABCEF040>	0.0	0	238	238	1	True	-437.0		M450	238
464.55	289.9	1	493.693	<BeadTracker.Bead object at 0x000001D6ABCEA7C0>	0.0	0	239	239	1	True	-437.0		M450	239
463.949	290.331	1	470.547	<BeadTracker.Bead object at 0x000001D6ABCE5AF0>	0.0	0	240	240	1	True	-437.0		M450	240
463.518	290.378	1	449.212	<BeadTracker.Bead object at 0x000001D6AC600250>	0.0	0	241	241	1	True	-437.0		M450	241
463.354	290.521	1	439.406	<BeadTracker.Bead object at 0x000001D6AC600670>	0.0	0	242	242	1	True	-436.0		M450	242
463.12	290.592	1	442.559	<BeadTracker.Bead object at 0x000001D6AC600A90>	0.0	0	243	243	1	True	-436.0		M450	243
462.745	290.802	1	445.784	<BeadTracker.Bead object at 0x000001D6AC600EB0>	0.0	0	244	244	1	True	-436.0		M450	244
462.607	290.959	1	446.159	<BeadTracker.Bead object at 0x000001D6AC610310>	0.0	0	245	245	1	True	-436.0		M450	245
462.314	291.118	1	455.33	<BeadTracker.Bead object at 0x000001D6AC610730>	0.0	0	246	246	1	True	-436.0		M450	246
462.014	291.204	1	480.686	<BeadTracker.Bead object at 0x000001D6AC610B50>	0.0	0	247	247	1	True	-435.0		M450	247
461.987	291.408	1	476.782	<BeadTracker.Bead object at 0x000001D6AC610F70>	0.0	0	248	248	1	True	-435.0		M450	248
461.807	291.547	1	490.556	<BeadTracker.Bead object at 0x000001D6AC6183D0>	0.0	0	249	249	1	True	-435.0		M450	249
461.66	291.689	1	484.936	<BeadTracker.Bead object at 0x000001D6AC6187F0>	0.0	0	250	250	1	True	-435.0		M450	250
461.524	291.758	1	500.948	<BeadTracker.Bead object at 0x000001D6AC618C10>	0.0	0	251	251	1	True	-435.0		M450	251
461.49	291.922	1	506.679	<BeadTracker.Bead object at 0x000001D6AC618F70>	0.0	0	252	252	1	True	-435.0		M450	252
461.391	292.042	1	538.845	<BeadTracker.Bead object at 0x000001D6AC620490>	0.0	0	253	253	1	True	-435.0		M450	253
461.377	292.202	1	530.945	<BeadTracker.Bead object at 0x000001D6AC6208B0>	0.0	0	254	254	1	True	-435.0		M450	254
461.139	292.131	1	526.323	<BeadTracker.Bead object at 0x000001D6AC620CD0>	0.0	0	255	255	1	True	-435.0		M450	255
461.22	292.186	1	528.671	<BeadTracker.Bead object at 0x000001D6AC627130>	0.0	0	256	256	1	True	-435.0		M450	256
461.148	292.214	1	548.574	<BeadTracker.Bead object at 0x000001D6AC627550>	0.0	0	257	257	1	True	-435.0		M450	257
461.192	292.517	1	555.589	<BeadTracker.Bead object at 0x000001D6AC627970>	0.0	0	258	258	1	True	-435.0		M450	258
461.046	292.684	1	556.125	<BeadTracker.Bead object at 0x000001D6AC627D90>	0.0	0	259	259	1	True	-435.0		M450	259
460.951	292.64	1	530.774	<BeadTracker.Bead object at 0x000001D6AC62D1F0>	0.0	0	260	260	1	True	-435.0		M450	260
460.959	292.564	1	561.447	<BeadTracker.Bead object at 0x000001D6AC62D610>	0.0	0	261	261	1	True	-435.0		M450	261
461.003	292.753	1	547.513	<BeadTracker.Bead object at 0x000001D6AC62DA30>	0.0	0	262	262	1	True	-435.0		M450	262
460.888	292.92	1	562.525	<BeadTracker.Bead object at 0x000001D6AC62DE50>	0.0	0	263	263	1	True	-434.0		M450	263
460.833	292.982	1	556.238	<BeadTracker.Bead object at 0x000001D6AC6382B0>	0.0	0	264	264	1	True	-434.0		M450	264
460.732	292.905	1	561.836	<BeadTracker.Bead object at 0x000001D6AC6386D0>	0.0	0	265	265	1	True	-435.0		M450	265
460.741	292.92	1	559.839	<BeadTracker.Bead object at 0x000001D6AC638AF0>	0.0	0	266	266	1	True	-434.0		M450	266
460.68	292.943	1	596.631	<BeadTracker.Bead object at 0x000001D6AC638F10>	0.0	0	267	267	1	True	-434.0		M450	267
460.718	292.95	1	574.238	<BeadTracker.Bead object at 0x000001D6AC63E370>	0.0	0	268	268	1	True	-434.0		M450	268
460.664	292.967	1	596.532	<BeadTracker.Bead object at 0x000001D6AC63E790>	0.0	0	269	269	1	True	-434.0		M450	269
460.579	292.947	1	599.613	<BeadTracker.Bead object at 0x000001D6AC63EBB0>	0.0	0	270	270	1	True	-434.0		M450	270
460.456	292.938	1	612.219	<BeadTracker.Bead object at 0x000001D6AC63EFD0>	0.0	0	271	271	1	True	-434.0		M450	271
460.56	292.964	1	608.052	<BeadTracker.Bead object at 0x000001D6AC646430>	0.0	0	272	272	1	True	-434.0		M450	272
460.499	293.02	1	601.248	<BeadTracker.Bead object at 0x000001D6AC646850>	0.0	0	273	273	1	True	-434.0		M450	273
460.524	293.101	1	587.505	<BeadTracker.Bead object at 0x000001D6AC646C70>	0.0	0	274	274	1	True	-434.0		M450	274
460.379	293.057	1	589.716	<BeadTracker.Bead object at 0x000001D6AC646FD0>	0.0	0	275	275	1	True	-434.0		M450	275
460.43	293.114	1	585.043	<BeadTracker.Bead object at 0x000001D6AC64E4F0>	0.0	0	276	276	1	True	-434.0		M450	276
460.558	293.24	1	586.945	<BeadTracker.Bead object at 0x000001D6AC64E910>	0.0	0	277	277	1	True	-434.0		M450	277
460.478	293.125	1	589.908	<BeadTracker.Bead object at 0x000001D6AC64ED30>	0.0	0	278	278	1	True	-434.0		M450	278
460.334	293.114	1	587.901	<BeadTracker.Bead object at 0x000001D6AC657190>	0.0	0	279	279	1	True	-434.0		M450	279
460.349	293.179	1	593.433	<BeadTracker.Bead object at 0x000001D6AC6575B0>	0.0	0	280	280	1	True	-434.0		M450	280
460.285	293.238	1	582.924	<BeadTracker.Bead object at 0x000001D6AC6579D0>	0.0	0	281	281	1	True	-434.0		M450	281
460.361	293.131	1	607.651	<BeadTracker.Bead object at 0x000001D6AC657DF0>	0.0	0	282	282	1	True	-434.0		M450	282
460.303	293.278	1	604.026	<BeadTracker.Bead object at 0x000001D6AC65D250>	0.0	0	283	283	1	True	-434.0		M450	283
460.335	293.232	1	597.249	<BeadTracker.Bead object at 0x000001D6AC65D670>	0.0	0	284	284	1	True	-434.0		M450	284
460.236	293.48	0	1868.669	<BeadTracker.Bead object at 0x000001D6AC667310>	3.0	8	287	287	1	True	-449.0		M450	287
460.229	293.698	0	1899.166	<BeadTracker.Bead object at 0x000001D6AC667A90>	3.0	9	290	290	1	True	-449.0		M450	290
459.934	293.509	0	1969.685	<BeadTracker.Bead object at 0x000001D6AC66E250>	3.0	10	293	293	1	True	-449.0		M450	293
459.685	293.334	0	2016.414	<BeadTracker.Bead object at 0x000001D6AC66E9D0>	3.0	11	296	296	1	True	-449.0		M450	296
459.711	293.585	0	2101.268	<BeadTracker.Bead object at 0x000001D6AC675190>	3.0	12	299	299	1	True	-448.0		M450	299
459.552	293.279	0	2260.263	<BeadTracker.Bead object at 0x000001D6AC675910>	3.0	13	302	302	1	True	-448.0		M450	302
459.474	293.189	0	899.501	<BeadTracker.Bead object at 0x000001D6AC675D30>	1.0	14	303	303	1	True	-449.0		M450	303
459.749	293.643	0	3134.903	<BeadTracker.Bead object at 0x000001D6AC675FD0>	1.0	15	305	305	1	True	-389.0		M450	305
459.931	294.093	0	3252.995	<BeadTracker.Bead object at 0x000001D6AC67FD00>	1.0	16	308	308	1	True	-329.0		M450	308
460.168	294.375	0	3324.575	<BeadTracker.Bead object at 0x000001D6AC6879A0>	1.0	17	311	311	1	True	-269.0		M450	311
460.145	294.898	0	3346.414	<BeadTracker.Bead object at 0x000001D6AC68E610>	1.0	18	314	314	1	True	-251.0		M450	314
460.184	295.099	0	3356.028	<BeadTracker.Bead object at 0x000001D6AC6952B0>	1.0	19	317	317	1	True	-253.0		M450	317
460.231	295.814	0	3378.947	<BeadTracker.Bead object at 0x000001D6AC69E100>	1.0	20	320	320	1	True	-251.0		M450	320
460.459	296.265	0	3397.478	<BeadTracker.Bead object at 0x000001D6AC69EB80>	1.0	21	323	323	1	True	-191.0		M450	323
460.559	296.515	-2	1598.871	<BeadTracker.Bead object at 0x000001D6AC69EFA0>	0.1	0	324	324	1	True	-248.0		M450	324
460.509	296.578	-2	531.644	<BeadTracker.Bead object at 0x000001D6AC6A6400>	0.1	0	325	325	1	True	-307.0		M450	325
460.244	297.089	-2	1069.831	<BeadTracker.Bead object at 0x000001D6AC6A6820>	0.1	0	326	326	1	True	-349.0		M450	326
460.2	296.913	-2	1370.245	<BeadTracker.Bead object at 0x000001D6AC6A6C40>	0.1	0	327	327	1	True	-289.0		M450	327
460.374	296.936	-2	1521.215	<BeadTracker.Bead object at 0x000001D6AC6A6FA0>	0.1	0	328	328	1	True	-261.0		M450	328
460.36	296.732	-2	1530.658	<BeadTracker.Bead object at 0x000001D6AC6AF4C0>	0.1	0	329	329	1	True	-261.0		M450	329
460.402	296.793	-2	1573.455	<BeadTracker.Bead object at 0x000001D6AC6AF8E0>	0.1	0	330	330	1	True	-250.0		M450	330
460.349	296.821	-2	1535.988	<BeadTracker.Bead object at 0x000001D6AC6AFD00>	0.1	0	331	331	1	True	-261.0		M450	331
460.488	296.847	-2	1550.796	<BeadTracker.Bead object at 0x000001D6AC6B6160>	0.1	0	332	332	1	True	-261.0		M450	332
460.348	296.803	-2	1549.276	<BeadTracker.Bead object at 0x000001D6AC6B6580>	0.1	0	333	333	1	True	-261.0		M450	333
460.551	296.837	-2	1568.553	<BeadTracker.Bead object at 0x000001D6AC6B69A0>	0.1	0	334	334	1	True	-261.0		M450	334
460.389	296.75	-2	1573.935	<BeadTracker.Bead object at 0x000001D6AC6B6DC0>	0.1	0	335	335	1	True	-261.0		M450	335
460.443	296.81	-2	1567.613	<BeadTracker.Bead object at 0x000001D6AC6BE220>	0.1	0	336	336	1	True	-250.0		M450	336
460.34	296.81	-2	1547.935	<BeadTracker.Bead object at 0x000001D6AC6BE640>	0.1	0	337	337	1	True	-261.0		M450	337
460.54	296.817	-2	1557.799	<BeadTracker.Bead object at 0x000001D6AC6BEA60>	0.1	0	338	338	1	True	-261.0		M450	338
460.429	296.816	-2	1542.346	<BeadTracker.Bead object at 0x000001D6AC6BEE80>	0.1	0	339	339	1	True	-261.0		M450	339
460.399	296.828	-2	1547.323	<BeadTracker.Bead object at 0x000001D6AC6C52E0>	0.1	0	340	340	1	True	-250.0		M450	340
460.272	296.875	-2	1526.731	<BeadTracker.Bead object at 0x000001D6AC6C5700>	0.1	0	341	341	1	True	-261.0		M450	341
460.471	296.83	-2	1560.863	<BeadTracker.Bead object at 0x000001D6AC6C5B20>	0.1	0	342	342	1	True	-250.0		M450	342
460.335	296.785	-2	1553.507	<BeadTracker.Bead object at 0x000001D6AC6C5F40>	0.1	0	343	343	1	True	-250.0		M450	343
460.438	296.985	-2	1573.915	<BeadTracker.Bead object at 0x000001D6AC6CC3A0>	0.1	0	344	344	1	True	-250.0		M450	344
460.328	296.803	-2	1524.264	<BeadTracker.Bead object at 0x000001D6AC6CC7C0>	0.1	0	345	345	1	True	-261.0		M450	345
460.29	297.009	-2	1554.135	<BeadTracker.Bead object at 0x000001D6AC6CCBE0>	0.1	0	346	346	1	True	-250.0		M450	346
460.284	296.8	-2	1546.402	<BeadTracker.Bead object at 0x000001D6AC6CCF40>	0.1	0	347	347	1	True	-261.0		M450	347
460.396	296.985	-2	1575.563	<BeadTracker.Bead object at 0x000001D6AC6D3460>	0.1	0	348	348	1	True	-250.0		M450	348
460.351	296.882	-2	1573.289	<BeadTracker.Bead object at 0x000001D6AC6D3880>	0.1	0	349	349	1	True	-250.0		M450	349
460.302	296.979	-2	1585.017	<BeadTracker.Bead object at 0x000001D6AC6D3CA0>	0.1	0	350	350	1	True	-250.0		M450	350
460.215	297.075	-2	1548.092	<BeadTracker.Bead object at 0x000001D6AC6DE100>	0.1	0	351	351	1	True	-261.0		M450	351
460.335	297.08	-2	1559.486	<BeadTracker.Bead object at 0x000001D6AC6DE520>	0.1	0	352	352	1	True	-250.0		M450	352
460.33	297.071	-2	1553.969	<BeadTracker.Bead object at 0x000001D6AC6DE940>	0.1	0	353	353	1	True	-250.0		M450	353
460.425	297.114	-2	1559.972	<BeadTracker.Bead object at 0x000001D6AC6DED60>	0.1	0	354	354	1	True	-250.0		M450	354
460.316	297.126	-2	1570.586	<BeadTracker.Bead object at 0x000001D6AC6E41C0>	0.1	0	355	355	1	True	-250.0		M450	355
460.322	297.168	-2	1580.935	<BeadTracker.Bead object at 0x000001D6AC6E45E0>	0.1	0	356	356	1	True	-250.0		M450	356
460.351	297.082	-2	1573.582	<BeadTracker.Bead object at 0x000001D6AC6E4A00>	0.1	0	357	357	1	True	-250.0		M450	357
460.492	297.146	-2	1581.109	<BeadTracker.Bead object at 0x000001D6AC6E4E20>	0.1	0	358	358	1	True	-250.0		M450	358
460.407	297.17	-2	1579.853	<BeadTracker.Bead object at 0x000001D6AC6EB280>	0.1	0	359	359	1	True	-250.0		M450	359
460.423	297.288	-2	1568.688	<BeadTracker.Bead object at 0x000001D6AC6EB6A0>	0.1	0	360	360	1	True	-250.0		M450	360
460.386	297.3	-2	1583.751	<BeadTracker.Bead object at 0x000001D6AC6EBAC0>	0.1	0	361	361	1	True	-250.0		M450	361
460.512	297.276	-2	1608.508	<BeadTracker.Bead object at 0x000001D6AC6EBEE0>	0.1	0	362	362	1	True	-250.0		M450	362
460.481	297.164	-2	1633.361	<BeadTracker.Bead object at 0x000001D6AC6F4340>	0.1	0	363	363	1	True	-250.0		M450	363
460.541	297.324	-2	1623.838	<BeadTracker.Bead object at 0x000001D6AC6F4760>	0.1	0	364	364	1	True	-250.0		M450	364
460.417	297.242	-2	1594.433	<BeadTracker.Bead object at 0x000001D6AC6F4B80>	0.1	0	365	365	1	True	-250.0		M450	365
460.568	297.292	-2	1629.867	<BeadTracker.Bead object at 0x000001D6AC6F4FA0>	0.1	0	366	366	1	True	-250.0		M450	366
460.544	297.217	-2	1630.673	<BeadTracker.Bead object at 0x000001D6AC6FB400>	0.1	0	367	367	1	True	-250.0		M450	367
460.629	297.234	-2	1660.039	<BeadTracker.Bead object at 0x000001D6AC6FB820>	0.1	0	368	368	1	True	-250.0		M450	368
460.454	297.228	-2	1629.512	<BeadTracker.Bead object at 0x000001D6AC6FBC40>	0.1	0	369	369	1	True	-250.0		M450	369
460.445	297.376	-2	1644.335	<BeadTracker.Bead object at 0x000001D6AC6FBFA0>	0.1	0	370	370	1	True	-250.0		M450	370
460.36	297.198	-2	1641.204	<BeadTracker.Bead object at 0x000001D6AC7024C0>	0.1	0	371	371	1	True	-250.0		M450	371
460.589	297.215	-2	1631.154	<BeadTracker.Bead object at 0x000001D6AC7028E0>	0.1	0	372	372	1	True	-250.0		M450	372
460.502	297.201	-2	1650.327	<BeadTracker.Bead object at 0x000001D6AC702D00>	0.1	0	373	373	1	True	-250.0		M450	373
460.382	297.337	-2	1634.575	<BeadTracker.Bead object at 0x000001D6AC70B160>	0.1	0	374	374	1	True	-250.0		M450	374
460.371	297.291	-2	1638.306	<BeadTracker.Bead object at 0x000001D6AC70B580>	0.1	0	375	375	1	True	-250.0		M450	375
460.453	297.317	-2	1662.204	<BeadTracker.Bead object at 0x000001D6AC70B9A0>	0.1	0	376	376	1	True	-250.0		M450	376
460.385	297.339	-2	1658.539	<BeadTracker.Bead object at 0x000001D6AC70BDC0>	0.1	0	377	377	1	True	-250.0		M450	377
460.453	297.476	-2	1659.51	<BeadTracker.Bead object at 0x000001D6AC713220>	0.1	0	378	378	1	True	-250.0		M450	378
460.381	297.419	-2	1632.486	<BeadTracker.Bead object at 0x000001D6AC713640>	0.1	0	379	379	1	True	-250.0		M450	379
460.465	297.445	-2	1666.532	<BeadTracker.Bead object at 0x000001D6AC713A60>	0.1	0	380	380	1	True	-250.0		M450	380
460.348	297.293	-2	1651.744	<BeadTracker.Bead object at 0x000001D6AC713E80>	0.1	0	381	381	1	True	-250.0		M450	381
460.5	297.44	-2	1691.533	<BeadTracker.Bead object at 0x000001D6AC71A2E0>	0.1	0	382	382	1	True	-250.0		M450	382
460.392	297.42	-2	1683.45	<BeadTracker.Bead object at 0x000001D6AC71A700>	0.1	0	383	383	1	True	-250.0		M450	383
460.409	297.539	-2	1683.782	<BeadTracker.Bead object at 0x000001D6AC71AB20>	0.1	0	384	384	1	True	-247.0		M450	384
460.305	297.556	-2	1642.312	<BeadTracker.Bead object at 0x000001D6AC71AF40>	0.1	0	385	385	1	True	-247.0		M450	385
460.511	297.627	-2	1663.864	<BeadTracker.Bead object at 0x000001D6AC7233A0>	0.1	0	386	386	1	True	-248.0		M450	386
460.439	297.553	-2	1678.127	<BeadTracker.Bead object at 0x000001D6AC7237C0>	0.1	0	387	387	1	True	-246.0		M450	387
460.526	297.651	-2	1682.815	<BeadTracker.Bead object at 0x000001D6AC723BE0>	0.1	0	388	388	1	True	-248.0		M450	388
460.369	297.518	-2	1664.149	<BeadTracker.Bead object at 0x000001D6AC723F40>	0.1	0	389	389	1	True	-247.0		M450	389
460.455	297.557	-2	1664.131	<BeadTracker.Bead object at 0x000001D6AC729460>	0.1	0	390	390	1	True	-247.0		M450	390
460.511	297.578	-2	1688.453	<BeadTracker.Bead object at 0x000001D6AC729880>	0.1	0	391	391	1	True	-248.0		M450	391
460.661	297.773	-2	1709.758	<BeadTracker.Bead object at 0x000001D6AC729CA0>	0.1	0	392	392	1	True	-248.0		M450	392
460.519	297.7	-2	1680.843	<BeadTracker.Bead object at 0x000001D6AC731100>	0.1	0	393	393	1	True	-248.0		M450	393
460.646	297.812	-2	1681.556	<BeadTracker.Bead object at 0x000001D6AC731520>	0.1	0	394	394	1	True	-248.0		M450	394
460.564	297.609	-2	1695.224	<BeadTracker.Bead object at 0x000001D6AC731940>	0.1	0	395	395	1	True	-248.0		M450	395
460.681	297.722	-2	1713.82	<BeadTracker.Bead object at 0x000001D6AC731D60>	0.1	0	396	396	1	True	-248.0		M450	396
460.677	297.692	-2	1706.826	<BeadTracker.Bead object at 0x000001D6AC73A1C0>	0.1	0	397	397	1	True	-248.0		M450	397
460.69	297.813	-2	1689.09	<BeadTracker.Bead object at 0x000001D6AC73A5E0>	0.1	0	398	398	1	True	-248.0		M450	398
460.602	297.69	-2	1700.027	<BeadTracker.Bead object at 0x000001D6AC73AA00>	0.1	0	399	399	1	True	-248.0		M450	399
460.671	297.679	-2	1717.669	<BeadTracker.Bead object at 0x000001D6AC73AE20>	0.1	0	400	400	1	True	-247.0		M450	400
460.59	297.705	-2	1730.234	<BeadTracker.Bead object at 0x000001D6AC741280>	0.1	0	401	401	1	True	-247.0		M450	401
460.715	297.857	-2	1714.378	<BeadTracker.Bead object at 0x000001D6AC7416A0>	0.1	0	402	402	1	True	-248.0		M450	402
460.59	297.739	-2	1697.851	<BeadTracker.Bead object at 0x000001D6AC741AC0>	0.1	0	403	403	1	True	-248.0		M450	403
460.678	297.716	-2	1697.76	<BeadTracker.Bead object at 0x000001D6AC741EE0>	0.1	0	404	404	1	True	-248.0		M450	404
460.58	297.615	-2	1709.465	<BeadTracker.Bead object at 0x000001D6AC748340>	0.1	0	405	405	1	True	-247.0		M450	405
460.731	297.741	-2	1724.767	<BeadTracker.Bead object at 0x000001D6AC748760>	0.1	0	406	406	1	True	-248.0		M450	406
460.611	297.751	-2	1732.054	<BeadTracker.Bead object at 0x000001D6AC748B80>	0.1	0	407	407	1	True	-236.0		M450	407
460.553	297.731	-2	1744.858	<BeadTracker.Bead object at 0x000001D6AC748FA0>	0.1	0	408	408	1	True	-235.0		M450	408
460.4	297.541	-2	1756.82	<BeadTracker.Bead object at 0x000001D6AC752400>	0.1	0	409	409	1	True	-235.0		M450	409
460.539	297.563	-2	1742.098	<BeadTracker.Bead object at 0x000001D6AC752820>	0.1	0	410	410	1	True	-236.0		M450	410
460.395	297.603	-2	1752.683	<BeadTracker.Bead object at 0x000001D6AC752C40>	0.1	0	411	411	1	True	-235.0		M450	411
460.6	297.729	-2	1764.723	<BeadTracker.Bead object at 0x000001D6AC752FA0>	0.1	0	412	412	1	True	-235.0		M450	412
460.44	297.64	-2	1730.842	<BeadTracker.Bead object at 0x000001D6AC7594C0>	0.1	0	413	413	1	True	-235.0		M450	413
460.438	297.62	-2	1764.653	<BeadTracker.Bead object at 0x000001D6AC7598E0>	0.1	0	414	414	1	True	-235.0		M450	414
460.34	297.656	-2	1763.773	<BeadTracker.Bead object at 0x000001D6AC759D00>	0.1	0	415	415	1	True	-234.0		M450	415
460.452	297.767	-2	1764.255	<BeadTracker.Bead object at 0x000001D6AC760160>	0.1	0	416	416	1	True	-234.0		M450	416
460.458	297.761	-2	1748.25	<BeadTracker.Bead object at 0x000001D6AC760580>	0.1	0	417	417	1	True	-235.0		M450	417
460.416	297.698	-2	1718.926	<BeadTracker.Bead object at 0x000001D6AC7609A0>	0.1	0	418	418	1	True	-236.0		M450	418
460.417	297.796	-2	1724.842	<BeadTracker.Bead object at 0x000001D6AC760DC0>	0.1	0	419	419	1	True	-235.0		M450	419
460.456	297.87	-2	1726.011	<BeadTracker.Bead object at 0x000001D6AC769220>	0.1	0	420	420	1	True	-235.0		M450	420
460.373	297.71	-2	1741.977	<BeadTracker.Bead object at 0x000001D6AC769640>	0.1	0	421	421	1	True	-235.0		M450	421
460.567	298.031	-2	1744.104	<BeadTracker.Bead object at 0x000001D6AC769A60>	0.1	0	422	422	1	True	-249.0		M450	422
460.472	297.841	-2	1720.46	<BeadTracker.Bead object at 0x000001D6AC769E80>	0.1	0	423	423	1	True	-235.0		M450	423
460.413	297.939	-2	1775.464	<BeadTracker.Bead object at 0x000001D6AC7712E0>	0.1	0	424	424	1	True	-234.0		M450	424
460.325	297.968	-2	1739.606	<BeadTracker.Bead object at 0x000001D6AC771700>	0.1	0	425	425	1	True	-235.0		M450	425
460.559	298.052	-2	1790.4	<BeadTracker.Bead object at 0x000001D6AC771B20>	0.1	0	426	426	1	True	-235.0		M450	426
460.497	297.997	-2	1745.511	<BeadTracker.Bead object at 0x000001D6AC771F40>	0.1	0	427	427	1	True	-235.0		M450	427
460.461	297.975	-2	1768.743	<BeadTracker.Bead object at 0x000001D6AC7773A0>	0.1	0	428	428	1	True	-235.0		M450	428
460.357	298.075	-2	1763.454	<BeadTracker.Bead object at 0x000001D6AC7777C0>	0.1	0	429	429	1	True	-235.0		M450	429
460.525	298.125	-2	1788.688	<BeadTracker.Bead object at 0x000001D6AC777BE0>	0.1	0	430	430	1	True	-236.0		M450	430
460.447	298.096	-2	1794.771	<BeadTracker.Bead object at 0x000001D6AC777F40>	0.1	0	431	431	1	True	-234.0		M450	431
460.599	298.251	-2	1805.981	<BeadTracker.Bead object at 0x000001D6AC77F460>	0.1	0	432	432	1	True	-249.0		M450	432
460.514	298.121	-2	1758.357	<BeadTracker.Bead object at 0x000001D6AC77F880>	0.1	0	433	433	1	True	-236.0		M450	433
460.571	298.191	-2	1809.923	<BeadTracker.Bead object at 0x000001D6AC77FCA0>	0.1	0	434	434	1	True	-235.0		M450	434
460.486	298.124	-2	1815.157	<BeadTracker.Bead object at 0x000001D6AC787100>	0.1	0	435	435	1	True	-234.0		M450	435
460.661	298.174	-2	1825.732	<BeadTracker.Bead object at 0x000001D6AC787520>	0.1	0	436	436	1	True	-235.0		M450	436
460.633	298.069	-2	1827.711	<BeadTracker.Bead object at 0x000001D6AC787940>	0.1	0	437	437	1	True	-235.0		M450	437
460.655	298.266	-2	1838.54	<BeadTracker.Bead object at 0x000001D6AC787D60>	0.1	0	438	438	1	True	-235.0		M450	438
460.492	298.206	-2	1831.004	<BeadTracker.Bead object at 0x000001D6AC78F1C0>	0.1	0	439	439	1	True	-234.0		M450	439
460.653	298.256	-2	1865.416	<BeadTracker.Bead object at 0x000001D6AC78F5E0>	0.1	0	440	440	1	True	-235.0		M450	440
460.619	298.021	-2	1852.153	<BeadTracker.Bead object at 0x000001D6AC78FA00>	0.1	0	441	441	1	True	-234.0		M450	441
460.74	298.099	-2	1859.713	<BeadTracker.Bead object at 0x000001D6AC78FE20>	0.1	0	442	442	1	True	-234.0		M450	442
460.602	298.03	-2	1853.855	<BeadTracker.Bead object at 0x000001D6AC797280>	0.1	0	443	443	1	True	-234.0		M450	443
460.662	298.175	-2	1881.91	<BeadTracker.Bead object at 0x000001D6AC7976A0>	0.1	0	444	444	1	True	-234.0		M450	444
460.524	298.099	-2	1875.52	<BeadTracker.Bead object at 0x000001D6AC797AC0>	0.1	0	445	445	1	True	-234.0		M450	445
460.798	298.21	-2	1873.776	<BeadTracker.Bead object at 0x000001D6AC797EE0>	0.1	0	446	446	1	True	-234.0		M450	446
460.712	298.193	-2	1885.139	<BeadTracker.Bead object at 0x000001D6AC79F340>	0.1	0	447	447	1	True	-234.0		M450	447
460.717	298.27	-2	1921.588	<BeadTracker.Bead object at 0x000001D6AC79F760>	0.1	0	448	448	1	True	-219.0		M450	448
460.509	298.133	-2	1894.968	<BeadTracker.Bead object at 0x000001D6AC79FB80>	0.1	0	449	449	1	True	-220.0		M450	449
460.669	298.044	-2	1896.669	<BeadTracker.Bead object at 0x000001D6AC79FFA0>	0.1	0	450	450	1	True	-220.0		M450	450
460.68	298.012	-2	1903.405	<BeadTracker.Bead object at 0x000001D6AC7A7400>	0.1	0	451	451	1	True	-220.0		M450	451
460.73	298.277	-2	1914.264	<BeadTracker.Bead object at 0x000001D6AC7A7820>	0.1	0	452	452	1	True	-234.0		M450	452
460.53	298.215	-2	1912.432	<BeadTracker.Bead object at 0x000001D6AC7A7C40>	0.1	0	453	453	1	True	-234.0		M450	453
460.659	298.249	-2	1912.78	<BeadTracker.Bead object at 0x000001D6AC7A7FA0>	0.1	0	454	454	1	True	-234.0		M450	454
460.659	298.16	-2	1922.949	<BeadTracker.Bead object at 0x000001D6AC7AF4C0>	0.1	0	455	455	1	True	-220.0		M450	455
460.771	298.336	-2	1950.514	<BeadTracker.Bead object at 0x000001D6AC7AF8E0>	0.1	0	456	456	1	True	-217.0		M450	456
460.656	298.216	2	1902.252	<BeadTracker.Bead object at 0x000001D6AC7AFD00>	0.0	0	457	457	1	True	-234.0		M450	457
460.605	298.477	2	1927.709	<BeadTracker.Bead object at 0x000001D6AC7B5160>	0.0	0	458	458	1	True	-234.0		M450	458
460.375	298.405	2	1911.684	<BeadTracker.Bead object at 0x000001D6AC7B5580>	0.0	0	459	459	1	True	-217.0		M450	459
460.695	298.426	2	1936.315	<BeadTracker.Bead object at 0x000001D6AC7B59A0>	0.0	0	460	460	1	True	-234.0		M450	460
460.662	298.375	2	1929.773	<BeadTracker.Bead object at 0x000001D6AC7B5DC0>	0.0	0	461	461	1	True	-234.0		M450	461
460.701	298.444	2	1936.387	<BeadTracker.Bead object at 0x000001D6AC7BE220>	0.0	0	462	462	1	True	-234.0		M450	462
460.628	298.499	2	1937.787	<BeadTracker.Bead object at 0x000001D6AC7BE640>	0.0	0	463	463	1	True	-234.0		M450	463
460.732	298.489	2	1915.756	<BeadTracker.Bead object at 0x000001D6AC7BEA60>	0.0	0	464	464	1	True	-234.0		M450	464
460.625	298.328	2	1929.863	<BeadTracker.Bead object at 0x000001D6AC7BEE80>	0.0	0	465	465	1	True	-234.0		M450	465
460.788	298.548	2	1930.218	<BeadTracker.Bead object at 0x000001D6AC7C72E0>	0.0	0	466	466	1	True	-220.0		M450	466
460.723	298.519	2	1937.457	<BeadTracker.Bead object at 0x000001D6AC7C7700>	0.0	0	467	467	1	True	-220.0		M450	467
460.686	298.54	2	1932.493	<BeadTracker.Bead object at 0x000001D6AC7C7B20>	0.0	0	468	468	1	True	-220.0		M450	468
460.666	298.552	2	1920.306	<BeadTracker.Bead object at 0x000001D6AC7C7F40>	0.0	0	469	469	1	True	-220.0		M450	469
460.786	298.628	2	1922.778	<BeadTracker.Bead object at 0x000001D6AC7CE3A0>	0.0	0	470	470	1	True	-220.0		M450	470
460.788	298.548	2	1943.121	<BeadTracker.Bead object at 0x000001D6AC7CE7C0>	0.0	0	471	471	1	True	-220.0		M450	471
460.738	298.739	2	1953.971	<BeadTracker.Bead object at 0x000001D6AC7CEBE0>	0.0	0	472	472	1	True	-220.0		M450	472
460.719	298.664	2	1934.208	<BeadTracker.Bead object at 0x000001D6AC7CEF40>	0.0	0	473	473	1	True	-220.0		M450	473
460.823	298.674	2	1955.385	<BeadTracker.Bead object at 0x000001D6AC7D5460>	0.0	0	474	474	1	True	-220.0		M450	474
460.818	298.645	2	1944.366	<BeadTracker.Bead object at 0x000001D6AC7D5880>	0.0	0	475	475	1	True	-220.0		M450	475
460.93	298.778	2	1988.356	<BeadTracker.Bead object at 0x000001D6AC7D5CA0>	0.0	0	476	476	1	True	-219.0		M450	476
460.763	298.766	2	1955.902	<BeadTracker.Bead object at 0x000001D6AC7DE100>	0.0	0	477	477	1	True	-220.0		M450	477
460.811	298.755	2	1961.909	<BeadTracker.Bead object at 0x000001D6AC7DE520>	0.0	0	478	478	1	True	-220.0		M450	478
460.73	298.586	2	1944.857	<BeadTracker.Bead object at 0x000001D6AC7DE940>	0.0	0	479	479	1	True	-220.0		M450	479
460.846	298.62	2	2010.288	<BeadTracker.Bead object at 0x000001D6AC7DED60>	0.0	0	480	480	1	True	-219.0		M450	480
460.78	298.677	2	1977.322	<BeadTracker.Bead object at 0x000001D6AC7E41C0>	0.0	0	481	481	1	True	-220.0		M450	481
460.906	298.697	2	1989.259	<BeadTracker.Bead object at 0x000001D6AC7E45E0>	0.0	0	482	482	1	True	-220.0		M450	482
460.759	298.59	2	1957.731	<BeadTracker.Bead object at 0x000001D6AC7E4A00>	0.0	0	483	483	1	True	-220.0		M450	483
460.862	298.605	2	1977.044	<BeadTracker.Bead object at 0x000001D6AC7E4E20>	0.0	0	484	484	1	True	-220.0		M450	484
460.794	298.578	2	1977.036	<BeadTracker.Bead object at 0x000001D6AC7EC280>	0.0	0	485	485	1	True	-220.0		M450	485
460.855	298.67	2	2000.027	<BeadTracker.Bead object at 0x000001D6AC7EC6A0>	0.0	0	486	486	1	True	-219.0		M450	486
460.768	298.698	2	1972.141	<BeadTracker.Bead object at 0x000001D6AC7ECAC0>	0.0	0	487	487	1	True	-220.0		M450	487
460.863	298.587	2	1980.143	<BeadTracker.Bead object at 0x000001D6AC7ECEE0>	0.0	0	488	488	1	True	-220.0		M450	488
460.822	298.474	2	1971.875	<BeadTracker.Bead object at 0x000001D6AC7F5340>	0.0	0	489	489	1	True	-217.0		M450	489
460.907	298.729	2	1969.773	<BeadTracker.Bead object at 0x000001D6AC7F5760>	0.0	0	490	490	1	True	-220.0		M450	490
460.848	298.671	2	1971.117	<BeadTracker.Bead object at 0x000001D6AC7F5B80>	0.0	0	491	491	1	True	-220.0		M450	491
460.879	298.727	2	1988.886	<BeadTracker.Bead object at 0x000001D6AC7F5FA0>	0.0	0	492	492	1	True	-219.0		M450	492
460.798	298.667	2	1954.36	<BeadTracker.Bead object at 0x000001D6AC7FD400>	0.0	0	493	493	1	True	-220.0		M450	493
461.012	298.691	2	1967.723	<BeadTracker.Bead object at 0x000001D6AC7FD820>	0.0	0	494	494	1	True	-219.0		M450	494
461.0	298.604	2	1986.645	<BeadTracker.Bead object at 0x000001D6AC7FDC40>	0.0	0	495	495	1	True	-220.0		M450	495
460.939	298.693	2	1968.549	<BeadTracker.Bead object at 0x000001D6AC7FDFA0>	0.0	0	496	496	1	True	-220.0		M450	496
460.9	298.593	2	1946.401	<BeadTracker.Bead object at 0x000001D6AC8044C0>	0.0	0	497	497	1	True	-220.0		M450	497
461.036	298.521	2	1976.215	<BeadTracker.Bead object at 0x000001D6AC8048E0>	0.0	0	498	498	1	True	-220.0		M450	498
461.034	298.363	2	1955.661	<BeadTracker.Bead object at 0x000001D6AC804D00>	0.0	0	499	499	1	True	-217.0		M450	499
461.168	298.553	2	1958.222	<BeadTracker.Bead object at 0x000001D6AC80A160>	0.0	0	500	500	1	True	-220.0		M450	500
461.057	298.351	2	1908.543	<BeadTracker.Bead object at 0x000001D6AC80A580>	0.0	0	501	501	1	True	-234.0		M450	501
461.132	298.231	2	1913.224	<BeadTracker.Bead object at 0x000001D6AC80A9A0>	0.0	0	502	502	1	True	-219.0		M450	502
461.047	298.118	2	1871.715	<BeadTracker.Bead object at 0x000001D6AC80ADC0>	0.0	0	503	503	1	True	-234.0		M450	503
461.22	298.072	2	1875.826	<BeadTracker.Bead object at 0x000001D6AC814220>	0.0	0	504	504	1	True	-220.0		M450	504
461.26	298.006	2	1826.036	<BeadTracker.Bead object at 0x000001D6AC814640>	0.0	0	505	505	1	True	-234.0		M450	505
461.352	297.869	2	1801.673	<BeadTracker.Bead object at 0x000001D6AC814A60>	0.0	0	506	506	1	True	-234.0		M450	506
461.355	297.632	2	1769.208	<BeadTracker.Bead object at 0x000001D6AC814E80>	0.0	0	507	507	1	True	-235.0		M450	507
461.543	297.626	2	1711.042	<BeadTracker.Bead object at 0x000001D6AC81A2E0>	0.0	0	508	508	1	True	-247.0		M450	508
461.625	297.474	2	1650.908	<BeadTracker.Bead object at 0x000001D6AC81A700>	0.0	0	509	509	1	True	-250.0		M450	509
461.878	297.483	2	1596.24	<BeadTracker.Bead object at 0x000001D6AC81AB20>	0.0	0	510	510	1	True	-261.0		M450	510
461.894	297.213	2	1532.584	<BeadTracker.Bead object at 0x000001D6AC81AF40>	0.0	0	511	511	1	True	-270.0		M450	511
462.11	297.182	2	1433.809	<BeadTracker.Bead object at 0x000001D6AC8233A0>	0.0	0	512	512	1	True	-284.0		M450	512
462.53	297.047	2	1355.039	<BeadTracker.Bead object at 0x000001D6AC8237C0>	0.0	0	513	513	1	True	-285.0		M450	513
463.066	297.046	2	1255.508	<BeadTracker.Bead object at 0x000001D6AC823BE0>	0.0	0	514	514	1	True	-295.0		M450	514
463.503	296.89	2	1180.344	<BeadTracker.Bead object at 0x000001D6AC823F40>	0.0	0	515	515	1	True	-312.0		M450	515
464.134	296.802	2	1089.002	<BeadTracker.Bead object at 0x000001D6AC82B460>	0.0	0	516	516	1	True	-327.0		M450	516
464.781	296.636	2	997.754	<BeadTracker.Bead object at 0x000001D6AC82B880>	0.0	0	517	517	1	True	-354.0		M450	517
465.777	296.698	2	890.397	<BeadTracker.Bead object at 0x000001D6AC82BCA0>	0.0	0	518	518	1	True	-367.0		M450	518
466.81	296.637	2	758.948	<BeadTracker.Bead object at 0x000001D6AC833100>	0.0	0	519	519	1	True	-367.0		M450	519
468.102	296.672	2	578.856	<BeadTracker.Bead object at 0x000001D6AC833520>	0.0	0	520	520	1	True	-425.0		M450	520
473.406	299.021	2	575.307	<BeadTracker.Bead object at 0x000001D6AC833C10>	0.0	0	536	536	1	True	-435.0		M450	536
472.428	299.278	2	677.558	<BeadTracker.Bead object at 0x000001D6AC833F70>	0.0	0	537	537	1	True	-434.0		M450	537
471.787	299.496	2	792.681	<BeadTracker.Bead object at 0x000001D6AC83F490>	0.0	0	538	538	1	True	-434.0		M450	538
470.923	299.592	2	902.304	<BeadTracker.Bead object at 0x000001D6AC83F8B0>	0.0	0	539	539	1	True	-381.0		M450	539
470.377	299.663	2	977.146	<BeadTracker.Bead object at 0x000001D6AC83FCD0>	0.0	0	540	540	1	True	-367.0		M450	540
469.716	299.641	2	1019.865	<BeadTracker.Bead object at 0x000001D6AC848130>	0.0	0	541	541	1	True	-353.0		M450	541
469.215	299.821	2	1086.607	<BeadTracker.Bead object at 0x000001D6AC848550>	0.0	0	542	542	1	True	-345.0		M450	542
468.71	299.935	2	1142.504	<BeadTracker.Bead object at 0x000001D6AC848970>	0.0	0	543	543	1	True	-326.0		M450	543
468.5	300.102	2	1168.815	<BeadTracker.Bead object at 0x000001D6AC848D90>	0.0	0	544	544	1	True	-325.0		M450	544
467.911	300.101	2	1210.508	<BeadTracker.Bead object at 0x000001D6AC84E1F0>	0.0	0	545	545	1	True	-311.0		M450	545
467.711	300.223	2	1286.344	<BeadTracker.Bead object at 0x000001D6AC84E610>	0.0	0	546	546	1	True	-295.0		M450	546
467.389	300.039	2	1293.871	<BeadTracker.Bead object at 0x000001D6AC84EA30>	0.0	0	547	547	1	True	-286.0		M450	547
467.275	300.278	2	1345.106	<BeadTracker.Bead object at 0x000001D6AC84EE50>	0.0	0	548	548	1	True	-285.0		M450	548
466.98	300.301	2	1391.352	<BeadTracker.Bead object at 0x000001D6AC8572E0>	0.0	0	549	549	1	True	-285.0		M450	549
466.853	300.33	2	1446.983	<BeadTracker.Bead object at 0x000001D6AC857700>	0.0	0	550	550	1	True	-285.0		M450	550
466.617	300.455	2	1487.311	<BeadTracker.Bead object at 0x000001D6AC857B20>	0.0	0	551	551	1	True	-284.0		M450	551
466.554	300.495	2	1572.68	<BeadTracker.Bead object at 0x000001D6AC857F40>	0.0	0	552	552	1	True	-262.0		M450	552
466.39	300.413	2	1606.224	<BeadTracker.Bead object at 0x000001D6AC85E3A0>	0.0	0	553	553	1	True	-250.0		M450	553
466.393	300.597	2	1614.603	<BeadTracker.Bead object at 0x000001D6AC85E7C0>	0.0	0	554	554	1	True	-249.0		M450	554
466.051	300.464	2	1627.596	<BeadTracker.Bead object at 0x000001D6AC85EBE0>	0.0	0	555	555	1	True	-250.0		M450	555
466.004	300.671	2	1656.544	<BeadTracker.Bead object at 0x000001D6AC85EF40>	0.0	0	556	556	1	True	-248.0		M450	556
465.842	300.59	2	1674.919	<BeadTracker.Bead object at 0x000001D6AC866460>	0.0	0	557	557	1	True	-248.0		M450	557
465.973	300.734	2	1706.359	<BeadTracker.Bead object at 0x000001D6AC866880>	0.0	0	558	558	1	True	-248.0		M450	558
465.859	300.855	2	1729.686	<BeadTracker.Bead object at 0x000001D6AC866CA0>	0.0	0	559	559	1	True	-248.0		M450	559
465.878	300.812	2	1774.63	<BeadTracker.Bead object at 0x000001D6AC86D100>	0.0	0	560	560	1	True	-235.0		M450	560
465.704	300.908	2	1778.167	<BeadTracker.Bead object at 0x000001D6AC86D520>	0.0	0	561	561	1	True	-236.0		M450	561
465.713	301.067	2	1782.916	<BeadTracker.Bead object at 0x000001D6AC86D940>	0.0	0	562	562	1	True	-236.0		M450	562
465.616	300.967	2	1800.775	<BeadTracker.Bead object at 0x000001D6AC86DD60>	0.0	0	563	563	1	True	-235.0		M450	563
465.665	301.069	2	1822.631	<BeadTracker.Bead object at 0x000001D6AC8751C0>	0.0	0	564	564	1	True	-235.0		M450	564
465.554	301.156	2	1812.664	<BeadTracker.Bead object at 0x000001D6AC8755E0>	0.0	0	565	565	1	True	-236.0		M450	565
465.613	301.257	2	1831.412	<BeadTracker.Bead object at 0x000001D6AC875A00>	0.0	0	566	566	1	True	-235.0		M450	566
465.512	301.079	2	1802.854	<BeadTracker.Bead object at 0x000001D6AC875E20>	0.0	0	567	567	1	True	-235.0		M450	567
465.651	301.194	2	1837.366	<BeadTracker.Bead object at 0x000001D6AC87C280>	0.0	0	568	568	1	True	-235.0		M450	568
465.593	301.24	2	1854.963	<BeadTracker.Bead object at 0x000001D6AC87C6A0>	0.0	0	569	569	1	True	-235.0		M450	569
465.535	301.4	2	1871.055	<BeadTracker.Bead object at 0x000001D6AC87CAC0>	0.0	0	570	570	1	True	-235.0		M450	570
465.376	301.331	2	1843.661	<BeadTracker.Bead object at 0x000001D6AC87CEE0>	0.0	0	571	571	1	True	-235.0		M450	571
465.487	301.362	2	1848.206	<BeadTracker.Bead object at 0x000001D6AC885340>	0.0	0	572	572	1	True	-235.0		M450	572
465.535	301.293	2	1833.702	<BeadTracker.Bead object at 0x000001D6AC885760>	0.0	0	573	573	1	True	-235.0		M450	573
465.749	301.49	2	1863.088	<BeadTracker.Bead object at 0x000001D6AC885B80>	0.0	0	574	574	1	True	-235.0		M450	574
465.519	301.466	2	1870.007	<BeadTracker.Bead object at 0x000001D6AC885FA0>	0.0	0	575	575	1	True	-235.0		M450	575
465.503	301.5	2	1909.053	<BeadTracker.Bead object at 0x000001D6AC88B400>	0.0	0	576	576	1	True	-220.0		M450	576
465.45	301.45	2	1895.948	<BeadTracker.Bead object at 0x000001D6AC88B820>	0.0	0	577	577	1	True	-234.0		M450	577
465.693	301.622	2	1867.809	<BeadTracker.Bead object at 0x000001D6AC88BC40>	0.0	0	578	578	1	True	-220.0		M450	578
465.603	301.544	2	1886.322	<BeadTracker.Bead object at 0x000001D6AC88BFA0>	0.0	0	579	579	1	True	-220.0		M450	579
465.574	301.595	2	1899.817	<BeadTracker.Bead object at 0x000001D6AC8954C0>	0.0	0	580	580	1	True	-220.0		M450	580
465.496	301.609	2	1892.582	<BeadTracker.Bead object at 0x000001D6AC8958E0>	0.0	0	581	581	1	True	-220.0		M450	581
465.589	301.582	2	1896.563	<BeadTracker.Bead object at 0x000001D6AC895D00>	0.0	0	582	582	1	True	-220.0		M450	582
465.556	301.527	2	1925.87	<BeadTracker.Bead object at 0x000001D6AC89D160>	0.0	0	583	583	1	True	-220.0		M450	583
465.563	301.619	2	1925.102	<BeadTracker.Bead object at 0x000001D6AC89D580>	0.0	0	584	584	1	True	-220.0		M450	584
465.461	301.563	2	1908.161	<BeadTracker.Bead object at 0x000001D6AC89D9A0>	0.0	0	585	585	1	True	-220.0		M450	585
465.543	301.505	2	1938.236	<BeadTracker.Bead object at 0x000001D6AC89DDC0>	0.0	0	586	586	1	True	-220.0		M450	586
465.544	301.476	2	1918.701	<BeadTracker.Bead object at 0x000001D6AC8A4220>	0.0	0	587	587	1	True	-235.0		M450	587
465.727	301.559	2	1958.827	<BeadTracker.Bead object at 0x000001D6AC8A4640>	0.0	0	588	588	1	True	-220.0		M450	588
465.527	301.687	2	1943.457	<BeadTracker.Bead object at 0x000001D6AC8A4A60>	0.0	0	589	589	1	True	-220.0		M450	589
465.649	301.782	0	3453.417	<BeadTracker.Bead object at 0x000001D6AC8AD700>	3.0	22	592	592	1	True	-160.0		M450	592
465.47	302.067	0	3470.843	<BeadTracker.Bead object at 0x000001D6AC8B53A0>	3.0	23	595	595	1	True	-215.0		M450	595
465.495	302.506	0	3448.697	<BeadTracker.Bead object at 0x000001D6AC8B5F40>	3.0	24	598	598	1	True	-266.0		M450	598
465.643	302.914	0	3428.056	<BeadTracker.Bead object at 0x000001D6AC8BBCA0>	3.0	25	601	601	1	True	-295.0		M450	601
465.909	303.385	0	3463.476	<BeadTracker.Bead object at 0x000001D6AC8C3940>	3.0	26	604	604	1	True	-295.0		M450	604
466.154	303.667	0	3468.094	<BeadTracker.Bead object at 0x000001D6AC8CC5E0>	3.0	27	607	607	1	True	-265.0		M450	607
465.942	303.674	0	2293.893	<BeadTracker.Bead object at 0x000001D6AC8CCA00>	1.0	28	608	608	1	True	-288.0		M450	608
465.978	304.017	3	912.216	<BeadTracker.Bead object at 0x000001D6AC8CCE20>	0.0	0	609	609	1	True	-347.0		M450	609
467.198	305.236	0	3411.372	<BeadTracker.Bead object at 0x000001D6AC8D2280>	1.0	29	610	610	1	True	-287.0		M450	610
467.171	305.038	0	3383.194	<BeadTracker.Bead object at 0x000001D6AC8D2EE0>	1.0	30	613	613	1	True	-227.0		M450	613
467.228	305.084	0	3344.517	<BeadTracker.Bead object at 0x000001D6AC8DAB80>	1.0	31	616	616	1	True	-169.0		M450	616
467.155	305.357	0	3365.743	<BeadTracker.Bead object at 0x000001D6AC8E1820>	1.0	32	619	619	1	True	-187.0		M450	619
466.992	305.468	0	3348.433	<BeadTracker.Bead object at 0x000001D6AC8EA4C0>	1.0	33	622	622	1	True	-170.0		M450	622
466.648	305.578	0	3374.633	<BeadTracker.Bead object at 0x000001D6AC8F2160>	1.0	34	625	625	1	True	-188.0		M450	625
466.756	305.673	0	3317.069	<BeadTracker.Bead object at 0x000001D6AC8F2DC0>	1.0	35	628	628	1	True	-141.0		M450	628
466.727	305.428	-3	2753.66	<BeadTracker.Bead object at 0x000001D6AC8FA220>	0.1	0	629	629	1	True	-155.0		M450	629
466.513	305.748	-3	1076.695	<BeadTracker.Bead object at 0x000001D6AC8FA640>	0.1	0	630	630	1	True	-214.0		M450	630
466.249	305.832	-3	1839.465	<BeadTracker.Bead object at 0x000001D6AC8FAA60>	0.1	0	631	631	1	True	-220.0		M450	631
466.388	305.721	-3	2474.746	<BeadTracker.Bead object at 0x000001D6AC8FAE80>	0.1	0	632	632	1	True	-160.0		M450	632
466.588	305.575	-3	2676.654	<BeadTracker.Bead object at 0x000001D6AC9022E0>	0.1	0	633	633	1	True	-140.0		M450	633
466.692	305.576	-3	2722.476	<BeadTracker.Bead object at 0x000001D6AC902730>	0.1	0	634	634	1	True	-139.0		M450	634
466.522	305.5	-3	2729.669	<BeadTracker.Bead object at 0x000001D6AC902B50>	0.1	0	635	635	1	True	-139.0		M450	635
466.6	305.534	-3	2756.211	<BeadTracker.Bead object at 0x000001D6AC902F70>	0.1	0	636	636	1	True	-139.0		M450	636
466.579	305.492	-3	2744.027	<BeadTracker.Bead object at 0x000001D6AC90A3D0>	0.1	0	637	637	1	True	-155.0		M450	637
466.61	305.468	-3	2729.864	<BeadTracker.Bead object at 0x000001D6AC90A7F0>	0.1	0	638	638	1	True	-155.0		M450	638
466.547	305.401	-3	2710.223	<BeadTracker.Bead object at 0x000001D6AC90AC10>	0.1	0	639	639	1	True	-155.0		M450	639
466.593	305.428	-3	2762.392	<BeadTracker.Bead object at 0x000001D6AC90AF70>	0.1	0	640	640	1	True	-155.0		M450	640
466.539	305.471	-3	2712.108	<BeadTracker.Bead object at 0x000001D6AC910490>	0.1	0	641	641	1	True	-155.0		M450	641
466.513	305.552	-3	2738.421	<BeadTracker.Bead object at 0x000001D6AC9108B0>	0.1	0	642	642	1	True	-140.0		M450	642
466.536	305.553	-3	2726.301	<BeadTracker.Bead object at 0x000001D6AC910CD0>	0.1	0	643	643	1	True	-140.0		M450	643
466.589	305.608	-3	2762.993	<BeadTracker.Bead object at 0x000001D6AC918130>	0.1	0	644	644	1	True	-139.0		M450	644
466.476	305.628	-3	2744.482	<BeadTracker.Bead object at 0x000001D6AC918550>	0.1	0	645	645	1	True	-113.0		M450	645
466.438	305.567	-3	2746.01	<BeadTracker.Bead object at 0x000001D6AC918970>	0.1	0	646	646	1	True	-113.0		M450	646
466.425	305.611	-3	2720.88	<BeadTracker.Bead object at 0x000001D6AC918D90>	0.1	0	647	647	1	True	-114.0		M450	647
466.518	305.567	-3	2733.244	<BeadTracker.Bead object at 0x000001D6AC9211F0>	0.1	0	648	648	1	True	-139.0		M450	648
466.436	305.568	-3	2708.266	<BeadTracker.Bead object at 0x000001D6AC921610>	0.1	0	649	649	1	True	-129.0		M450	649
466.523	305.541	-3	2722.084	<BeadTracker.Bead object at 0x000001D6AC921A30>	0.1	0	650	650	1	True	-140.0		M450	650
466.406	305.526	-3	2719.1	<BeadTracker.Bead object at 0x000001D6AC921E50>	0.1	0	651	651	1	True	-113.0		M450	651
466.524	305.66	-3	2726.825	<BeadTracker.Bead object at 0x000001D6AC9282B0>	0.1	0	652	652	1	True	-140.0		M450	652
466.437	305.65	-3	2720.365	<BeadTracker.Bead object at 0x000001D6AC9286D0>	0.1	0	653	653	1	True	-115.0		M450	653
466.521	305.687	-3	2720.585	<BeadTracker.Bead object at 0x000001D6AC928AF0>	0.1	0	654	654	1	True	-139.0		M450	654
466.464	305.762	-3	2700.164	<BeadTracker.Bead object at 0x000001D6AC928F10>	0.1	0	655	655	1	True	-129.0		M450	655
466.497	305.664	-3	2731.88	<BeadTracker.Bead object at 0x000001D6AC930370>	0.1	0	656	656	1	True	-115.0		M450	656
466.47	305.656	-3	2729.074	<BeadTracker.Bead object at 0x000001D6AC930790>	0.1	0	657	657	1	True	-114.0		M450	657
466.516	305.821	-3	2766.8	<BeadTracker.Bead object at 0x000001D6AC930BB0>	0.1	0	658	658	1	True	-130.0		M450	658
466.499	305.925	-3	2747.742	<BeadTracker.Bead object at 0x000001D6AC930FD0>	0.1	0	659	659	1	True	-116.0		M450	659
466.468	305.841	-3	2740.666	<BeadTracker.Bead object at 0x000001D6AC938430>	0.1	0	660	660	1	True	-116.0		M450	660
466.523	305.89	-3	2744.554	<BeadTracker.Bead object at 0x000001D6AC938850>	0.1	0	661	661	1	True	-130.0		M450	661
466.633	305.834	-3	2770.185	<BeadTracker.Bead object at 0x000001D6AC938C70>	0.1	0	662	662	1	True	-129.0		M450	662
466.533	305.97	-3	2769.871	<BeadTracker.Bead object at 0x000001D6AC938FD0>	0.1	0	663	663	1	True	-130.0		M450	663
466.566	306.004	-3	2749.102	<BeadTracker.Bead object at 0x000001D6AC93F4F0>	0.1	0	664	664	1	True	-130.0		M450	664
466.515	306.045	-3	2755.794	<BeadTracker.Bead object at 0x000001D6AC93F910>	0.1	0	665	665	1	True	-130.0		M450	665
466.491	306.032	-3	2778.543	<BeadTracker.Bead object at 0x000001D6AC93FD30>	0.1	0	666	666	1	True	-105.0		M450	666
466.526	305.868	-3	2779.431	<BeadTracker.Bead object at 0x000001D6AC947190>	0.1	0	667	667	1	True	-129.0		M450	667
466.633	305.876	-3	2809.125	<BeadTracker.Bead object at 0x000001D6AC9475B0>	0.1	0	668	668	1	True	-130.0		M450	668
466.552	306.032	-3	2816.615	<BeadTracker.Bead object at 0x000001D6AC9479D0>	0.1	0	669	669	1	True	-129.0		M450	669
466.49	305.985	-3	2835.522	<BeadTracker.Bead object at 0x000001D6AC947DF0>	0.1	0	670	670	1	True	-104.0		M450	670
466.521	305.981	-3	2813.635	<BeadTracker.Bead object at 0x000001D6AC950250>	0.1	0	671	671	1	True	-129.0		M450	671
466.675	306.032	-3	2811.095	<BeadTracker.Bead object at 0x000001D6AC950670>	0.1	0	672	672	1	True	-129.0		M450	672
466.568	305.981	-3	2818.061	<BeadTracker.Bead object at 0x000001D6AC950A90>	0.1	0	673	673	1	True	-117.0		M450	673
466.6	306.017	-3	2830.72	<BeadTracker.Bead object at 0x000001D6AC950EB0>	0.1	0	674	674	1	True	-117.0		M450	674
466.449	305.966	-3	2829.072	<BeadTracker.Bead object at 0x000001D6AC958310>	0.1	0	675	675	1	True	-105.0		M450	675
466.487	305.981	-3	2846.026	<BeadTracker.Bead object at 0x000001D6AC958730>	0.1	0	676	676	1	True	-104.0		M450	676
466.47	305.921	-3	2828.368	<BeadTracker.Bead object at 0x000001D6AC958B50>	0.1	0	677	677	1	True	-105.0		M450	677
466.654	305.972	-3	2863.921	<BeadTracker.Bead object at 0x000001D6AC958F70>	0.1	0	678	678	1	True	-105.0		M450	678
466.553	306.048	-3	2841.652	<BeadTracker.Bead object at 0x000001D6AC95F3D0>	0.1	0	679	679	1	True	-116.0		M450	679
466.419	306.024	-3	2841.04	<BeadTracker.Bead object at 0x000001D6AC95F7F0>	0.1	0	680	680	1	True	-104.0		M450	680
466.438	306.092	-3	2805.204	<BeadTracker.Bead object at 0x000001D6AC95FC10>	0.1	0	681	681	1	True	-105.0		M450	681
466.54	306.079	-3	2845.289	<BeadTracker.Bead object at 0x000001D6AC95FF70>	0.1	0	682	682	1	True	-129.0		M450	682
466.512	306.085	-3	2843.532	<BeadTracker.Bead object at 0x000001D6AC968490>	0.1	0	683	683	1	True	-130.0		M450	683
466.611	306.211	-3	2852.074	<BeadTracker.Bead object at 0x000001D6AC9688B0>	0.1	0	684	684	1	True	-105.0		M450	684
466.503	306.123	-3	2805.988	<BeadTracker.Bead object at 0x000001D6AC968CD0>	0.1	0	685	685	1	True	-130.0		M450	685
466.501	306.207	-3	2836.765	<BeadTracker.Bead object at 0x000001D6AC96E130>	0.1	0	686	686	1	True	-130.0		M450	686
466.472	306.225	-3	2816.766	<BeadTracker.Bead object at 0x000001D6AC96E550>	0.1	0	687	687	1	True	-105.0		M450	687
466.642	306.326	-3	2833.924	<BeadTracker.Bead object at 0x000001D6AC96E970>	0.1	0	688	688	1	True	-105.0		M450	688
466.738	305.893	-3	2882.49	<BeadTracker.Bead object at 0x000001D6AC96ED90>	0.1	0	689	689	1	True	-105.0		M450	689
466.607	305.85	-3	2978.695	<BeadTracker.Bead object at 0x000001D6AC9761F0>	0.1	0	690	690	1	True	-105.0		M450	690
466.545	305.935	-3	2945.743	<BeadTracker.Bead object at 0x000001D6AC976610>	0.1	0	691	691	1	True	-105.0		M450	691
466.571	305.794	-3	3001.81	<BeadTracker.Bead object at 0x000001D6AC976A30>	0.1	0	692	692	1	True	-104.0		M450	692
466.361	306.115	-3	2910.615	<BeadTracker.Bead object at 0x000001D6AC976E50>	0.1	0	693	693	1	True	-104.0		M450	693
466.28	306.61	-3	2851.511	<BeadTracker.Bead object at 0x000001D6AC97E2B0>	0.1	0	694	694	1	True	-111.0		M450	694
466.397	306.366	-3	2890.959	<BeadTracker.Bead object at 0x000001D6AC97E6D0>	0.1	0	695	695	1	True	-104.0		M450	695
466.615	306.195	-3	2855.981	<BeadTracker.Bead object at 0x000001D6AC97EAF0>	0.1	0	696	696	1	True	-105.0		M450	696
466.688	305.894	-3	2872.705	<BeadTracker.Bead object at 0x000001D6AC97EF10>	0.1	0	697	697	1	True	-115.0		M450	697
466.755	306.036	-3	2941.978	<BeadTracker.Bead object at 0x000001D6AC986370>	0.1	0	698	698	1	True	-105.0		M450	698
466.682	306.238	-3	2976.665	<BeadTracker.Bead object at 0x000001D6AC986790>	0.1	0	699	699	1	True	-104.0		M450	699
466.622	305.964	-3	2985.688	<BeadTracker.Bead object at 0x000001D6AC986BB0>	0.1	0	700	700	1	True	-104.0		M450	700
466.528	306.113	-3	2906.563	<BeadTracker.Bead object at 0x000001D6AC986FD0>	0.1	0	701	701	1	True	-105.0		M450	701
466.645	305.872	-3	2962.321	<BeadTracker.Bead object at 0x000001D6AC98C430>	0.1	0	702	702	1	True	-104.0		M450	702
466.645	305.923	-3	2961.698	<BeadTracker.Bead object at 0x000001D6AC98C850>	0.1	0	703	703	1	True	-104.0		M450	703
466.696	306.125	-3	2943.195	<BeadTracker.Bead object at 0x000001D6AC98CC70>	0.1	0	704	704	1	True	-104.0		M450	704
466.497	306.047	-3	2895.752	<BeadTracker.Bead object at 0x000001D6AC98CFD0>	0.1	0	705	705	1	True	-104.0		M450	705
466.826	305.925	-3	2940.473	<BeadTracker.Bead object at 0x000001D6AC9964F0>	0.1	0	706	706	1	True	-105.0		M450	706
466.852	306.291	-3	2936.035	<BeadTracker.Bead object at 0x000001D6AC996910>	0.1	0	707	707	1	True	-104.0		M450	707
466.739	306.126	-3	2993.923	<BeadTracker.Bead object at 0x000001D6AC996D30>	0.1	0	708	708	1	True	-104.0		M450	708
466.393	306.059	-3	2956.58	<BeadTracker.Bead object at 0x000001D6AC99E190>	0.1	0	709	709	1	True	-66.0		M450	709
466.538	306.335	-3	2990.94	<BeadTracker.Bead object at 0x000001D6AC99E5B0>	0.1	0	710	710	1	True	-104.0		M450	710
466.427	306.29	-3	2809.757	<BeadTracker.Bead object at 0x000001D6AC99E9D0>	0.1	0	711	711	1	True	-104.0		M450	711
466.833	305.904	-3	2976.248	<BeadTracker.Bead object at 0x000001D6AC99EDF0>	0.1	0	712	712	1	True	-104.0		M450	712
466.587	306.262	-3	2861.544	<BeadTracker.Bead object at 0x000001D6AC9A5250>	0.1	0	713	713	1	True	-105.0		M450	713
466.348	306.563	-3	2902.599	<BeadTracker.Bead object at 0x000001D6AC9A5670>	0.1	0	714	714	1	True	-111.0		M450	714
466.624	306.319	-3	2947.876	<BeadTracker.Bead object at 0x000001D6AC9A5A90>	0.1	0	715	715	1	True	-104.0		M450	715
466.734	305.739	-3	2881.445	<BeadTracker.Bead object at 0x000001D6AC9A5EB0>	0.1	0	716	716	1	True	-115.0		M450	716
466.437	306.5	-3	2927.675	<BeadTracker.Bead object at 0x000001D6AC9AE310>	0.1	0	717	717	1	True	-104.0		M450	717
466.648	306.385	-3	2934.706	<BeadTracker.Bead object at 0x000001D6AC9AE730>	0.1	0	718	718	1	True	-105.0		M450	718
466.58	305.938	-3	3004.789	<BeadTracker.Bead object at 0x000001D6AC9AEB50>	0.1	0	719	719	1	True	-104.0		M450	719
466.543	306.317	-3	3004.875	<BeadTracker.Bead object at 0x000001D6AC9AEF70>	0.1	0	720	720	1	True	-104.0		M450	720
466.412	306.306	-3	2928.526	<BeadTracker.Bead object at 0x000001D6AC9B63D0>	0.1	0	721	721	1	True	-65.0		M450	721
466.601	306.205	-3	2975.73	<BeadTracker.Bead object at 0x000001D6AC9B67F0>	0.1	0	722	722	1	True	-104.0		M450	722
466.465	306.004	-3	2971.298	<BeadTracker.Bead object at 0x000001D6AC9B6C10>	0.1	0	723	723	1	True	-66.0		M450	723
466.371	306.193	-3	3015.111	<BeadTracker.Bead object at 0x000001D6AC9B6F70>	0.1	0	724	724	1	True	-6.0		M450	724
466.458	306.12	-3	2977.529	<BeadTracker.Bead object at 0x000001D6AC9BC490>	0.1	0	725	725	1	True	54.0		M450	725
466.817	306.263	-3	2986.525	<BeadTracker.Bead object at 0x000001D6AC9BC8B0>	0.1	0	726	726	1	True	72.0		M450	726
466.708	306.365	-3	2979.504	<BeadTracker.Bead object at 0x000001D6AC9BCCD0>	0.1	0	727	727	1	True	78.0		M450	727
466.862	306.244	-3	2941.595	<BeadTracker.Bead object at 0x000001D6AC9C4130>	0.1	0	728	728	1	True	73.0		M450	728
466.467	306.298	-3	3012.357	<BeadTracker.Bead object at 0x000001D6AC9C4550>	0.1	0	729	729	1	True	69.0		M450	729
466.423	306.386	-3	3052.963	<BeadTracker.Bead object at 0x000001D6AC9C4970>	0.1	0	730	730	1	True	69.0		M450	730
466.552	305.961	-3	3024.799	<BeadTracker.Bead object at 0x000001D6AC9C4D90>	0.1	0	731	731	1	True	65.0		M450	731
466.987	306.299	-3	2981.509	<BeadTracker.Bead object at 0x000001D6AC9CB1F0>	0.1	0	732	732	1	True	71.0		M450	732
466.871	306.478	-3	3045.647	<BeadTracker.Bead object at 0x000001D6AC9CB610>	0.1	0	733	733	1	True	72.0		M450	733
466.82	306.065	-3	3081.135	<BeadTracker.Bead object at 0x000001D6AC9CBA30>	0.1	0	734	734	1	True	62.0		M450	734
466.459	306.385	-3	3050.087	<BeadTracker.Bead object at 0x000001D6AC9CBE50>	0.1	0	735	735	1	True	70.0		M450	735
466.51	306.633	-3	3038.893	<BeadTracker.Bead object at 0x000001D6AC9D32B0>	0.1	0	736	736	1	True	41.0		M450	736
466.716	306.189	-3	3011.501	<BeadTracker.Bead object at 0x000001D6AC9D36D0>	0.1	0	737	737	1	True	71.0		M450	737
466.76	306.175	-3	3019.969	<BeadTracker.Bead object at 0x000001D6AC9D3AF0>	0.1	0	738	738	1	True	70.0		M450	738
466.71	306.287	-3	3002.025	<BeadTracker.Bead object at 0x000001D6AC9D3F10>	0.1	0	739	739	1	True	72.0		M450	739
466.631	306.439	-3	3044.645	<BeadTracker.Bead object at 0x000001D6AC9DC370>	0.1	0	740	740	1	True	71.0		M450	740
466.646	306.158	-3	3024.317	<BeadTracker.Bead object at 0x000001D6AC9DC790>	0.1	0	741	741	1	True	70.0		M450	741
466.748	306.261	-3	3028.723	<BeadTracker.Bead object at 0x000001D6AC9DCBB0>	0.1	0	742	742	1	True	71.0		M450	742
466.606	306.202	-3	3035.911	<BeadTracker.Bead object at 0x000001D6AC9DCFD0>	0.1	0	743	743	1	True	71.0		M450	743
466.576	306.235	-3	3034.152	<BeadTracker.Bead object at 0x000001D6AC9E2430>	0.1	0	744	744	1	True	70.0		M450	744
466.403	306.228	-3	3035.234	<BeadTracker.Bead object at 0x000001D6AC9E2850>	0.1	0	745	745	1	True	60.0		M450	745
466.726	306.28	-3	3056.038	<BeadTracker.Bead object at 0x000001D6AC9E2C70>	0.1	0	746	746	1	True	70.0		M450	746
466.647	306.255	-3	3037.118	<BeadTracker.Bead object at 0x000001D6AC9E2FD0>	0.1	0	747	747	1	True	71.0		M450	747
466.667	306.226	-3	3042.957	<BeadTracker.Bead object at 0x000001D6AC9EB4F0>	0.1	0	748	748	1	True	70.0		M450	748
466.594	306.149	-3	3032.69	<BeadTracker.Bead object at 0x000001D6AC9EB910>	0.1	0	749	749	1	True	69.0		M450	749
466.57	306.227	-3	3137.923	<BeadTracker.Bead object at 0x000001D6AC9EBD30>	0.1	0	750	750	1	True	61.0		M450	750
466.373	306.231	-3	3078.17	<BeadTracker.Bead object at 0x000001D6AC9F3190>	0.1	0	751	751	1	True	60.0		M450	751
466.403	306.335	-3	3068.718	<BeadTracker.Bead object at 0x000001D6AC9F35B0>	0.1	0	752	752	1	True	60.0		M450	752
466.308	306.021	-3	3070.045	<BeadTracker.Bead object at 0x000001D6AC9F39D0>	0.1	0	753	753	1	True	52.0		M450	753
466.356	306.005	-3	3051.589	<BeadTracker.Bead object at 0x000001D6AC9F3DF0>	0.1	0	754	754	1	True	53.0		M450	754
466.344	306.265	-3	3050.749	<BeadTracker.Bead object at 0x000001D6AC9FA250>	0.1	0	755	755	1	True	61.0		M450	755
466.474	306.257	-3	3073.986	<BeadTracker.Bead object at 0x000001D6AC9FA670>	0.1	0	756	756	1	True	60.0		M450	756
466.268	306.207	-3	3064.254	<BeadTracker.Bead object at 0x000001D6AC9FAA90>	0.1	0	757	757	1	True	61.0		M450	757
466.357	306.037	-3	3071.44	<BeadTracker.Bead object at 0x000001D6AC9FAEB0>	0.1	0	758	758	1	True	54.0		M450	758
466.299	306.232	-3	3058.333	<BeadTracker.Bead object at 0x000001D6ACA01310>	0.1	0	759	759	1	True	60.0		M450	759
466.319	306.306	-3	3064.371	<BeadTracker.Bead object at 0x000001D6ACA01730>	0.1	0	760	760	1	True	60.0		M450	760
466.271	306.205	-3	3025.934	<BeadTracker.Bead object at 0x000001D6ACA01B50>	0.1	0	761	761	1	True	62.0		M450	761
466.363	306.395	4	3042.555	<BeadTracker.Bead object at 0x000001D6ACA01F70>	0.0	0	762	762	1	True	69.0		M450	762
466.293	306.243	4	3037.592	<BeadTracker.Bead object at 0x000001D6ACA0C3D0>	0.0	0	763	763	1	True	61.0		M450	763
466.349	306.171	4	3092.817	<BeadTracker.Bead object at 0x000001D6ACA0C7F0>	0.0	0	764	764	1	True	60.0		M450	764
466.253	306.274	4	3094.088	<BeadTracker.Bead object at 0x000001D6ACA0CC10>	0.0	0	765	765	1	True	60.0		M450	765
466.379	306.285	4	3103.423	<BeadTracker.Bead object at 0x000001D6ACA0CF70>	0.0	0	766	766	1	True	60.0		M450	766
466.372	306.269	4	3073.826	<BeadTracker.Bead object at 0x000001D6ACA12490>	0.0	0	767	767	1	True	60.0		M450	767
466.465	306.232	4	3073.821	<BeadTracker.Bead object at 0x000001D6ACA128B0>	0.0	0	768	768	1	True	60.0		M450	768
466.545	306.263	4	3083.571	<BeadTracker.Bead object at 0x000001D6ACA12CD0>	0.0	0	769	769	1	True	69.0		M450	769
466.627	306.38	4	3118.872	<BeadTracker.Bead object at 0x000001D6ACA19130>	0.0	0	770	770	1	True	69.0		M450	770
466.461	306.321	4	3095.449	<BeadTracker.Bead object at 0x000001D6ACA19550>	0.0	0	771	771	1	True	60.0		M450	771
466.448	306.314	4	3107.259	<BeadTracker.Bead object at 0x000001D6ACA19970>	0.0	0	772	772	1	True	60.0		M450	772
466.409	306.41	4	3090.304	<BeadTracker.Bead object at 0x000001D6ACA19D90>	0.0	0	773	773	1	True	60.0		M450	773
466.481	306.479	4	3109.99	<BeadTracker.Bead object at 0x000001D6ACA221F0>	0.0	0	774	774	1	True	60.0		M450	774
466.557	306.487	4	3099.373	<BeadTracker.Bead object at 0x000001D6ACA22610>	0.0	0	775	775	1	True	71.0		M450	775
466.648	306.482	4	3121.801	<BeadTracker.Bead object at 0x000001D6ACA22A30>	0.0	0	776	776	1	True	70.0		M450	776
466.576	306.555	4	3078.904	<BeadTracker.Bead object at 0x000001D6ACA22E50>	0.0	0	777	777	1	True	31.0		M450	777
466.426	306.552	4	3111.637	<BeadTracker.Bead object at 0x000001D6ACA292B0>	0.0	0	778	778	1	True	17.0		M450	778
466.421	306.542	4	3083.524	<BeadTracker.Bead object at 0x000001D6ACA296D0>	0.0	0	779	779	1	True	30.0		M450	779
466.605	306.459	4	3053.792	<BeadTracker.Bead object at 0x000001D6ACA29AF0>	0.0	0	780	780	1	True	71.0		M450	780
466.456	306.493	4	3078.729	<BeadTracker.Bead object at 0x000001D6ACA29F10>	0.0	0	781	781	1	True	70.0		M450	781
466.463	306.558	4	3081.762	<BeadTracker.Bead object at 0x000001D6ACA2F370>	0.0	0	782	782	1	True	30.0		M450	782
466.454	306.548	4	3059.173	<BeadTracker.Bead object at 0x000001D6ACA2F790>	0.0	0	783	783	1	True	30.0		M450	783
466.589	306.506	4	3085.717	<BeadTracker.Bead object at 0x000001D6ACA2FBB0>	0.0	0	784	784	1	True	30.0		M450	784
466.568	306.338	4	3090.358	<BeadTracker.Bead object at 0x000001D6ACA2FFD0>	0.0	0	785	785	1	True	70.0		M450	785
466.54	306.512	4	3083.186	<BeadTracker.Bead object at 0x000001D6ACA3A430>	0.0	0	786	786	1	True	31.0		M450	786
466.426	306.467	4	3069.7	<BeadTracker.Bead object at 0x000001D6ACA3A850>	0.0	0	787	787	1	True	69.0		M450	787
466.472	306.521	4	3037.765	<BeadTracker.Bead object at 0x000001D6ACA3AC70>	0.0	0	788	788	1	True	30.0		M450	788
466.319	306.333	4	3047.964	<BeadTracker.Bead object at 0x000001D6ACA3AFD0>	0.0	0	789	789	1	True	61.0		M450	789
466.441	306.39	4	3065.809	<BeadTracker.Bead object at 0x000001D6ACA414F0>	0.0	0	790	790	1	True	60.0		M450	790
466.304	306.335	4	3062.071	<BeadTracker.Bead object at 0x000001D6ACA41910>	0.0	0	791	791	1	True	61.0		M450	791
466.423	306.407	4	3076.841	<BeadTracker.Bead object at 0x000001D6ACA41D30>	0.0	0	792	792	1	True	60.0		M450	792
466.292	306.306	4	3029.437	<BeadTracker.Bead object at 0x000001D6ACA49190>	0.0	0	793	793	1	True	61.0		M450	793
466.364	306.312	4	3058.31	<BeadTracker.Bead object at 0x000001D6ACA495B0>	0.0	0	794	794	1	True	60.0		M450	794
466.341	306.252	4	3080.184	<BeadTracker.Bead object at 0x000001D6ACA499D0>	0.0	0	795	795	1	True	60.0		M450	795
466.452	306.289	4	3062.073	<BeadTracker.Bead object at 0x000001D6ACA49DF0>	0.0	0	796	796	1	True	60.0		M450	796
466.311	306.267	4	3052.846	<BeadTracker.Bead object at 0x000001D6ACA50250>	0.0	0	797	797	1	True	61.0		M450	797
466.456	306.191	4	3064.733	<BeadTracker.Bead object at 0x000001D6ACA50670>	0.0	0	798	798	1	True	60.0		M450	798
466.386	305.937	4	3063.656	<BeadTracker.Bead object at 0x000001D6ACA50A90>	0.0	0	799	799	1	True	52.0		M450	799
466.467	306.037	4	3070.889	<BeadTracker.Bead object at 0x000001D6ACA50EB0>	0.0	0	800	800	1	True	53.0		M450	800
466.331	305.985	4	3036.719	<BeadTracker.Bead object at 0x000001D6ACA59310>	0.0	0	801	801	1	True	53.0		M450	801
466.394	305.98	4	3054.103	<BeadTracker.Bead object at 0x000001D6ACA59730>	0.0	0	802	802	1	True	53.0		M450	802
466.38	305.884	4	2998.091	<BeadTracker.Bead object at 0x000001D6ACA59B50>	0.0	0	803	803	1	True	53.0		M450	803
466.506	305.78	4	2992.965	<BeadTracker.Bead object at 0x000001D6ACA59F70>	0.0	0	804	804	1	True	65.0		M450	804
466.418	305.742	4	2960.236	<BeadTracker.Bead object at 0x000001D6ACA5F3D0>	0.0	0	805	805	1	True	53.0		M450	805
466.542	305.659	4	2951.168	<BeadTracker.Bead object at 0x000001D6ACA5F7F0>	0.0	0	806	806	1	True	66.0		M450	806
466.425	305.311	4	2877.943	<BeadTracker.Bead object at 0x000001D6ACA5FC10>	0.0	0	807	807	1	True	79.0		M450	807
466.511	305.377	4	2840.24	<BeadTracker.Bead object at 0x000001D6ACA5FF70>	0.0	0	808	808	1	True	82.0		M450	808
466.476	305.154	4	2836.199	<BeadTracker.Bead object at 0x000001D6ACA68490>	0.0	0	809	809	1	True	75.0		M450	809
466.651	305.126	4	2799.146	<BeadTracker.Bead object at 0x000001D6ACA688B0>	0.0	0	810	810	1	True	81.0		M450	810
466.599	305.033	4	2699.166	<BeadTracker.Bead object at 0x000001D6ACA68CD0>	0.0	0	811	811	1	True	91.0		M450	811
466.58	304.895	4	2654.954	<BeadTracker.Bead object at 0x000001D6ACA6F130>	0.0	0	812	812	1	True	91.0		M450	812
466.662	304.66	4	2519.539	<BeadTracker.Bead object at 0x000001D6ACA6F550>	0.0	0	813	813	1	True	102.0		M450	813
466.9	304.505	4	2459.089	<BeadTracker.Bead object at 0x000001D6ACA6F970>	0.0	0	814	814	1	True	108.0		M450	814
466.934	304.478	4	2349.2	<BeadTracker.Bead object at 0x000001D6ACA6FD90>	0.0	0	815	815	1	True	106.0		M450	815
467.077	304.23	4	2246.645	<BeadTracker.Bead object at 0x000001D6ACA771F0>	0.0	0	816	816	1	True	114.0		M450	816
467.116	304.05	4	2102.937	<BeadTracker.Bead object at 0x000001D6ACA77610>	0.0	0	817	817	1	True	123.0		M450	817
467.514	303.864	4	2001.318	<BeadTracker.Bead object at 0x000001D6ACA77A30>	0.0	0	818	818	1	True	129.0		M450	818
467.875	303.743	4	1862.687	<BeadTracker.Bead object at 0x000001D6ACA77E50>	0.0	0	819	819	1	True	138.0		M450	819
468.57	303.672	4	1712.596	<BeadTracker.Bead object at 0x000001D6ACA7F2B0>	0.0	0	820	820	1	True	148.0		M450	820
469.0	303.486	4	1517.015	<BeadTracker.Bead object at 0x000001D6ACA7F6D0>	0.0	0	821	821	1	True	169.0		M450	821
469.682	303.357	4	1374.293	<BeadTracker.Bead object at 0x000001D6ACA7FAF0>	0.0	0	822	822	1	True	180.0		M450	822
470.606	303.345	4	1226.76	<BeadTracker.Bead object at 0x000001D6ACA7FF10>	0.0	0	823	823	1	True	192.0		M450	823
471.719	303.351	4	1071.954	<BeadTracker.Bead object at 0x000001D6ACA86370>	0.0	0	824	824	1	True	212.0		M450	824
472.869	303.145	4	944.501	<BeadTracker.Bead object at 0x000001D6ACA86790>	0.0	0	825	825	1	True	231.0		M450	825
474.767	303.031	4	730.06	<BeadTracker.Bead object at 0x000001D6ACA86BB0>	0.0	0	826	826	1	True	269.0		M450	826
478.697	304.673	4	627.615	<BeadTracker.Bead object at 0x000001D6ACA8D520>	0.0	0	839	839	1	True	307.0		M450	839
477.564	304.864	4	779.855	<BeadTracker.Bead object at 0x000001D6ACA8D940>	0.0	0	840	840	1	True	261.0		M450	840
476.417	304.816	4	906.817	<BeadTracker.Bead object at 0x000001D6ACA8DD60>	0.0	0	841	841	1	True	231.0		M450	841
475.549	304.958	4	1020.524	<BeadTracker.Bead object at 0x000001D6ACA991C0>	0.0	0	842	842	1	True	218.0		M450	842
474.651	305.146	4	1128.262	<BeadTracker.Bead object at 0x000001D6ACA995E0>	0.0	0	843	843	1	True	206.0		M450	843
474.086	305.272	4	1207.506	<BeadTracker.Bead object at 0x000001D6ACA99A00>	0.0	0	844	844	1	True	200.0		M450	844
473.393	305.324	4	1284.205	<BeadTracker.Bead object at 0x000001D6ACA99E20>	0.0	0	845	845	1	True	189.0		M450	845
472.778	305.302	4	1421.334	<BeadTracker.Bead object at 0x000001D6ACAA1280>	0.0	0	846	846	1	True	179.0		M450	846
472.265	305.36	4	1512.354	<BeadTracker.Bead object at 0x000001D6ACAA16A0>	0.0	0	847	847	1	True	169.0		M450	847
471.911	305.514	4	1612.038	<BeadTracker.Bead object at 0x000001D6ACAA1AC0>	0.0	0	848	848	1	True	154.0		M450	848
471.439	305.614	4	1680.22	<BeadTracker.Bead object at 0x000001D6ACAA1EE0>	0.0	0	849	849	1	True	151.0		M450	849
471.141	305.653	4	1770.541	<BeadTracker.Bead object at 0x000001D6ACAA9340>	0.0	0	850	850	1	True	143.0		M450	850
470.842	305.726	4	1889.858	<BeadTracker.Bead object at 0x000001D6ACAA9760>	0.0	0	851	851	1	True	138.0		M450	851
470.66	305.735	4	1963.873	<BeadTracker.Bead object at 0x000001D6ACAA9B80>	0.0	0	852	852	1	True	132.0		M450	852
470.444	305.767	4	2035.959	<BeadTracker.Bead object at 0x000001D6ACAA9FA0>	0.0	0	853	853	1	True	126.0		M450	853
470.399	305.807	4	2093.984	<BeadTracker.Bead object at 0x000001D6ACAB1400>	0.0	0	854	854	1	True	122.0		M450	854
470.125	305.79	4	2126.378	<BeadTracker.Bead object at 0x000001D6ACAB1820>	0.0	0	855	855	1	True	121.0		M450	855
470.075	305.931	4	2228.057	<BeadTracker.Bead object at 0x000001D6ACAB1C40>	0.0	0	856	856	1	True	114.0		M450	856
469.847	305.958	4	2254.882	<BeadTracker.Bead object at 0x000001D6ACAB1FA0>	0.0	0	857	857	1	True	114.0		M450	857
469.759	305.988	4	2318.39	<BeadTracker.Bead object at 0x000001D6ACAB84C0>	0.0	0	858	858	1	True	109.0		M450	858
469.58	306.071	4	2344.21	<BeadTracker.Bead object at 0x000001D6ACAB88E0>	0.0	0	859	859	1	True	108.0		M450	859
469.575	306.153	4	2392.498	<BeadTracker.Bead object at 0x000001D6ACAB8D00>	0.0	0	860	860	1	True	105.0		M450	860
469.408	306.133	4	2395.636	<BeadTracker.Bead object at 0x000001D6ACAC1160>	0.0	0	861	861	1	True	102.0		M450	861
469.359	306.327	4	2448.319	<BeadTracker.Bead object at 0x000001D6ACAC1580>	0.0	0	862	862	1	True	99.0		M450	862
469.285	306.245	4	2464.233	<BeadTracker.Bead object at 0x000001D6ACAC19A0>	0.0	0	863	863	1	True	98.0		M450	863
469.303	306.301	4	2497.188	<BeadTracker.Bead object at 0x000001D6ACAC1DC0>	0.0	0	864	864	1	True	96.0		M450	864
469.158	306.392	4	2516.622	<BeadTracker.Bead object at 0x000001D6ACAC8220>	0.0	0	865	865	1	True	97.0		M450	865
469.145	306.618	4	2563.062	<BeadTracker.Bead object at 0x000001D6ACAC8640>	0.0	0	866	866	1	True	92.0		M450	866
469.035	306.559	4	2552.68	<BeadTracker.Bead object at 0x000001D6ACAC8A60>	0.0	0	867	867	1	True	101.0		M450	867
468.956	306.587	4	2596.261	<BeadTracker.Bead object at 0x000001D6ACAC8E80>	0.0	0	868	868	1	True	91.0		M450	868
468.986	306.547	4	2608.596	<BeadTracker.Bead object at 0x000001D6ACACF2E0>	0.0	0	869	869	1	True	91.0		M450	869
468.893	306.589	4	2655.552	<BeadTracker.Bead object at 0x000001D6ACACF700>	0.0	0	870	870	1	True	90.0		M450	870
468.754	306.622	4	2660.284	<BeadTracker.Bead object at 0x000001D6ACACFB20>	0.0	0	871	871	1	True	90.0		M450	871
468.816	306.64	4	2678.243	<BeadTracker.Bead object at 0x000001D6ACACFF40>	0.0	0	872	872	1	True	90.0		M450	872
468.771	306.616	4	2706.455	<BeadTracker.Bead object at 0x000001D6ACAD73A0>	0.0	0	873	873	1	True	90.0		M450	873
468.839	306.738	4	2726.386	<BeadTracker.Bead object at 0x000001D6ACAD77C0>	0.0	0	874	874	1	True	76.0		M450	874
468.725	306.633	4	2713.001	<BeadTracker.Bead object at 0x000001D6ACAD7BE0>	0.0	0	875	875	1	True	90.0		M450	875
468.676	306.922	4	2730.828	<BeadTracker.Bead object at 0x000001D6ACAD7F40>	0.0	0	876	876	1	True	89.0		M450	876
468.666	306.784	4	2709.102	<BeadTracker.Bead object at 0x000001D6ACAE0460>	0.0	0	877	877	1	True	90.0		M450	877
468.887	306.788	4	2743.092	<BeadTracker.Bead object at 0x000001D6ACAE0880>	0.0	0	878	878	1	True	76.0		M450	878
468.819	306.708	4	2739.136	<BeadTracker.Bead object at 0x000001D6ACAE0CA0>	0.0	0	879	879	1	True	77.0		M450	879
468.848	307.02	4	2763.478	<BeadTracker.Bead object at 0x000001D6ACAE7100>	0.0	0	880	880	1	True	78.0		M450	880
468.712	307.047	4	2719.195	<BeadTracker.Bead object at 0x000001D6ACAE7520>	0.0	0	881	881	1	True	83.0		M450	881
468.801	307.026	4	2776.794	<BeadTracker.Bead object at 0x000001D6ACAE7940>	0.0	0	882	882	1	True	79.0		M450	882
468.733	306.858	4	2776.741	<BeadTracker.Bead object at 0x000001D6ACAE7D60>	0.0	0	883	883	1	True	77.0		M450	883
468.836	306.855	4	2770.524	<BeadTracker.Bead object at 0x000001D6ACAEE1C0>	0.0	0	884	884	1	True	76.0		M450	884
468.664	306.868	4	2791.065	<BeadTracker.Bead object at 0x000001D6ACAEE5E0>	0.0	0	885	885	1	True	76.0		M450	885
468.74	307.062	4	2809.718	<BeadTracker.Bead object at 0x000001D6ACAEEA00>	0.0	0	886	886	1	True	79.0		M450	886
468.64	306.845	4	2764.296	<BeadTracker.Bead object at 0x000001D6ACAEEE20>	0.0	0	887	887	1	True	77.0		M450	887
468.781	306.932	4	2780.258	<BeadTracker.Bead object at 0x000001D6ACAF8280>	0.0	0	888	888	1	True	76.0		M450	888
468.718	306.848	4	2798.281	<BeadTracker.Bead object at 0x000001D6ACAF86A0>	0.0	0	889	889	1	True	76.0		M450	889
468.745	306.831	4	2831.731	<BeadTracker.Bead object at 0x000001D6ACAF8AC0>	0.0	0	890	890	1	True	75.0		M450	890
468.542	306.782	4	2813.667	<BeadTracker.Bead object at 0x000001D6ACAF8EE0>	0.0	0	891	891	1	True	76.0		M450	891
468.626	306.812	4	2845.09	<BeadTracker.Bead object at 0x000001D6ACAFF340>	0.0	0	892	892	1	True	75.0		M450	892
468.63	306.735	4	2821.332	<BeadTracker.Bead object at 0x000001D6ACAFF760>	0.0	0	893	893	1	True	75.0		M450	893
468.728	306.962	4	2819.29	<BeadTracker.Bead object at 0x000001D6ACAFFB80>	0.0	0	894	894	1	True	76.0		M450	894
468.554	307.295	0	3361.687	<BeadTracker.Bead object at 0x000001D6ACB05820>	3.0	36	897	897	1	True	17.0		M450	897
468.745	306.671	0	3275.673	<BeadTracker.Bead object at 0x000001D6ACB0E4C0>	3.0	37	900	900	1	True	-28.0		M450	900
466.897	306.948	0	3155.643	<BeadTracker.Bead object at 0x000001D6ACB17160>	3.0	38	903	903	1	True	-79.0		M450	903
466.942	306.685	0	3232.166	<BeadTracker.Bead object at 0x000001D6ACB17DC0>	3.0	39	906	906	1	True	-104.0		M450	906
466.647	306.467	0	2967.138	<BeadTracker.Bead object at 0x000001D6ACB1D220>	1.0	40	907	907	1	True	-163.0		M450	907
422.265	328.478	0	3508.449	<BeadTracker.Bead object at 0x000001D6ACB1DEE0>	1.0	41	910	910	2	True	-104.0		M450	910
422.697	329.39	0	3528.533	<BeadTracker.Bead object at 0x000001D6ACB25BE0>	1.0	42	913	913	2	True	-116.0		M450	913
422.212	329.585	5	1906.54	<BeadTracker.Bead object at 0x000001D6ACB25F40>	0.0	0	914	914	1	True	-175.0		M450	914
400.064	292.193	0	3377.673	<BeadTracker.Bead object at 0x000001D6ACB2C8E0>	2.0	43	916	916	2	True	-115.0		M450	916
398.045	281.706	0	3462.807	<BeadTracker.Bead object at 0x000001D6ACB34610>	2.0	44	919	919	2	True	-55.0		M450	919
396.107	266.21	0	3483.084	<BeadTracker.Bead object at 0x000001D6ACB3B340>	2.0	45	922	922	2	True	-58.0		M450	922
396.407	264.129	0	3490.835	<BeadTracker.Bead object at 0x000001D6ACB44070>	2.0	46	925	925	2	True	-72.0		M450	925
396.328	263.63	0	3464.012	<BeadTracker.Bead object at 0x000001D6ACB44D60>	2.0	47	928	928	2	True	-94.0		M450	928
396.455	263.534	0	3371.128	<BeadTracker.Bead object at 0x000001D6ACB4DA60>	2.0	48	931	931	2	True	-110.0		M450	931
396.536	262.867	0	2774.874	<BeadTracker.Bead object at 0x000001D6ACB55310>	1.0	49	933	933	2	True	-151.0		M450	933
396.567	262.646	-4	3401.163	<BeadTracker.Bead object at 0x000001D6ACB55760>	0.1	0	934	934	2	True	-91.0		M450	934
396.311	263.175	-4	1684.835	<BeadTracker.Bead object at 0x000001D6ACB55B80>	0.1	0	935	935	1	True	-150.0		M450	935
396.426	262.884	-4	2902.627	<BeadTracker.Bead object at 0x000001D6ACB55FD0>	0.1	0	936	936	2	True	-104.0		M450	936
396.619	263.16	-4	3346.81	<BeadTracker.Bead object at 0x000001D6ACB5C460>	0.1	0	937	937	2	True	-44.0		M450	937
396.536	262.928	-4	3400.217	<BeadTracker.Bead object at 0x000001D6ACB5C8B0>	0.1	0	938	938	2	True	16.0		M450	938
396.526	262.89	-4	3379.055	<BeadTracker.Bead object at 0x000001D6ACB5CD00>	0.1	0	939	939	2	True	17.0		M450	939
396.57	262.781	-4	3386.992	<BeadTracker.Bead object at 0x000001D6ACB64190>	0.1	0	940	940	2	True	17.0		M450	940
396.554	263.004	-4	3370.074	<BeadTracker.Bead object at 0x000001D6ACB645E0>	0.1	0	941	941	2	True	19.0		M450	941
396.568	263.035	-4	3382.141	<BeadTracker.Bead object at 0x000001D6ACB64A30>	0.1	0	942	942	2	True	20.0		M450	942
396.636	262.852	-4	3374.693	<BeadTracker.Bead object at 0x000001D6ACB64E80>	0.1	0	943	943	2	True	17.0		M450	943
396.682	262.808	-4	3385.932	<BeadTracker.Bead object at 0x000001D6ACB6B310>	0.1	0	944	944	2	True	17.0		M450	944
396.583	263.014	-4	3384.797	<BeadTracker.Bead object at 0x000001D6ACB6B760>	0.1	0	945	945	2	True	21.0		M450	945
396.464	263.178	-4	3354.609	<BeadTracker.Bead object at 0x000001D6ACB6BBB0>	0.1	0	946	946	2	True	22.0		M450	946
396.261	263.028	-4	3373.387	<BeadTracker.Bead object at 0x000001D6ACB6BF10>	0.1	0	947	947	2	True	21.0		M450	947
396.568	262.863	-4	3296.47	<BeadTracker.Bead object at 0x000001D6ACB72490>	0.1	0	948	948	2	True	30.0		M450	948
396.665	262.893	-4	3389.303	<BeadTracker.Bead object at 0x000001D6ACB728E0>	0.1	0	949	949	2	True	18.0		M450	949
396.441	263.017	-4	3348.691	<BeadTracker.Bead object at 0x000001D6ACB72D30>	0.1	0	950	950	2	True	19.0		M450	950
396.63	262.968	-4	3376.351	<BeadTracker.Bead object at 0x000001D6ACB7C1C0>	0.1	0	951	951	2	True	18.0		M450	951
396.479	262.722	-4	3398.408	<BeadTracker.Bead object at 0x000001D6ACB7C610>	0.1	0	952	952	2	True	-4.0		M450	952
396.649	262.983	-4	3364.209	<BeadTracker.Bead object at 0x000001D6ACB7CA60>	0.1	0	953	953	2	True	18.0		M450	953
396.507	262.704	-4	3322.603	<BeadTracker.Bead object at 0x000001D6ACB7CEB0>	0.1	0	954	954	2	True	17.0		M450	954
396.729	262.717	-4	3369.628	<BeadTracker.Bead object at 0x000001D6ACB82340>	0.1	0	955	955	2	True	17.0		M450	955
396.639	262.86	-4	3370.723	<BeadTracker.Bead object at 0x000001D6ACB82790>	0.1	0	956	956	2	True	18.0		M450	956
396.687	262.973	-4	3325.804	<BeadTracker.Bead object at 0x000001D6ACB82BE0>	0.1	0	957	957	2	True	30.0		M450	957
396.813	262.926	-4	3365.338	<BeadTracker.Bead object at 0x000001D6ACB8A070>	0.1	0	958	958	2	True	17.0		M450	958
396.979	262.844	-4	3362.671	<BeadTracker.Bead object at 0x000001D6ACB8A4C0>	0.1	0	959	959	2	True	17.0		M450	959
396.771	263.123	-4	3364.862	<BeadTracker.Bead object at 0x000001D6ACB8A910>	0.1	0	960	960	2	True	23.0		M450	960
396.738	262.782	-4	3364.883	<BeadTracker.Bead object at 0x000001D6ACB8AD60>	0.1	0	961	961	2	True	17.0		M450	961
396.653	262.846	-4	3375.127	<BeadTracker.Bead object at 0x000001D6ACB911F0>	0.1	0	962	962	2	True	17.0		M450	962
396.801	262.971	-4	3383.93	<BeadTracker.Bead object at 0x000001D6ACB91640>	0.1	0	963	963	2	True	20.0		M450	963
396.734	263.037	-4	3373.833	<BeadTracker.Bead object at 0x000001D6ACB91A90>	0.1	0	964	964	2	True	21.0		M450	964
396.772	262.976	-4	3374.335	<BeadTracker.Bead object at 0x000001D6ACB91EE0>	0.1	0	965	965	2	True	20.0		M450	965
396.692	262.922	-4	3377.285	<BeadTracker.Bead object at 0x000001D6ACB98370>	0.1	0	966	966	2	True	18.0		M450	966
396.677	262.914	-4	3356.087	<BeadTracker.Bead object at 0x000001D6ACB987F0>	0.1	0	967	967	2	True	18.0		M450	967
396.754	262.769	-4	3377.223	<BeadTracker.Bead object at 0x000001D6ACB98C40>	0.1	0	968	968	2	True	17.0		M450	968
396.695	262.938	-4	3403.154	<BeadTracker.Bead object at 0x000001D6ACBA20D0>	0.1	0	969	969	2	True	18.0		M450	969
396.586	262.903	-4	3353.621	<BeadTracker.Bead object at 0x000001D6ACBA2520>	0.1	0	970	970	2	True	17.0		M450	970
396.582	262.853	-4	3392.162	<BeadTracker.Bead object at 0x000001D6ACBA2970>	0.1	0	971	971	2	True	17.0		M450	971
396.605	262.927	-4	3384.285	<BeadTracker.Bead object at 0x000001D6ACBA2DC0>	0.1	0	972	972	2	True	18.0		M450	972
396.673	262.914	-4	3369.583	<BeadTracker.Bead object at 0x000001D6ACBA9250>	0.1	0	973	973	2	True	18.0		M450	973
396.623	262.819	-4	3393.288	<BeadTracker.Bead object at 0x000001D6ACBA96A0>	0.1	0	974	974	2	True	17.0		M450	974
396.566	262.922	-4	3372.288	<BeadTracker.Bead object at 0x000001D6ACBA9AF0>	0.1	0	975	975	2	True	18.0		M450	975
396.455	262.81	-4	3354.12	<BeadTracker.Bead object at 0x000001D6ACBA9F40>	0.1	0	976	976	2	True	17.0		M450	976
396.593	262.869	-4	3371.121	<BeadTracker.Bead object at 0x000001D6ACBB23D0>	0.1	0	977	977	2	True	17.0		M450	977
396.654	263.045	-4	3361.315	<BeadTracker.Bead object at 0x000001D6ACBB2820>	0.1	0	978	978	2	True	29.0		M450	978
396.562	263.074	-4	3339.433	<BeadTracker.Bead object at 0x000001D6ACBB2C70>	0.1	0	979	979	2	True	39.0		M450	979
396.639	263.091	-4	3323.262	<BeadTracker.Bead object at 0x000001D6ACBB8100>	0.1	0	980	980	2	True	39.0		M450	980
396.574	263.073	-4	3337.387	<BeadTracker.Bead object at 0x000001D6ACBB8550>	0.1	0	981	981	2	True	39.0		M450	981
396.523	263.212	-4	3349.903	<BeadTracker.Bead object at 0x000001D6ACBB89A0>	0.1	0	982	982	2	True	49.0		M450	982
396.682	263.217	-4	3345.849	<BeadTracker.Bead object at 0x000001D6ACBB8DF0>	0.1	0	983	983	2	True	49.0		M450	983
396.679	263.141	-4	3338.813	<BeadTracker.Bead object at 0x000001D6ACBC1280>	0.1	0	984	984	2	True	40.0		M450	984
396.586	263.254	-4	3352.954	<BeadTracker.Bead object at 0x000001D6ACBC16D0>	0.1	0	985	985	2	True	49.0		M450	985
396.454	263.193	-4	3342.671	<BeadTracker.Bead object at 0x000001D6ACBC1B20>	0.1	0	986	986	2	True	25.0		M450	986
396.705	263.137	-4	3342.64	<BeadTracker.Bead object at 0x000001D6ACBC1F70>	0.1	0	987	987	2	True	40.0		M450	987
396.689	263.221	-4	3364.68	<BeadTracker.Bead object at 0x000001D6ACBC7400>	0.1	0	988	988	2	True	42.0		M450	988
396.632	263.248	-4	3335.019	<BeadTracker.Bead object at 0x000001D6ACBC7880>	0.1	0	989	989	2	True	49.0		M450	989
396.596	263.174	-4	3337.442	<BeadTracker.Bead object at 0x000001D6ACBC7CD0>	0.1	0	990	990	2	True	41.0		M450	990
396.648	263.298	-4	3340.791	<BeadTracker.Bead object at 0x000001D6ACBCF160>	0.1	0	991	991	2	True	49.0		M450	991
396.624	263.177	-4	3352.446	<BeadTracker.Bead object at 0x000001D6ACBCF5B0>	0.1	0	992	992	2	True	40.0		M450	992
396.764	263.055	-4	3346.736	<BeadTracker.Bead object at 0x000001D6ACBCFA00>	0.1	0	993	993	2	True	39.0		M450	993
396.629	263.107	-4	3359.462	<BeadTracker.Bead object at 0x000001D6ACBCFE50>	0.1	0	994	994	2	True	40.0		M450	994
396.616	263.17	-4	3335.163	<BeadTracker.Bead object at 0x000001D6ACBD72E0>	0.1	0	995	995	2	True	40.0		M450	995
396.641	263.023	-4	3324.981	<BeadTracker.Bead object at 0x000001D6ACBD7730>	0.1	0	996	996	2	True	30.0		M450	996
396.592	263.129	-4	3334.541	<BeadTracker.Bead object at 0x000001D6ACBD7B80>	0.1	0	997	997	2	True	40.0		M450	997
396.598	263.147	-4	3356.401	<BeadTracker.Bead object at 0x000001D6ACBD7FD0>	0.1	0	998	998	2	True	40.0		M450	998
396.561	263.058	-4	3339.817	<BeadTracker.Bead object at 0x000001D6ACBDF460>	0.1	0	999	999	2	True	30.0		M450	999
396.492	263.007	-4	3348.631	<BeadTracker.Bead object at 0x000001D6ACBDF8E0>	0.1	0	1000	1000	2	True	18.0		M450	1000
396.573	262.938	-4	3325.642	<BeadTracker.Bead object at 0x000001D6ACBDFD30>	0.1	0	1001	1001	2	True	30.0		M450	1001
396.51	262.929	-4	3368.368	<BeadTracker.Bead object at 0x000001D6ACBE71C0>	0.1	0	1002	1002	2	True	30.0		M450	1002
396.6	262.982	-4	3327.907	<BeadTracker.Bead object at 0x000001D6ACBE7640>	0.1	0	1003	1003	2	True	30.0		M450	1003
396.548	262.889	-4	3343.509	<BeadTracker.Bead object at 0x000001D6ACBE7A90>	0.1	0	1004	1004	2	True	30.0		M450	1004
396.548	262.845	-4	3319.38	<BeadTracker.Bead object at 0x000001D6ACBE7EE0>	0.1	0	1005	1005	2	True	30.0		M450	1005
396.579	262.849	-4	3342.434	<BeadTracker.Bead object at 0x000001D6ACBEF370>	0.1	0	1006	1006	2	True	18.0		M450	1006
396.628	262.832	-4	3316.117	<BeadTracker.Bead object at 0x000001D6ACBEF7C0>	0.1	0	1007	1007	2	True	17.0		M450	1007
396.603	262.932	-4	3310.867	<BeadTracker.Bead object at 0x000001D6ACBEFC10>	0.1	0	1008	1008	2	True	30.0		M450	1008
396.679	262.889	-4	3336.954	<BeadTracker.Bead object at 0x000001D6ACBF60D0>	0.1	0	1009	1009	2	True	30.0		M450	1009
396.564	262.758	-4	3321.436	<BeadTracker.Bead object at 0x000001D6ACBF6520>	0.1	0	1010	1010	2	True	17.0		M450	1010
396.6	262.919	-4	3325.346	<BeadTracker.Bead object at 0x000001D6ACBF6970>	0.1	0	1011	1011	2	True	30.0		M450	1011
396.601	262.864	-4	3326.154	<BeadTracker.Bead object at 0x000001D6ACBF6DC0>	0.1	0	1012	1012	2	True	30.0		M450	1012
396.608	262.851	-4	3333.012	<BeadTracker.Bead object at 0x000001D6ACBFD250>	0.1	0	1013	1013	2	True	30.0		M450	1013
396.451	262.931	-4	3284.726	<BeadTracker.Bead object at 0x000001D6ACBFD6A0>	0.1	0	1014	1014	2	True	19.0		M450	1014
396.563	262.951	-4	3328.741	<BeadTracker.Bead object at 0x000001D6ACBFDAF0>	0.1	0	1015	1015	2	True	30.0		M450	1015
396.521	262.878	-4	3308.253	<BeadTracker.Bead object at 0x000001D6ACBFDF70>	0.1	0	1016	1016	2	True	30.0		M450	1016
396.585	262.926	-4	3291.586	<BeadTracker.Bead object at 0x000001D6ACC06400>	0.1	0	1017	1017	2	True	39.0		M450	1017
396.667	262.935	-4	3273.509	<BeadTracker.Bead object at 0x000001D6ACC06880>	0.1	0	1018	1018	2	True	40.0		M450	1018
396.647	263.015	-4	3294.609	<BeadTracker.Bead object at 0x000001D6ACC06CD0>	0.1	0	1019	1019	2	True	40.0		M450	1019
396.558	263.028	-4	3284.188	<BeadTracker.Bead object at 0x000001D6ACC0E1F0>	0.1	0	1020	1020	2	True	40.0		M450	1020
396.653	263.094	-4	3271.597	<BeadTracker.Bead object at 0x000001D6ACC0E640>	0.1	0	1021	1021	2	True	42.0		M450	1021
396.652	262.929	-4	3291.645	<BeadTracker.Bead object at 0x000001D6ACC0EAC0>	0.1	0	1022	1022	2	True	39.0		M450	1022
396.578	263.038	-4	3297.621	<BeadTracker.Bead object at 0x000001D6ACC0EFA0>	0.1	0	1023	1023	2	True	42.0		M450	1023
396.593	263.034	-4	3223.957	<BeadTracker.Bead object at 0x000001D6ACC15430>	0.1	0	1024	1024	2	True	50.0		M450	1024
396.622	262.899	-4	3270.508	<BeadTracker.Bead object at 0x000001D6ACC15880>	0.1	0	1025	1025	2	True	39.0		M450	1025
396.511	262.936	-4	3294.024	<BeadTracker.Bead object at 0x000001D6ACC15CD0>	0.1	0	1026	1026	2	True	40.0		M450	1026
396.649	262.891	-4	3271.639	<BeadTracker.Bead object at 0x000001D6ACC1C160>	0.1	0	1027	1027	2	True	30.0		M450	1027
396.63	262.616	-4	3278.142	<BeadTracker.Bead object at 0x000001D6ACC1C5B0>	0.1	0	1028	1028	2	True	17.0		M450	1028
396.501	263.051	-4	3241.462	<BeadTracker.Bead object at 0x000001D6ACC1CA00>	0.1	0	1029	1029	2	True	41.0		M450	1029
396.657	262.84	-4	3270.711	<BeadTracker.Bead object at 0x000001D6ACC1CE50>	0.1	0	1030	1030	2	True	30.0		M450	1030
396.832	262.672	-4	3273.579	<BeadTracker.Bead object at 0x000001D6ACC242E0>	0.1	0	1031	1031	2	True	17.0		M450	1031
396.872	262.713	-4	3282.037	<BeadTracker.Bead object at 0x000001D6ACC24730>	0.1	0	1032	1032	2	True	17.0		M450	1032
396.725	262.886	-4	3245.794	<BeadTracker.Bead object at 0x000001D6ACC24B80>	0.1	0	1033	1033	2	True	40.0		M450	1033
396.63	262.468	-4	3282.172	<BeadTracker.Bead object at 0x000001D6ACC24FD0>	0.1	0	1034	1034	2	True	60.0		M450	1034
396.483	262.562	-4	3280.966	<BeadTracker.Bead object at 0x000001D6ACC2C460>	0.1	0	1035	1035	2	True	16.0		M450	1035
396.657	262.572	-4	3265.301	<BeadTracker.Bead object at 0x000001D6ACC2C8B0>	0.1	0	1036	1036	2	True	17.0		M450	1036
396.798	262.168	-4	3231.659	<BeadTracker.Bead object at 0x000001D6ACC2CD00>	0.1	0	1037	1037	2	True	50.0		M450	1037
396.846	262.71	-4	3272.909	<BeadTracker.Bead object at 0x000001D6ACC34190>	0.1	0	1038	1038	2	True	17.0		M450	1038
397.031	262.651	-4	3303.283	<BeadTracker.Bead object at 0x000001D6ACC345E0>	0.1	0	1039	1039	2	True	17.0		M450	1039
396.585	262.374	-4	3271.922	<BeadTracker.Bead object at 0x000001D6ACC34A30>	0.1	0	1040	1040	2	True	59.0		M450	1040
396.494	262.547	-4	3312.87	<BeadTracker.Bead object at 0x000001D6ACC34E80>	0.1	0	1041	1041	2	True	16.0		M450	1041
396.437	262.758	-4	3314.381	<BeadTracker.Bead object at 0x000001D6ACC3C310>	0.1	0	1042	1042	2	True	17.0		M450	1042
396.297	262.94	-4	3314.54	<BeadTracker.Bead object at 0x000001D6ACC3C760>	0.1	0	1043	1043	2	True	18.0		M450	1043
396.51	262.114	-4	3246.589	<BeadTracker.Bead object at 0x000001D6ACC3CBB0>	0.1	0	1044	1044	2	True	52.0		M450	1044
395.881	262.891	-4	3104.671	<BeadTracker.Bead object at 0x000001D6ACC3CF10>	0.1	0	1045	1045	2	True	41.0		M450	1045
396.443	263.078	-4	3236.395	<BeadTracker.Bead object at 0x000001D6ACC44490>	0.1	0	1046	1046	2	True	41.0		M450	1046
397.035	261.782	-4	3283.479	<BeadTracker.Bead object at 0x000001D6ACC448E0>	0.1	0	1047	1047	2	True	18.0		M450	1047
396.596	262.141	-4	3253.999	<BeadTracker.Bead object at 0x000001D6ACC44D30>	0.1	0	1048	1048	2	True	51.0		M450	1048
396.362	262.989	-4	3287.147	<BeadTracker.Bead object at 0x000001D6ACC4A1C0>	0.1	0	1049	1049	2	True	30.0		M450	1049
396.361	262.121	-4	3354.331	<BeadTracker.Bead object at 0x000001D6ACC4A610>	0.1	0	1050	1050	2	True	39.0		M450	1050
396.334	261.898	-4	3205.921	<BeadTracker.Bead object at 0x000001D6ACC4AA60>	0.1	0	1051	1051	2	True	30.0		M450	1051
396.674	262.434	-4	3201.066	<BeadTracker.Bead object at 0x000001D6ACC4AEB0>	0.1	0	1052	1052	2	True	60.0		M450	1052
396.461	262.829	-4	3301.457	<BeadTracker.Bead object at 0x000001D6ACC54340>	0.1	0	1053	1053	2	True	17.0		M450	1053
396.901	262.012	-4	3249.789	<BeadTracker.Bead object at 0x000001D6ACC54790>	0.1	0	1054	1054	2	True	41.0		M450	1054
396.712	262.285	-4	3304.545	<BeadTracker.Bead object at 0x000001D6ACC54BE0>	0.1	0	1055	1055	2	True	51.0		M450	1055
396.827	262.54	-4	3301.747	<BeadTracker.Bead object at 0x000001D6ACC5B070>	0.1	0	1056	1056	2	True	17.0		M450	1056
396.647	262.076	-4	3314.377	<BeadTracker.Bead object at 0x000001D6ACC5B4C0>	0.1	0	1057	1057	2	True	40.0		M450	1057
396.69	262.064	-4	3376.026	<BeadTracker.Bead object at 0x000001D6ACC5B910>	0.1	0	1058	1058	2	True	39.0		M450	1058
396.497	262.004	-4	3321.688	<BeadTracker.Bead object at 0x000001D6ACC5BD60>	0.1	0	1059	1059	2	True	30.0		M450	1059
396.453	262.526	-4	3302.192	<BeadTracker.Bead object at 0x000001D6ACC641F0>	0.1	0	1060	1060	2	True	16.0		M450	1060
396.78	262.033	-4	3190.341	<BeadTracker.Bead object at 0x000001D6ACC64640>	0.1	0	1061	1061	2	True	51.0		M450	1061
396.78	262.256	-4	3292.562	<BeadTracker.Bead object at 0x000001D6ACC64A90>	0.1	0	1062	1062	2	True	50.0		M450	1062
396.504	262.442	-4	3202.76	<BeadTracker.Bead object at 0x000001D6ACC64EE0>	0.1	0	1063	1063	2	True	61.0		M450	1063
396.63	262.222	-4	3235.885	<BeadTracker.Bead object at 0x000001D6ACC6B370>	0.1	0	1064	1064	2	True	52.0		M450	1064
396.645	262.092	-4	3281.344	<BeadTracker.Bead object at 0x000001D6ACC6B7C0>	0.1	0	1065	1065	2	True	50.0		M450	1065
396.703	262.082	-4	3245.543	<BeadTracker.Bead object at 0x000001D6ACC6BC10>	0.1	0	1066	1066	2	True	50.0		M450	1066
396.874	262.41	6	3233.119	<BeadTracker.Bead object at 0x000001D6ACC720A0>	0.0	0	1067	1067	2	True	60.0		M450	1067
396.858	262.458	6	3223.752	<BeadTracker.Bead object at 0x000001D6ACC724F0>	0.0	0	1068	1068	2	True	60.0		M450	1068
396.807	262.12	6	3211.022	<BeadTracker.Bead object at 0x000001D6ACC72940>	0.0	0	1069	1069	2	True	51.0		M450	1069
396.641	261.972	6	3244.868	<BeadTracker.Bead object at 0x000001D6ACC72D90>	0.0	0	1070	1070	2	True	41.0		M450	1070
396.704	262.15	6	3291.49	<BeadTracker.Bead object at 0x000001D6ACC7B220>	0.0	0	1071	1071	2	True	50.0		M450	1071
396.799	262.195	6	3255.857	<BeadTracker.Bead object at 0x000001D6ACC7B670>	0.0	0	1072	1072	2	True	50.0		M450	1072
396.713	262.161	6	3242.017	<BeadTracker.Bead object at 0x000001D6ACC7BAC0>	0.0	0	1073	1073	2	True	51.0		M450	1073
396.748	262.227	6	3240.161	<BeadTracker.Bead object at 0x000001D6ACC7BF10>	0.0	0	1074	1074	2	True	51.0		M450	1074
396.714	261.865	6	3222.123	<BeadTracker.Bead object at 0x000001D6ACC813A0>	0.0	0	1075	1075	2	True	40.0		M450	1075
396.977	261.964	6	3258.037	<BeadTracker.Bead object at 0x000001D6ACC817F0>	0.0	0	1076	1076	2	True	40.0		M450	1076
396.789	262.088	6	3267.5	<BeadTracker.Bead object at 0x000001D6ACC81C40>	0.0	0	1077	1077	2	True	50.0		M450	1077
396.751	261.967	6	3250.715	<BeadTracker.Bead object at 0x000001D6ACC890D0>	0.0	0	1078	1078	2	True	41.0		M450	1078
396.773	262.353	6	3203.113	<BeadTracker.Bead object at 0x000001D6ACC89520>	0.0	0	1079	1079	2	True	60.0		M450	1079
396.76	262.127	6	3269.95	<BeadTracker.Bead object at 0x000001D6ACC89970>	0.0	0	1080	1080	2	True	50.0		M450	1080
396.951	261.956	6	3266.232	<BeadTracker.Bead object at 0x000001D6ACC89DC0>	0.0	0	1081	1081	2	True	40.0		M450	1081
397.024	262.24	6	3218.096	<BeadTracker.Bead object at 0x000001D6ACC90250>	0.0	0	1082	1082	2	True	52.0		M450	1082
396.684	262.27	6	3185.065	<BeadTracker.Bead object at 0x000001D6ACC906A0>	0.0	0	1083	1083	2	True	61.0		M450	1083
396.721	262.093	6	3220.528	<BeadTracker.Bead object at 0x000001D6ACC90AF0>	0.0	0	1084	1084	2	True	52.0		M450	1084
396.907	262.107	6	3190.411	<BeadTracker.Bead object at 0x000001D6ACC90F40>	0.0	0	1085	1085	2	True	51.0		M450	1085
396.956	262.207	6	3209.794	<BeadTracker.Bead object at 0x000001D6ACC9A3D0>	0.0	0	1086	1086	2	True	60.0		M450	1086
396.985	262.257	6	3193.237	<BeadTracker.Bead object at 0x000001D6ACC9A820>	0.0	0	1087	1087	2	True	60.0		M450	1087
396.953	262.065	6	3181.383	<BeadTracker.Bead object at 0x000001D6ACC9AC70>	0.0	0	1088	1088	2	True	51.0		M450	1088
396.9	262.036	6	3208.117	<BeadTracker.Bead object at 0x000001D6ACCA0100>	0.0	0	1089	1089	2	True	50.0		M450	1089
397.003	262.29	6	3200.157	<BeadTracker.Bead object at 0x000001D6ACCA0550>	0.0	0	1090	1090	2	True	60.0		M450	1090
396.976	262.147	6	3178.163	<BeadTracker.Bead object at 0x000001D6ACCA09A0>	0.0	0	1091	1091	2	True	52.0		M450	1091
396.938	262.022	6	3194.873	<BeadTracker.Bead object at 0x000001D6ACCA0DF0>	0.0	0	1092	1092	2	True	50.0		M450	1092
396.938	262.02	6	3173.494	<BeadTracker.Bead object at 0x000001D6ACCA7280>	0.0	0	1093	1093	2	True	51.0		M450	1093
396.963	261.967	6	3208.442	<BeadTracker.Bead object at 0x000001D6ACCA76D0>	0.0	0	1094	1094	2	True	41.0		M450	1094
396.952	262.03	6	3185.46	<BeadTracker.Bead object at 0x000001D6ACCA7B20>	0.0	0	1095	1095	2	True	51.0		M450	1095
397.027	262.165	6	3156.26	<BeadTracker.Bead object at 0x000001D6ACCA7F70>	0.0	0	1096	1096	2	True	52.0		M450	1096
396.825	261.984	6	3142.39	<BeadTracker.Bead object at 0x000001D6ACCB1400>	0.0	0	1097	1097	2	True	52.0		M450	1097
397.07	261.967	6	3141.399	<BeadTracker.Bead object at 0x000001D6ACCB1850>	0.0	0	1098	1098	2	True	41.0		M450	1098
396.801	261.891	6	3127.661	<BeadTracker.Bead object at 0x000001D6ACCB1CA0>	0.0	0	1099	1099	2	True	51.0		M450	1099
397.011	261.954	6	3137.135	<BeadTracker.Bead object at 0x000001D6ACCB9130>	0.0	0	1100	1100	2	True	42.0		M450	1100
396.867	261.811	6	3166.873	<BeadTracker.Bead object at 0x000001D6ACCB9580>	0.0	0	1101	1101	2	True	41.0		M450	1101
396.938	261.836	6	3159.132	<BeadTracker.Bead object at 0x000001D6ACCB99D0>	0.0	0	1102	1102	2	True	40.0		M450	1102
396.88	261.773	6	3106.084	<BeadTracker.Bead object at 0x000001D6ACCB9E20>	0.0	0	1103	1103	2	True	40.0		M450	1103
396.798	261.592	6	3143.518	<BeadTracker.Bead object at 0x000001D6ACCC02B0>	0.0	0	1104	1104	2	True	30.0		M450	1104
396.89	261.69	6	3097.692	<BeadTracker.Bead object at 0x000001D6ACCC0700>	0.0	0	1105	1105	2	True	40.0		M450	1105
396.931	261.556	6	3077.556	<BeadTracker.Bead object at 0x000001D6ACCC0B50>	0.0	0	1106	1106	2	True	31.0		M450	1106
397.01	261.486	6	3107.047	<BeadTracker.Bead object at 0x000001D6ACCC0FA0>	0.0	0	1107	1107	2	True	70.0		M450	1107
396.986	261.325	6	3076.097	<BeadTracker.Bead object at 0x000001D6ACCC8430>	0.0	0	1108	1108	2	True	70.0		M450	1108
397.02	261.251	6	3073.989	<BeadTracker.Bead object at 0x000001D6ACCC8880>	0.0	0	1109	1109	2	True	70.0		M450	1109
397.015	261.23	6	3070.035	<BeadTracker.Bead object at 0x000001D6ACCC8CD0>	0.0	0	1110	1110	2	True	69.0		M450	1110
397.051	261.016	6	3045.006	<BeadTracker.Bead object at 0x000001D6ACCD0160>	0.0	0	1111	1111	2	True	54.0		M450	1111
397.049	260.938	6	3045.83	<BeadTracker.Bead object at 0x000001D6ACCD05B0>	0.0	0	1112	1112	2	True	53.0		M450	1112
397.089	260.758	6	3054.593	<BeadTracker.Bead object at 0x000001D6ACCD0A00>	0.0	0	1113	1113	2	True	41.0		M450	1113
397.134	260.765	6	3015.203	<BeadTracker.Bead object at 0x000001D6ACCD0E50>	0.0	0	1114	1114	2	True	41.0		M450	1114
397.342	260.632	6	2982.834	<BeadTracker.Bead object at 0x000001D6ACCD72E0>	0.0	0	1115	1115	2	True	40.0		M450	1115
397.368	260.397	6	2955.264	<BeadTracker.Bead object at 0x000001D6ACCD7730>	0.0	0	1116	1116	2	True	72.0		M450	1116
397.458	260.303	6	2920.866	<BeadTracker.Bead object at 0x000001D6ACCD7B80>	0.0	0	1117	1117	2	True	73.0		M450	1117
397.545	260.147	6	2868.533	<BeadTracker.Bead object at 0x000001D6ACCD7FD0>	0.0	0	1118	1118	2	True	78.0		M450	1118
397.74	260.063	6	2812.213	<BeadTracker.Bead object at 0x000001D6ACCDE460>	0.0	0	1119	1119	2	True	76.0		M450	1119
397.947	259.901	6	2729.404	<BeadTracker.Bead object at 0x000001D6ACCDE8B0>	0.0	0	1120	1120	2	True	77.0		M450	1120
398.205	259.72	6	2620.475	<BeadTracker.Bead object at 0x000001D6ACCDED00>	0.0	0	1121	1121	2	True	90.0		M450	1121
398.347	259.502	6	2515.105	<BeadTracker.Bead object at 0x000001D6ACCE7190>	0.0	0	1122	1122	2	True	102.0		M450	1122
398.668	259.295	6	2391.7	<BeadTracker.Bead object at 0x000001D6ACCE75E0>	0.0	0	1123	1123	2	True	105.0		M450	1123
399.105	259.135	6	2294.164	<BeadTracker.Bead object at 0x000001D6ACCE7A30>	0.0	0	1124	1124	2	True	108.0		M450	1124
399.846	259.059	6	2017.365	<BeadTracker.Bead object at 0x000001D6ACCE7E80>	0.0	0	1125	1125	2	True	129.0		M450	1125
400.642	259.002	6	1684.659	<BeadTracker.Bead object at 0x000001D6ACCEE310>	0.0	0	1126	1126	2	True	151.0		M450	1126
401.498	258.693	6	1376.054	<BeadTracker.Bead object at 0x000001D6ACCEE730>	0.0	0	1127	1127	1	True	174.0		M450	1127
402.698	258.428	6	1117.628	<BeadTracker.Bead object at 0x000001D6ACCEEB50>	0.0	0	1128	1128	1	True	207.0		M450	1128
404.399	258.266	6	863.18	<BeadTracker.Bead object at 0x000001D6ACCEEF70>	0.0	0	1129	1129	1	True	243.0		M450	1129
406.861	257.438	6	604.889	<BeadTracker.Bead object at 0x000001D6ACCF53D0>	0.0	0	1130	1130	1	True	284.0		M450	1130
409.794	256.09	6	438.299	<BeadTracker.Bead object at 0x000001D6ACCF57F0>	0.0	0	1131	1131	1	True	344.0		M450	1131
457.515	231.97	6	505.161	<BeadTracker.Bead object at 0x000001D6ACD04640>	0.0	0	1150	1150	1	True	370.0		M450	1150
456.904	231.985	6	467.077	<BeadTracker.Bead object at 0x000001D6ACD04A60>	0.0	0	1151	1151	1	True	359.0		M450	1151
456.262	232.174	6	456.361	<BeadTracker.Bead object at 0x000001D6ACD04E80>	0.0	0	1152	1152	1	True	314.0		M450	1152
455.459	232.394	6	483.598	<BeadTracker.Bead object at 0x000001D6ACD0B6D0>	0.0	0	1154	1154	1	True	313.0		M450	1154
454.979	232.403	6	522.377	<BeadTracker.Bead object at 0x000001D6ACD0BAF0>	0.0	0	1155	1155	1	True	311.0		M450	1155
454.618	232.592	6	563.573	<BeadTracker.Bead object at 0x000001D6ACD0BF10>	0.0	0	1156	1156	1	True	307.0		M450	1156
454.205	232.713	6	577.35	<BeadTracker.Bead object at 0x000001D6ACD12370>	0.0	0	1157	1157	1	True	306.0		M450	1157
453.895	232.741	6	625.571	<BeadTracker.Bead object at 0x000001D6ACD12790>	0.0	0	1158	1158	1	True	282.0		M450	1158
453.677	232.656	6	646.515	<BeadTracker.Bead object at 0x000001D6ACD12BB0>	0.0	0	1159	1159	1	True	282.0		M450	1159
453.461	232.663	6	686.611	<BeadTracker.Bead object at 0x000001D6ACD12FD0>	0.0	0	1160	1160	1	True	280.0		M450	1160
453.193	232.812	6	694.516	<BeadTracker.Bead object at 0x000001D6ACD1B430>	0.0	0	1161	1161	1	True	270.0		M450	1161
453.026	232.821	6	737.322	<BeadTracker.Bead object at 0x000001D6ACD1B850>	0.0	0	1162	1162	1	True	261.0		M450	1162
452.896	232.818	6	743.549	<BeadTracker.Bead object at 0x000001D6ACD1BC70>	0.0	0	1163	1163	1	True	261.0		M450	1163
452.759	232.865	6	773.956	<BeadTracker.Bead object at 0x000001D6ACD1BFD0>	0.0	0	1164	1164	1	True	260.0		M450	1164
452.607	232.877	6	782.001	<BeadTracker.Bead object at 0x000001D6ACD224F0>	0.0	0	1165	1165	1	True	260.0		M450	1165
452.399	232.754	6	785.089	<BeadTracker.Bead object at 0x000001D6ACD22910>	0.0	0	1166	1166	1	True	260.0		M450	1166
452.236	232.821	6	790.418	<BeadTracker.Bead object at 0x000001D6ACD22D30>	0.0	0	1167	1167	1	True	260.0		M450	1167
452.187	232.951	6	794.345	<BeadTracker.Bead object at 0x000001D6ACD2A190>	0.0	0	1168	1168	1	True	245.0		M450	1168
452.134	232.823	6	808.283	<BeadTracker.Bead object at 0x000001D6ACD2A5B0>	0.0	0	1169	1169	1	True	244.0		M450	1169
452.041	232.818	6	821.614	<BeadTracker.Bead object at 0x000001D6ACD2A9D0>	0.0	0	1170	1170	1	True	243.0		M450	1170
451.746	233.092	6	814.796	<BeadTracker.Bead object at 0x000001D6ACD2ADF0>	0.0	0	1171	1171	1	True	244.0		M450	1171
451.697	232.971	6	817.287	<BeadTracker.Bead object at 0x000001D6ACD32250>	0.0	0	1172	1172	1	True	243.0		M450	1172
451.808	232.918	6	820.876	<BeadTracker.Bead object at 0x000001D6ACD32670>	0.0	0	1173	1173	1	True	243.0		M450	1173
451.781	233.028	6	822.261	<BeadTracker.Bead object at 0x000001D6ACD32A90>	0.0	0	1174	1174	1	True	243.0		M450	1174
451.717	233.045	6	838.151	<BeadTracker.Bead object at 0x000001D6ACD32EB0>	0.0	0	1175	1175	1	True	242.0		M450	1175
451.64	233.177	6	814.121	<BeadTracker.Bead object at 0x000001D6ACD39310>	0.0	0	1176	1176	1	True	243.0		M450	1176
451.537	232.862	6	846.33	<BeadTracker.Bead object at 0x000001D6ACD39730>	0.0	0	1177	1177	1	True	241.0		M450	1177
451.512	233.034	6	874.489	<BeadTracker.Bead object at 0x000001D6ACD39B50>	0.0	0	1178	1178	1	True	242.0		M450	1178
451.491	232.85	6	874.751	<BeadTracker.Bead object at 0x000001D6ACD39F70>	0.0	0	1179	1179	1	True	241.0		M450	1179
451.601	233.128	6	862.259	<BeadTracker.Bead object at 0x000001D6ACD413D0>	0.0	0	1180	1180	1	True	232.0		M450	1180
451.507	233.141	6	843.85	<BeadTracker.Bead object at 0x000001D6ACD417F0>	0.0	0	1181	1181	1	True	242.0		M450	1181
451.364	233.107	6	885.096	<BeadTracker.Bead object at 0x000001D6ACD41C10>	0.0	0	1182	1182	1	True	233.0		M450	1182
451.329	232.966	6	887.478	<BeadTracker.Bead object at 0x000001D6ACD41F70>	0.0	0	1183	1183	1	True	242.0		M450	1183
451.452	233.276	6	883.887	<BeadTracker.Bead object at 0x000001D6ACD49490>	0.0	0	1184	1184	1	True	242.0		M450	1184
451.372	233.181	6	896.013	<BeadTracker.Bead object at 0x000001D6ACD498B0>	0.0	0	1185	1185	1	True	242.0		M450	1185
451.425	233.181	6	875.876	<BeadTracker.Bead object at 0x000001D6ACD49CD0>	0.0	0	1186	1186	1	True	242.0		M450	1186
451.385	232.962	6	896.412	<BeadTracker.Bead object at 0x000001D6ACD50130>	0.0	0	1187	1187	1	True	242.0		M450	1187
451.427	233.189	6	890.977	<BeadTracker.Bead object at 0x000001D6ACD50550>	0.0	0	1188	1188	1	True	233.0		M450	1188
451.45	232.982	6	908.38	<BeadTracker.Bead object at 0x000001D6ACD50970>	0.0	0	1189	1189	1	True	233.0		M450	1189
451.457	233.131	6	906.503	<BeadTracker.Bead object at 0x000001D6ACD50D90>	0.0	0	1190	1190	1	True	233.0		M450	1190
451.393	233.187	6	895.98	<BeadTracker.Bead object at 0x000001D6ACD581F0>	0.0	0	1191	1191	1	True	241.0		M450	1191
451.341	233.03	6	890.434	<BeadTracker.Bead object at 0x000001D6ACD58610>	0.0	0	1192	1192	1	True	232.0		M450	1192
451.42	232.889	6	896.099	<BeadTracker.Bead object at 0x000001D6ACD58A30>	0.0	0	1193	1193	1	True	232.0		M450	1193
451.46	233.128	6	895.622	<BeadTracker.Bead object at 0x000001D6ACD58E50>	0.0	0	1194	1194	1	True	233.0		M450	1194
451.436	233.016	6	895.651	<BeadTracker.Bead object at 0x000001D6ACD602B0>	0.0	0	1195	1195	1	True	232.0		M450	1195
451.309	232.989	6	897.721	<BeadTracker.Bead object at 0x000001D6ACD606D0>	0.0	0	1196	1196	1	True	232.0		M450	1196
451.266	232.855	6	890.168	<BeadTracker.Bead object at 0x000001D6ACD60AF0>	0.0	0	1197	1197	1	True	232.0		M450	1197
451.299	232.919	6	887.717	<BeadTracker.Bead object at 0x000001D6ACD60F10>	0.0	0	1198	1198	1	True	231.0		M450	1198
451.256	232.831	6	907.147	<BeadTracker.Bead object at 0x000001D6ACD69370>	0.0	0	1199	1199	1	True	231.0		M450	1199
451.195	232.145	0	2377.335	<BeadTracker.Bead object at 0x000001D6ACD69F10>	3.0	50	1202	1202	2	True	214.0		M450	1202
451.235	231.969	0	2367.967	<BeadTracker.Bead object at 0x000001D6ACD70CA0>	3.0	51	1205	1205	2	True	198.0		M450	1205
451.403	231.665	0	2356.163	<BeadTracker.Bead object at 0x000001D6ACD79940>	3.0	52	1208	1208	2	True	198.0		M450	1208
451.726	231.638	0	2243.796	<BeadTracker.Bead object at 0x000001D6ACD7F5E0>	3.0	53	1211	1211	2	True	197.0		M450	1211
452.084	231.202	0	2112.85	<BeadTracker.Bead object at 0x000001D6ACD86280>	3.0	54	1214	1214	2	True	201.0		M450	1214
452.497	230.75	0	2085.877	<BeadTracker.Bead object at 0x000001D6ACD86EE0>	3.0	55	1217	1217	2	True	197.0		M450	1217
452.43	230.767	0	779.978	<BeadTracker.Bead object at 0x000001D6ACD8E340>	1.0	56	1218	1218	1	True	138.0		M450	1218
454.329	231.624	0	1546.189	<BeadTracker.Bead object at 0x000001D6ACD963D0>	3.0	57	1222	1223	2	True	198.0		M450	1222
454.902	231.568	0	1552.696	<BeadTracker.Bead object at 0x000001D6ACD9F070>	3.0	58	1225	1226	2	True	238.0		M450	1225
455.243	231.954	0	1475.936	<BeadTracker.Bead object at 0x000001D6ACD9FCD0>	3.0	59	1228	1229	2	True	239.0		M450	1228
455.421	232.312	0	1414.778	<BeadTracker.Bead object at 0x000001D6ACDA6970>	3.0	60	1231	1232	2	True	240.0		M450	1231
455.985	232.694	0	1379.225	<BeadTracker.Bead object at 0x000001D6ACDAE610>	3.0	61	1234	1235	2	True	239.0		M450	1234
456.28	232.981	0	1365.072	<BeadTracker.Bead object at 0x000001D6ACDB62B0>	3.0	62	1237	1238	2	True	240.0		M450	1237
456.211	232.626	0	546.972	<BeadTracker.Bead object at 0x000001D6ACDB66D0>	1.0	63	1238	1239	1	True	189.0		M450	1238
456.002	232.756	-5	518.552	<BeadTracker.Bead object at 0x000001D6ACDBE700>	0.1	0	1242	1243	1	True	249.0		M450	1242
456.233	232.879	-5	536.413	<BeadTracker.Bead object at 0x000001D6ACDBEB20>	0.1	0	1243	1244	1	True	309.0		M450	1243
456.028	232.645	-5	544.229	<BeadTracker.Bead object at 0x000001D6ACDBEF40>	0.1	0	1244	1245	1	True	312.0		M450	1244
456.109	232.828	-5	538.707	<BeadTracker.Bead object at 0x000001D6ACDC53A0>	0.1	0	1245	1246	1	True	312.0		M450	1245
456.046	232.81	-5	531.87	<BeadTracker.Bead object at 0x000001D6ACDC57C0>	0.1	0	1246	1247	1	True	313.0		M450	1246
456.212	232.817	-5	525.428	<BeadTracker.Bead object at 0x000001D6ACDC5BE0>	0.1	0	1247	1248	1	True	312.0		M450	1247
456.141	232.741	-5	525.15	<BeadTracker.Bead object at 0x000001D6ACDC5F40>	0.1	0	1248	1249	1	True	313.0		M450	1248
456.183	232.838	-5	529.358	<BeadTracker.Bead object at 0x000001D6ACDCE460>	0.1	0	1249	1250	1	True	313.0		M450	1249
456.137	232.845	-5	521.813	<BeadTracker.Bead object at 0x000001D6ACDCE880>	0.1	0	1250	1251	1	True	313.0		M450	1250
456.156	232.865	-5	522.459	<BeadTracker.Bead object at 0x000001D6ACDCECA0>	0.1	0	1251	1252	1	True	313.0		M450	1251
456.229	232.785	-5	530.056	<BeadTracker.Bead object at 0x000001D6ACDD5100>	0.1	0	1252	1253	1	True	313.0		M450	1252
456.199	232.981	-5	527.402	<BeadTracker.Bead object at 0x000001D6ACDD5520>	0.1	0	1253	1254	1	True	313.0		M450	1253
456.122	232.814	-5	527.873	<BeadTracker.Bead object at 0x000001D6ACDD5940>	0.1	0	1254	1255	1	True	313.0		M450	1254
456.213	232.921	-5	536.483	<BeadTracker.Bead object at 0x000001D6ACDD5D60>	0.1	0	1255	1256	1	True	312.0		M450	1255
456.248	232.815	-5	521.645	<BeadTracker.Bead object at 0x000001D6ACDDD1C0>	0.1	0	1256	1257	1	True	313.0		M450	1256
456.304	232.885	-5	520.462	<BeadTracker.Bead object at 0x000001D6ACDDD5E0>	0.1	0	1257	1258	1	True	313.0		M450	1257
456.293	232.976	-5	529.764	<BeadTracker.Bead object at 0x000001D6ACDDDA00>	0.1	0	1258	1259	1	True	313.0		M450	1258
456.208	232.954	-5	519.562	<BeadTracker.Bead object at 0x000001D6ACDDDE20>	0.1	0	1259	1260	1	True	312.0		M450	1259
456.165	232.98	-5	513.288	<BeadTracker.Bead object at 0x000001D6ACDE3280>	0.1	0	1260	1261	1	True	313.0		M450	1260
456.455	232.971	-5	524.856	<BeadTracker.Bead object at 0x000001D6ACDE36A0>	0.1	0	1261	1262	1	True	312.0		M450	1261
456.379	232.935	-5	529.783	<BeadTracker.Bead object at 0x000001D6ACDE3AC0>	0.1	0	1262	1263	1	True	313.0		M450	1262
456.365	233.148	-5	519.386	<BeadTracker.Bead object at 0x000001D6ACDE3EE0>	0.1	0	1263	1264	1	True	312.0		M450	1263
456.245	233.007	-5	535.219	<BeadTracker.Bead object at 0x000001D6ACDED340>	0.1	0	1264	1265	1	True	313.0		M450	1264
456.412	232.952	-5	518.829	<BeadTracker.Bead object at 0x000001D6ACDED760>	0.1	0	1265	1266	1	True	313.0		M450	1265
456.435	233.046	-5	530.547	<BeadTracker.Bead object at 0x000001D6ACDEDB80>	0.1	0	1266	1267	1	True	312.0		M450	1266
456.571	233.34	-5	529.554	<BeadTracker.Bead object at 0x000001D6ACDEDFA0>	0.1	0	1267	1268	1	True	312.0		M450	1267
456.422	233.118	-5	525.542	<BeadTracker.Bead object at 0x000001D6ACDF3400>	0.1	0	1268	1269	1	True	313.0		M450	1268
456.369	233.249	-5	528.097	<BeadTracker.Bead object at 0x000001D6ACDF3820>	0.1	0	1269	1270	1	True	312.0		M450	1269
456.255	233.118	-5	525.136	<BeadTracker.Bead object at 0x000001D6ACDF3C40>	0.1	0	1270	1271	1	True	313.0		M450	1270
456.403	233.245	-5	526.493	<BeadTracker.Bead object at 0x000001D6ACDF3FA0>	0.1	0	1271	1272	1	True	312.0		M450	1271
456.364	233.151	-5	532.957	<BeadTracker.Bead object at 0x000001D6ACDFB4C0>	0.1	0	1272	1273	1	True	313.0		M450	1272
456.395	233.124	-5	527.443	<BeadTracker.Bead object at 0x000001D6ACDFB8E0>	0.1	0	1273	1274	1	True	312.0		M450	1273
456.298	233.136	-5	525.853	<BeadTracker.Bead object at 0x000001D6ACDFBD00>	0.1	0	1274	1275	1	True	313.0		M450	1274
456.443	233.223	-5	535.22	<BeadTracker.Bead object at 0x000001D6ACE01160>	0.1	0	1275	1276	1	True	312.0		M450	1275
456.327	233.127	-5	529.53	<BeadTracker.Bead object at 0x000001D6ACE01580>	0.1	0	1276	1277	1	True	313.0		M450	1276
456.532	233.439	-5	535.045	<BeadTracker.Bead object at 0x000001D6ACE019A0>	0.1	0	1277	1278	1	True	312.0		M450	1277
456.281	233.138	-5	536.425	<BeadTracker.Bead object at 0x000001D6ACE01DC0>	0.1	0	1278	1279	1	True	313.0		M450	1278
456.364	233.403	-5	531.427	<BeadTracker.Bead object at 0x000001D6ACE0C220>	0.1	0	1279	1280	1	True	312.0		M450	1279
456.238	233.28	-5	525.7	<BeadTracker.Bead object at 0x000001D6ACE0C640>	0.1	0	1280	1281	1	True	313.0		M450	1280
456.525	233.337	-5	527.684	<BeadTracker.Bead object at 0x000001D6ACE0CA60>	0.1	0	1281	1282	1	True	312.0		M450	1281
456.396	233.298	-5	533.968	<BeadTracker.Bead object at 0x000001D6ACE0CE80>	0.1	0	1282	1283	1	True	312.0		M450	1282
456.441	233.46	-5	536.375	<BeadTracker.Bead object at 0x000001D6ACE132E0>	0.1	0	1283	1284	1	True	312.0		M450	1283
456.331	233.304	-5	527.694	<BeadTracker.Bead object at 0x000001D6ACE13700>	0.1	0	1284	1285	1	True	313.0		M450	1284
456.418	233.413	-5	540.621	<BeadTracker.Bead object at 0x000001D6ACE13B20>	0.1	0	1285	1286	1	True	312.0		M450	1285
456.443	233.465	-5	525.461	<BeadTracker.Bead object at 0x000001D6ACE13F40>	0.1	0	1286	1287	1	True	313.0		M450	1286
456.647	233.556	-5	532.404	<BeadTracker.Bead object at 0x000001D6ACE1B3A0>	0.1	0	1287	1288	1	True	313.0		M450	1287
456.414	233.53	-5	519.202	<BeadTracker.Bead object at 0x000001D6ACE1B7C0>	0.1	0	1288	1289	1	True	313.0		M450	1288
456.528	233.608	-5	531.126	<BeadTracker.Bead object at 0x000001D6ACE1BBE0>	0.1	0	1289	1290	1	True	313.0		M450	1289
456.481	233.47	-5	526.121	<BeadTracker.Bead object at 0x000001D6ACE1BF40>	0.1	0	1290	1291	1	True	312.0		M450	1290
456.597	233.617	-5	541.2	<BeadTracker.Bead object at 0x000001D6ACE23460>	0.1	0	1291	1292	1	True	312.0		M450	1291
456.683	233.549	-5	538.005	<BeadTracker.Bead object at 0x000001D6ACE23880>	0.1	0	1292	1293	1	True	312.0		M450	1292
456.712	233.629	-5	540.477	<BeadTracker.Bead object at 0x000001D6ACE23CA0>	0.1	0	1293	1294	1	True	312.0		M450	1293
456.522	233.517	-5	537.338	<BeadTracker.Bead object at 0x000001D6ACE2B100>	0.1	0	1294	1295	1	True	313.0		M450	1294
456.704	233.642	-5	533.797	<BeadTracker.Bead object at 0x000001D6ACE2B520>	0.1	0	1295	1296	1	True	313.0		M450	1295
456.739	233.688	-5	537.261	<BeadTracker.Bead object at 0x000001D6ACE2B940>	0.1	0	1296	1297	1	True	313.0		M450	1296
456.827	233.67	-5	538.998	<BeadTracker.Bead object at 0x000001D6ACE2BD60>	0.1	0	1297	1298	1	True	312.0		M450	1297
456.603	233.665	-5	545.457	<BeadTracker.Bead object at 0x000001D6ACE311C0>	0.1	0	1298	1299	1	True	313.0		M450	1298
456.702	233.66	-5	545.413	<BeadTracker.Bead object at 0x000001D6ACE315E0>	0.1	0	1299	1300	1	True	312.0		M450	1299
456.576	233.67	-5	538.537	<BeadTracker.Bead object at 0x000001D6ACE31A00>	0.1	0	1300	1301	1	True	312.0		M450	1300
456.765	233.665	-5	535.946	<BeadTracker.Bead object at 0x000001D6ACE31E20>	0.1	0	1301	1302	1	True	312.0		M450	1301
456.843	233.638	-5	537.305	<BeadTracker.Bead object at 0x000001D6ACE3A280>	0.1	0	1302	1303	1	True	313.0		M450	1302
456.63	233.598	-5	546.225	<BeadTracker.Bead object at 0x000001D6ACE3A6A0>	0.1	0	1303	1304	1	True	313.0		M450	1303
456.614	233.528	-5	527.607	<BeadTracker.Bead object at 0x000001D6ACE3AAC0>	0.1	0	1304	1305	1	True	312.0		M450	1304
456.807	233.687	-5	548.514	<BeadTracker.Bead object at 0x000001D6ACE3AEE0>	0.1	0	1305	1306	1	True	312.0		M450	1305
456.594	233.71	-5	529.794	<BeadTracker.Bead object at 0x000001D6ACE41340>	0.1	0	1306	1307	1	True	313.0		M450	1306
456.746	233.67	-5	537.688	<BeadTracker.Bead object at 0x000001D6ACE41760>	0.1	0	1307	1308	1	True	312.0		M450	1307
456.61	233.552	-5	537.266	<BeadTracker.Bead object at 0x000001D6ACE41B80>	0.1	0	1308	1309	1	True	313.0		M450	1308
456.66	233.552	-5	545.195	<BeadTracker.Bead object at 0x000001D6ACE41FA0>	0.1	0	1309	1310	1	True	313.0		M450	1309
456.563	233.578	-5	541.93	<BeadTracker.Bead object at 0x000001D6ACE4A400>	0.1	0	1310	1311	1	True	312.0		M450	1310
456.755	233.661	-5	538.943	<BeadTracker.Bead object at 0x000001D6ACE4A820>	0.1	0	1311	1312	1	True	313.0		M450	1311
456.584	233.581	-5	531.173	<BeadTracker.Bead object at 0x000001D6ACE4AC40>	0.1	0	1312	1313	1	True	313.0		M450	1312
456.718	233.61	-5	533.757	<BeadTracker.Bead object at 0x000001D6ACE4AFA0>	0.1	0	1313	1314	1	True	313.0		M450	1313
456.581	233.561	-5	527.273	<BeadTracker.Bead object at 0x000001D6ACE504C0>	0.1	0	1314	1315	1	True	313.0		M450	1314
456.756	233.587	-5	539.639	<BeadTracker.Bead object at 0x000001D6ACE508E0>	0.1	0	1315	1316	1	True	313.0		M450	1315
456.602	233.598	-5	537.15	<BeadTracker.Bead object at 0x000001D6ACE50D00>	0.1	0	1316	1317	1	True	313.0		M450	1316
456.735	233.597	-5	541.108	<BeadTracker.Bead object at 0x000001D6ACE59160>	0.1	0	1317	1318	1	True	313.0		M450	1317
456.663	233.645	-5	542.426	<BeadTracker.Bead object at 0x000001D6ACE59580>	0.1	0	1318	1319	1	True	313.0		M450	1318
456.724	233.633	-5	535.129	<BeadTracker.Bead object at 0x000001D6ACE599A0>	0.1	0	1319	1320	1	True	312.0		M450	1319
456.607	233.686	-5	540.917	<BeadTracker.Bead object at 0x000001D6ACE59DC0>	0.1	0	1320	1321	1	True	313.0		M450	1320
456.782	233.689	-5	540.149	<BeadTracker.Bead object at 0x000001D6ACE61220>	0.1	0	1321	1322	1	True	313.0		M450	1321
456.606	233.622	-5	528.006	<BeadTracker.Bead object at 0x000001D6ACE61640>	0.1	0	1322	1323	1	True	313.0		M450	1322
456.636	233.677	-5	541.421	<BeadTracker.Bead object at 0x000001D6ACE61A60>	0.1	0	1323	1324	1	True	313.0		M450	1323
456.705	233.716	-5	530.338	<BeadTracker.Bead object at 0x000001D6ACE61E80>	0.1	0	1324	1325	1	True	313.0		M450	1324
456.883	233.821	-5	528.652	<BeadTracker.Bead object at 0x000001D6ACE692E0>	0.1	0	1325	1326	1	True	313.0		M450	1325
456.734	233.737	-5	523.979	<BeadTracker.Bead object at 0x000001D6ACE69700>	0.1	0	1326	1327	1	True	313.0		M450	1326
456.787	233.765	-5	542.861	<BeadTracker.Bead object at 0x000001D6ACE69B20>	0.1	0	1327	1328	1	True	312.0		M450	1327
456.701	233.63	-5	536.799	<BeadTracker.Bead object at 0x000001D6ACE69F40>	0.1	0	1328	1329	1	True	313.0		M450	1328
456.837	233.697	-5	535.869	<BeadTracker.Bead object at 0x000001D6ACE703A0>	0.1	0	1329	1330	1	True	313.0		M450	1329
456.941	233.795	-5	532.716	<BeadTracker.Bead object at 0x000001D6ACE70BB0>	0.1	0	1331	1332	1	True	313.0		M450	1331
456.742	233.715	-5	539.651	<BeadTracker.Bead object at 0x000001D6ACE70FD0>	0.1	0	1332	1333	1	True	313.0		M450	1332
456.883	233.839	-5	538.394	<BeadTracker.Bead object at 0x000001D6ACE78430>	0.1	0	1333	1334	1	True	312.0		M450	1333
456.808	233.685	-5	525.6	<BeadTracker.Bead object at 0x000001D6ACE78850>	0.1	0	1334	1335	1	True	313.0		M450	1334
456.877	233.918	-5	524.747	<BeadTracker.Bead object at 0x000001D6ACE78C70>	0.1	0	1335	1336	1	True	312.0		M450	1335
456.73	233.739	-5	520.593	<BeadTracker.Bead object at 0x000001D6ACE78FD0>	0.1	0	1336	1337	1	True	313.0		M450	1336
456.953	233.847	-5	539.172	<BeadTracker.Bead object at 0x000001D6ACE804F0>	0.1	0	1337	1338	1	True	312.0		M450	1337
456.685	233.759	-5	544.206	<BeadTracker.Bead object at 0x000001D6ACE80910>	0.1	0	1338	1339	1	True	312.0		M450	1338
456.857	233.933	-5	532.81	<BeadTracker.Bead object at 0x000001D6ACE87160>	0.1	0	1340	1341	1	True	313.0		M450	1340
456.793	233.869	-5	535.327	<BeadTracker.Bead object at 0x000001D6ACE87580>	0.1	0	1341	1342	1	True	313.0		M450	1341
456.696	233.778	-5	531.328	<BeadTracker.Bead object at 0x000001D6ACE879A0>	0.1	0	1342	1343	1	True	313.0		M450	1342
456.751	233.813	-5	550.813	<BeadTracker.Bead object at 0x000001D6ACE87DC0>	0.1	0	1343	1344	1	True	312.0		M450	1343
456.726	233.802	-5	538.371	<BeadTracker.Bead object at 0x000001D6ACE8F220>	0.1	0	1344	1345	1	True	313.0		M450	1344
456.873	233.865	-5	539.437	<BeadTracker.Bead object at 0x000001D6ACE8F640>	0.1	0	1345	1346	1	True	313.0		M450	1345
456.719	233.8	-5	541.408	<BeadTracker.Bead object at 0x000001D6ACE8FA60>	0.1	0	1346	1347	1	True	313.0		M450	1346
456.721	233.993	-5	543.923	<BeadTracker.Bead object at 0x000001D6ACE8FE80>	0.1	0	1347	1348	1	True	312.0		M450	1347
456.641	233.916	-5	530.997	<BeadTracker.Bead object at 0x000001D6ACE982E0>	0.1	0	1348	1349	1	True	313.0		M450	1348
456.812	234.022	-5	531.019	<BeadTracker.Bead object at 0x000001D6ACE98700>	0.1	0	1349	1350	1	True	313.0		M450	1349
456.666	233.801	-5	533.502	<BeadTracker.Bead object at 0x000001D6ACE98B20>	0.1	0	1350	1351	1	True	313.0		M450	1350
456.669	233.802	-5	540.174	<BeadTracker.Bead object at 0x000001D6ACE98F40>	0.1	0	1351	1352	1	True	313.0		M450	1351
456.715	234.003	-5	531.255	<BeadTracker.Bead object at 0x000001D6ACE9E790>	0.1	0	1353	1354	1	True	313.0		M450	1353
456.656	233.934	-5	533.848	<BeadTracker.Bead object at 0x000001D6ACE9EBB0>	0.1	0	1354	1355	1	True	313.0		M450	1354
456.753	234.045	-5	534.902	<BeadTracker.Bead object at 0x000001D6ACE9EFD0>	0.1	0	1355	1356	1	True	313.0		M450	1355
456.751	233.888	-5	521.301	<BeadTracker.Bead object at 0x000001D6ACEA6430>	0.1	0	1356	1357	1	True	313.0		M450	1356
456.818	234.089	-5	543.645	<BeadTracker.Bead object at 0x000001D6ACEA6850>	0.1	0	1357	1358	1	True	313.0		M450	1357
456.772	233.999	-5	527.446	<BeadTracker.Bead object at 0x000001D6ACEA6C70>	0.1	0	1358	1359	1	True	313.0		M450	1358
456.901	234.176	-5	529.341	<BeadTracker.Bead object at 0x000001D6ACEA6FD0>	0.1	0	1359	1360	1	True	312.0		M450	1359
456.852	234.045	-5	529.281	<BeadTracker.Bead object at 0x000001D6ACEAE4F0>	0.1	0	1360	1361	1	True	313.0		M450	1360
456.86	234.01	-5	535.989	<BeadTracker.Bead object at 0x000001D6ACEAED00>	0.1	0	1362	1363	1	True	313.0		M450	1362
456.956	234.23	-5	539.972	<BeadTracker.Bead object at 0x000001D6ACEB8160>	0.1	0	1363	1364	1	True	313.0		M450	1363
456.973	234.07	-5	534.752	<BeadTracker.Bead object at 0x000001D6ACEB8580>	0.1	0	1364	1365	1	True	313.0		M450	1364
456.991	234.34	-5	537.116	<BeadTracker.Bead object at 0x000001D6ACEB89A0>	0.1	0	1365	1366	1	True	312.0		M450	1365
456.776	233.956	-5	533.067	<BeadTracker.Bead object at 0x000001D6ACEB8DC0>	0.1	0	1366	1367	1	True	313.0		M450	1366
456.941	234.109	-5	544.829	<BeadTracker.Bead object at 0x000001D6ACEBF220>	0.1	0	1367	1368	1	True	312.0		M450	1367
456.937	234.084	-5	530.6	<BeadTracker.Bead object at 0x000001D6ACEBF640>	0.1	0	1368	1369	1	True	313.0		M450	1368
456.998	234.208	-5	536.829	<BeadTracker.Bead object at 0x000001D6ACEBFA60>	0.1	0	1369	1370	1	True	312.0		M450	1369
456.903	234.011	-5	527.31	<BeadTracker.Bead object at 0x000001D6ACEBFE80>	0.1	0	1370	1371	1	True	313.0		M450	1370
456.842	234.199	-5	544.087	<BeadTracker.Bead object at 0x000001D6ACEC62E0>	0.1	0	1371	1372	1	True	312.0		M450	1371
456.728	234.231	7	525.86	<BeadTracker.Bead object at 0x000001D6ACEC6700>	0.0	0	1372	1373	1	True	313.0		M450	1372
456.787	233.95	7	528.338	<BeadTracker.Bead object at 0x000001D6ACEC6F10>	0.0	0	1374	1375	1	True	313.0		M450	1374
456.887	234.038	7	541.567	<BeadTracker.Bead object at 0x000001D6ACECE370>	0.0	0	1375	1376	1	True	312.0		M450	1375
456.67	234.056	7	532.199	<BeadTracker.Bead object at 0x000001D6ACECE790>	0.0	0	1376	1377	1	True	313.0		M450	1376
456.721	234.267	7	539.626	<BeadTracker.Bead object at 0x000001D6ACECEBB0>	0.0	0	1377	1378	1	True	313.0		M450	1377
456.697	233.916	7	525.058	<BeadTracker.Bead object at 0x000001D6ACECEFD0>	0.0	0	1378	1379	1	True	313.0		M450	1378
456.802	234.141	7	528.43	<BeadTracker.Bead object at 0x000001D6ACED5430>	0.0	0	1379	1380	1	True	313.0		M450	1379
456.77	234.086	7	530.461	<BeadTracker.Bead object at 0x000001D6ACED5850>	0.0	0	1380	1381	1	True	313.0		M450	1380
456.72	234.3	7	529.009	<BeadTracker.Bead object at 0x000001D6ACED5C70>	0.0	0	1381	1382	1	True	313.0		M450	1381
456.735	234.337	7	532.732	<BeadTracker.Bead object at 0x000001D6ACEDD4C0>	0.0	0	1383	1384	1	True	313.0		M450	1383
456.744	234.185	7	529.38	<BeadTracker.Bead object at 0x000001D6ACEDD8E0>	0.0	0	1384	1385	1	True	312.0		M450	1384
456.689	234.202	7	542.408	<BeadTracker.Bead object at 0x000001D6ACEDDD00>	0.0	0	1385	1386	1	True	313.0		M450	1385
456.561	234.276	7	526.678	<BeadTracker.Bead object at 0x000001D6ACEE5160>	0.0	0	1386	1387	1	True	313.0		M450	1386
456.677	234.315	7	539.995	<BeadTracker.Bead object at 0x000001D6ACEE5580>	0.0	0	1387	1388	1	True	313.0		M450	1387
456.724	234.299	7	523.813	<BeadTracker.Bead object at 0x000001D6ACEE59A0>	0.0	0	1388	1389	1	True	313.0		M450	1388
456.806	234.466	7	532.882	<BeadTracker.Bead object at 0x000001D6ACEE5DC0>	0.0	0	1389	1390	1	True	313.0		M450	1389
456.753	234.366	7	530.543	<BeadTracker.Bead object at 0x000001D6ACEEC220>	0.0	0	1390	1391	1	True	313.0		M450	1390
456.683	234.365	7	529.084	<BeadTracker.Bead object at 0x000001D6ACEEC640>	0.0	0	1391	1392	1	True	313.0		M450	1391
456.702	234.351	7	530.261	<BeadTracker.Bead object at 0x000001D6ACEECA60>	0.0	0	1392	1393	1	True	313.0		M450	1392
456.875	234.425	7	523.384	<BeadTracker.Bead object at 0x000001D6ACEECE80>	0.0	0	1393	1394	1	True	313.0		M450	1393
456.873	234.501	7	523.788	<BeadTracker.Bead object at 0x000001D6ACEF52E0>	0.0	0	1394	1395	1	True	313.0		M450	1394
456.823	234.522	7	527.353	<BeadTracker.Bead object at 0x000001D6ACEF5700>	0.0	0	1395	1396	1	True	313.0		M450	1395
456.863	234.315	7	524.467	<BeadTracker.Bead object at 0x000001D6ACEF5B20>	0.0	0	1396	1397	1	True	313.0		M450	1396
456.953	234.309	7	526.087	<BeadTracker.Bead object at 0x000001D6ACEF5F40>	0.0	0	1397	1398	1	True	313.0		M450	1397
456.978	234.317	7	525.334	<BeadTracker.Bead object at 0x000001D6ACEFC3A0>	0.0	0	1398	1399	1	True	313.0		M450	1398
456.983	234.535	7	522.517	<BeadTracker.Bead object at 0x000001D6ACEFC7C0>	0.0	0	1399	1400	1	True	313.0		M450	1399
456.825	234.475	7	538.738	<BeadTracker.Bead object at 0x000001D6ACEFCBE0>	0.0	0	1400	1401	1	True	313.0		M450	1400
456.978	234.41	7	536.433	<BeadTracker.Bead object at 0x000001D6ACEFCF40>	0.0	0	1401	1402	1	True	313.0		M450	1401
456.859	234.255	7	538.547	<BeadTracker.Bead object at 0x000001D6ACF03460>	0.0	0	1402	1403	1	True	313.0		M450	1402
457.003	234.407	7	530.203	<BeadTracker.Bead object at 0x000001D6ACF03880>	0.0	0	1403	1404	1	True	312.0		M450	1403
456.923	234.328	7	529.559	<BeadTracker.Bead object at 0x000001D6ACF03CA0>	0.0	0	1404	1405	1	True	313.0		M450	1404
456.909	234.485	7	538.678	<BeadTracker.Bead object at 0x000001D6ACF0C100>	0.0	0	1405	1406	1	True	312.0		M450	1405
456.863	234.224	7	528.194	<BeadTracker.Bead object at 0x000001D6ACF0C520>	0.0	0	1406	1407	1	True	313.0		M450	1406
456.966	234.15	7	529.17	<BeadTracker.Bead object at 0x000001D6ACF0C940>	0.0	0	1407	1408	1	True	313.0		M450	1407
457.055	234.038	7	530.88	<BeadTracker.Bead object at 0x000001D6ACF14190>	0.0	0	1409	1410	1	True	313.0		M450	1409
456.891	233.988	7	528.189	<BeadTracker.Bead object at 0x000001D6ACF145B0>	0.0	0	1410	1411	1	True	313.0		M450	1410
456.909	234.054	7	530.529	<BeadTracker.Bead object at 0x000001D6ACF149D0>	0.0	0	1411	1412	1	True	313.0		M450	1411
456.898	233.967	7	524.055	<BeadTracker.Bead object at 0x000001D6ACF14DF0>	0.0	0	1412	1413	1	True	313.0		M450	1412
457.005	233.729	7	513.304	<BeadTracker.Bead object at 0x000001D6ACF1B250>	0.0	0	1413	1414	1	True	314.0		M450	1413
456.921	233.708	7	520.936	<BeadTracker.Bead object at 0x000001D6ACF1B670>	0.0	0	1414	1415	1	True	314.0		M450	1414
457.004	233.577	7	525.705	<BeadTracker.Bead object at 0x000001D6ACF1BA90>	0.0	0	1415	1416	1	True	314.0		M450	1415
456.971	233.449	7	524.477	<BeadTracker.Bead object at 0x000001D6ACF1BEB0>	0.0	0	1416	1417	1	True	314.0		M450	1416
457.141	233.497	7	512.243	<BeadTracker.Bead object at 0x000001D6ACF23310>	0.0	0	1417	1418	1	True	314.0		M450	1417
457.046	233.199	7	519.551	<BeadTracker.Bead object at 0x000001D6ACF23730>	0.0	0	1418	1419	1	True	314.0		M450	1418
457.233	233.246	7	511.738	<BeadTracker.Bead object at 0x000001D6ACF23B50>	0.0	0	1419	1420	1	True	314.0		M450	1419
461.627	230.207	7	519.087	<BeadTracker.Bead object at 0x000001D6ACFA4100>	0.0	0	1497	1498	1	True	359.0		M450	1497
461.532	230.209	7	515.673	<BeadTracker.Bead object at 0x000001D6ACFA4910>	0.0	0	1499	1500	1	True	359.0		M450	1499
461.664	230.249	7	515.049	<BeadTracker.Bead object at 0x000001D6ACFAE160>	0.0	0	1501	1502	1	True	359.0		M450	1501
461.586	231.051	0	1112.667	<BeadTracker.Bead object at 0x000001D6ACFB4580>	2.0	64	1506	1507	1	True	322.0		M450	1506
461.582	231.431	0	1138.989	<BeadTracker.Bead object at 0x000001D6ACFBC1F0>	2.0	65	1509	1510	1	True	263.0		M450	1509
461.465	231.978	0	1140.618	<BeadTracker.Bead object at 0x000001D6ACFBCDF0>	2.0	66	1512	1513	1	True	323.0		M450	1512
461.476	232.529	0	1146.02	<BeadTracker.Bead object at 0x000001D6ACFC5A60>	2.0	67	1515	1516	1	True	265.0		M450	1515
461.475	233.077	0	1175.253	<BeadTracker.Bead object at 0x000001D6ACFCB6A0>	2.0	68	1518	1519	1	True	209.0		M450	1518
461.291	233.628	0	1177.265	<BeadTracker.Bead object at 0x000001D6ACFD32E0>	2.0	69	1521	1522	1	True	269.0		M450	1521
460.759	237.112	0	1370.756	<BeadTracker.Bead object at 0x000001D6ACFDD6A0>	3.0	71	1527	1529	1	True	307.0		M450	1527
460.921	237.365	0	1442.87	<BeadTracker.Bead object at 0x000001D6ACFE3310>	3.0	72	1530	1532	1	True	298.0		M450	1530
460.703	237.779	0	1355.542	<BeadTracker.Bead object at 0x000001D6ACFE3F40>	3.0	73	1533	1535	1	True	305.0		M450	1533
460.753	237.839	0	1427.234	<BeadTracker.Bead object at 0x000001D6ACFECBB0>	3.0	74	1536	1538	1	True	296.0		M450	1536
461.022	238.358	0	1471.743	<BeadTracker.Bead object at 0x000001D6ACFF4820>	3.0	75	1539	1541	1	True	241.0		M450	1539
461.135	238.743	0	1502.498	<BeadTracker.Bead object at 0x000001D6ACFFB490>	3.0	76	1542	1544	1	True	240.0		M450	1542
461.2	238.584	0	535.635	<BeadTracker.Bead object at 0x000001D6ACFFB8B0>	1.0	77	1543	1545	1	True	186.0		M450	1543
461.013	238.158	-6	556.441	<BeadTracker.Bead object at 0x000001D6AD004100>	0.1	0	1545	1547	1	True	246.0		M450	1545
461.214	238.669	-6	474.642	<BeadTracker.Bead object at 0x000001D6AD004520>	0.1	0	1546	1548	1	True	298.0		M450	1546
461.127	238.644	-6	533.751	<BeadTracker.Bead object at 0x000001D6AD004940>	0.1	0	1547	1549	1	True	312.0		M450	1547
461.01	238.66	-6	551.477	<BeadTracker.Bead object at 0x000001D6AD004D60>	0.1	0	1548	1550	1	True	310.0		M450	1548
461.192	238.553	-6	540.506	<BeadTracker.Bead object at 0x000001D6AD00B1C0>	0.1	0	1549	1551	1	True	310.0		M450	1549
461.182	238.573	-6	547.415	<BeadTracker.Bead object at 0x000001D6AD00B5E0>	0.1	0	1550	1552	1	True	310.0		M450	1550
461.241	238.657	-6	534.415	<BeadTracker.Bead object at 0x000001D6AD00BA00>	0.1	0	1551	1553	1	True	310.0		M450	1551
461.219	238.681	-6	525.367	<BeadTracker.Bead object at 0x000001D6AD00BE20>	0.1	0	1552	1554	1	True	312.0		M450	1552
461.105	238.65	-6	537.571	<BeadTracker.Bead object at 0x000001D6AD013280>	0.1	0	1553	1555	1	True	311.0		M450	1553
461.27	238.668	-6	532.519	<BeadTracker.Bead object at 0x000001D6AD0136A0>	0.1	0	1554	1556	1	True	311.0		M450	1554
461.226	238.52	-6	522.527	<BeadTracker.Bead object at 0x000001D6AD013AC0>	0.1	0	1555	1557	1	True	312.0		M450	1555
461.383	238.655	-6	519.15	<BeadTracker.Bead object at 0x000001D6AD013EE0>	0.1	0	1556	1558	1	True	312.0		M450	1556
461.441	238.636	-6	530.442	<BeadTracker.Bead object at 0x000001D6AD01A340>	0.1	0	1557	1559	1	True	312.0		M450	1557
461.332	238.598	-6	527.953	<BeadTracker.Bead object at 0x000001D6AD01A760>	0.1	0	1558	1560	1	True	311.0		M450	1558
461.424	238.612	-6	561.374	<BeadTracker.Bead object at 0x000001D6AD01AB80>	0.1	0	1559	1561	1	True	307.0		M450	1559
461.502	238.548	-6	552.557	<BeadTracker.Bead object at 0x000001D6AD01AFA0>	0.1	0	1560	1562	1	True	311.0		M450	1560
461.598	238.666	-6	538.487	<BeadTracker.Bead object at 0x000001D6AD022400>	0.1	0	1561	1563	1	True	310.0		M450	1561
461.484	238.776	-6	548.973	<BeadTracker.Bead object at 0x000001D6AD022820>	0.1	0	1562	1564	1	True	310.0		M450	1562
461.396	238.721	-6	570.325	<BeadTracker.Bead object at 0x000001D6AD022C40>	0.1	0	1563	1565	1	True	307.0		M450	1563
461.411	238.828	-6	569.823	<BeadTracker.Bead object at 0x000001D6AD022FA0>	0.1	0	1564	1566	1	True	307.0		M450	1564
461.538	238.777	-6	561.396	<BeadTracker.Bead object at 0x000001D6AD02B4C0>	0.1	0	1565	1567	1	True	307.0		M450	1565
461.531	238.548	-6	532.266	<BeadTracker.Bead object at 0x000001D6AD02B8E0>	0.1	0	1566	1568	1	True	311.0		M450	1566
461.659	238.591	-6	529.87	<BeadTracker.Bead object at 0x000001D6AD02BD00>	0.1	0	1567	1569	1	True	311.0		M450	1567
461.531	238.618	-6	548.559	<BeadTracker.Bead object at 0x000001D6AD032160>	0.1	0	1568	1570	1	True	310.0		M450	1568
461.499	238.844	-6	564.165	<BeadTracker.Bead object at 0x000001D6AD032580>	0.1	0	1569	1571	1	True	307.0		M450	1569
461.488	238.682	-6	560.545	<BeadTracker.Bead object at 0x000001D6AD0329A0>	0.1	0	1570	1572	1	True	307.0		M450	1570
461.593	238.736	-6	575.295	<BeadTracker.Bead object at 0x000001D6AD032DC0>	0.1	0	1571	1573	1	True	307.0		M450	1571
461.537	238.624	-6	570.189	<BeadTracker.Bead object at 0x000001D6AD039220>	0.1	0	1572	1574	1	True	307.0		M450	1572
461.546	238.566	-6	579.319	<BeadTracker.Bead object at 0x000001D6AD039640>	0.1	0	1573	1575	1	True	307.0		M450	1573
461.533	238.801	-6	562.061	<BeadTracker.Bead object at 0x000001D6AD039A60>	0.1	0	1574	1576	1	True	307.0		M450	1574
461.511	238.813	-6	573.094	<BeadTracker.Bead object at 0x000001D6AD039E80>	0.1	0	1575	1577	1	True	306.0		M450	1575
461.39	238.703	-6	562.424	<BeadTracker.Bead object at 0x000001D6AD0412E0>	0.1	0	1576	1578	1	True	307.0		M450	1576
461.279	238.574	-6	557.322	<BeadTracker.Bead object at 0x000001D6AD041700>	0.1	0	1577	1579	1	True	307.0		M450	1577
461.396	238.774	-6	544.195	<BeadTracker.Bead object at 0x000001D6AD041B20>	0.1	0	1578	1580	1	True	307.0		M450	1578
461.307	238.846	-6	558.161	<BeadTracker.Bead object at 0x000001D6AD041F40>	0.1	0	1579	1581	1	True	307.0		M450	1579
461.307	238.996	-6	572.759	<BeadTracker.Bead object at 0x000001D6AD0493A0>	0.1	0	1580	1582	1	True	306.0		M450	1580
461.074	238.837	-6	560.275	<BeadTracker.Bead object at 0x000001D6AD0497C0>	0.1	0	1581	1583	1	True	307.0		M450	1581
461.053	238.872	-6	552.145	<BeadTracker.Bead object at 0x000001D6AD049BE0>	0.1	0	1582	1584	1	True	307.0		M450	1582
461.117	238.818	-6	537.569	<BeadTracker.Bead object at 0x000001D6AD049F40>	0.1	0	1583	1585	1	True	310.0		M450	1583
461.03	238.961	-6	540.414	<BeadTracker.Bead object at 0x000001D6AD04F460>	0.1	0	1584	1586	1	True	310.0		M450	1584
461.037	239.207	-6	541.389	<BeadTracker.Bead object at 0x000001D6AD04F880>	0.1	0	1585	1587	1	True	309.0		M450	1585
460.988	239.14	-6	547.181	<BeadTracker.Bead object at 0x000001D6AD04FCA0>	0.1	0	1586	1588	1	True	308.0		M450	1586
460.788	239.182	-6	543.804	<BeadTracker.Bead object at 0x000001D6AD05A100>	0.1	0	1587	1589	1	True	307.0		M450	1587
460.943	239.293	-6	544.046	<BeadTracker.Bead object at 0x000001D6AD05A520>	0.1	0	1588	1590	1	True	308.0		M450	1588
461.115	239.358	-6	539.167	<BeadTracker.Bead object at 0x000001D6AD05A940>	0.1	0	1589	1591	1	True	310.0		M450	1589
461.162	239.457	-6	549.629	<BeadTracker.Bead object at 0x000001D6AD05AD60>	0.1	0	1590	1592	1	True	309.0		M450	1590
460.976	239.568	-6	543.764	<BeadTracker.Bead object at 0x000001D6AD0621C0>	0.1	0	1591	1593	1	True	309.0		M450	1591
460.937	239.503	-6	541.832	<BeadTracker.Bead object at 0x000001D6AD0625E0>	0.1	0	1592	1594	1	True	308.0		M450	1592
460.911	239.437	-6	556.782	<BeadTracker.Bead object at 0x000001D6AD062A00>	0.1	0	1593	1595	1	True	307.0		M450	1593
461.073	239.398	-6	539.346	<BeadTracker.Bead object at 0x000001D6AD062E20>	0.1	0	1594	1596	1	True	310.0		M450	1594
461.177	239.354	-6	562.159	<BeadTracker.Bead object at 0x000001D6AD068280>	0.1	0	1595	1597	1	True	306.0		M450	1595
461.176	239.417	-6	547.376	<BeadTracker.Bead object at 0x000001D6AD0686A0>	0.1	0	1596	1598	1	True	308.0		M450	1596
461.121	239.443	-6	559.787	<BeadTracker.Bead object at 0x000001D6AD068AC0>	0.1	0	1597	1599	1	True	306.0		M450	1597
461.154	239.484	-6	564.279	<BeadTracker.Bead object at 0x000001D6AD068EE0>	0.1	0	1598	1600	1	True	306.0		M450	1598
461.189	239.443	-6	577.013	<BeadTracker.Bead object at 0x000001D6AD070340>	0.1	0	1599	1601	1	True	306.0		M450	1599
461.074	239.308	-6	570.142	<BeadTracker.Bead object at 0x000001D6AD070760>	0.1	0	1600	1602	1	True	306.0		M450	1600
461.178	239.349	-6	581.597	<BeadTracker.Bead object at 0x000001D6AD070B80>	0.1	0	1601	1603	1	True	285.0		M450	1601
461.05	239.436	-6	571.743	<BeadTracker.Bead object at 0x000001D6AD070FA0>	0.1	0	1602	1604	1	True	306.0		M450	1602
461.121	239.564	-6	582.043	<BeadTracker.Bead object at 0x000001D6AD078400>	0.1	0	1603	1605	1	True	284.0		M450	1603
461.105	239.374	-6	571.532	<BeadTracker.Bead object at 0x000001D6AD078820>	0.1	0	1604	1606	1	True	306.0		M450	1604
461.134	239.502	-6	583.948	<BeadTracker.Bead object at 0x000001D6AD078C40>	0.1	0	1605	1607	1	True	307.0		M450	1605
461.116	239.523	-6	564.918	<BeadTracker.Bead object at 0x000001D6AD078FA0>	0.1	0	1606	1608	1	True	307.0		M450	1606
461.017	239.509	-6	567.966	<BeadTracker.Bead object at 0x000001D6AD07E4C0>	0.1	0	1607	1609	1	True	307.0		M450	1607
461.087	239.533	-6	568.045	<BeadTracker.Bead object at 0x000001D6AD07E8E0>	0.1	0	1608	1610	1	True	307.0		M450	1608
461.117	239.5	-6	583.018	<BeadTracker.Bead object at 0x000001D6AD07ED00>	0.1	0	1609	1611	1	True	307.0		M450	1609
461.02	239.441	-6	583.237	<BeadTracker.Bead object at 0x000001D6AD086160>	0.1	0	1610	1612	1	True	306.0		M450	1610
461.074	239.479	-6	564.236	<BeadTracker.Bead object at 0x000001D6AD086580>	0.1	0	1611	1613	1	True	306.0		M450	1611
461.081	239.523	-6	559.021	<BeadTracker.Bead object at 0x000001D6AD0869A0>	0.1	0	1612	1614	1	True	307.0		M450	1612
461.118	239.644	-6	558.292	<BeadTracker.Bead object at 0x000001D6AD086DC0>	0.1	0	1613	1615	1	True	307.0		M450	1613
461.144	239.601	-6	562.934	<BeadTracker.Bead object at 0x000001D6AD08E220>	0.1	0	1614	1616	1	True	307.0		M450	1614
461.166	239.685	-6	561.189	<BeadTracker.Bead object at 0x000001D6AD08E640>	0.1	0	1615	1617	1	True	307.0		M450	1615
461.067	239.64	-6	555.067	<BeadTracker.Bead object at 0x000001D6AD08EA60>	0.1	0	1616	1618	1	True	307.0		M450	1616
460.937	239.527	-6	560.023	<BeadTracker.Bead object at 0x000001D6AD08EE80>	0.1	0	1617	1619	1	True	307.0		M450	1617
461.009	239.603	-6	560.157	<BeadTracker.Bead object at 0x000001D6AD0962E0>	0.1	0	1618	1620	1	True	307.0		M450	1618
461.043	239.728	-6	560.181	<BeadTracker.Bead object at 0x000001D6AD096700>	0.1	0	1619	1621	1	True	307.0		M450	1619
461.076	239.897	-6	566.334	<BeadTracker.Bead object at 0x000001D6AD096B20>	0.1	0	1620	1622	1	True	306.0		M450	1620
460.901	239.625	-6	563.599	<BeadTracker.Bead object at 0x000001D6AD096F40>	0.1	0	1621	1623	1	True	307.0		M450	1621
460.997	239.483	-6	558.233	<BeadTracker.Bead object at 0x000001D6AD09F3A0>	0.1	0	1622	1624	1	True	307.0		M450	1622
461.159	239.603	-6	551.295	<BeadTracker.Bead object at 0x000001D6AD09F7C0>	0.1	0	1623	1625	1	True	307.0		M450	1623
461.11	239.67	-6	569.562	<BeadTracker.Bead object at 0x000001D6AD09FBE0>	0.1	0	1624	1626	1	True	307.0		M450	1624
460.993	239.783	-6	590.185	<BeadTracker.Bead object at 0x000001D6AD09FF40>	0.1	0	1625	1627	1	True	284.0		M450	1625
460.988	239.786	-6	579.039	<BeadTracker.Bead object at 0x000001D6AD0A5460>	0.1	0	1626	1628	1	True	284.0		M450	1626
461.018	239.519	-6	582.561	<BeadTracker.Bead object at 0x000001D6AD0A5880>	0.1	0	1627	1629	1	True	307.0		M450	1627
461.269	239.632	-6	568.48	<BeadTracker.Bead object at 0x000001D6AD0A5CA0>	0.1	0	1628	1630	1	True	307.0		M450	1628
461.199	239.63	-6	578.722	<BeadTracker.Bead object at 0x000001D6AD0AF100>	0.1	0	1629	1631	1	True	307.0		M450	1629
461.084	240.002	-6	559.989	<BeadTracker.Bead object at 0x000001D6AD0AF520>	0.1	0	1630	1632	1	True	307.0		M450	1630
461.062	239.859	-6	587.068	<BeadTracker.Bead object at 0x000001D6AD0AF940>	0.1	0	1631	1633	1	True	283.0		M450	1631
461.062	239.701	-6	592.62	<BeadTracker.Bead object at 0x000001D6AD0AFD60>	0.1	0	1632	1634	1	True	284.0		M450	1632
461.164	239.763	-6	579.993	<BeadTracker.Bead object at 0x000001D6AD0B61C0>	0.1	0	1633	1635	1	True	307.0		M450	1633
461.219	239.573	-6	578.932	<BeadTracker.Bead object at 0x000001D6AD0B65E0>	0.1	0	1634	1636	1	True	307.0		M450	1634
461.257	239.914	-6	579.682	<BeadTracker.Bead object at 0x000001D6AD0B6A00>	0.1	0	1635	1637	1	True	284.0		M450	1635
461.229	239.879	-6	581.039	<BeadTracker.Bead object at 0x000001D6AD0B6E20>	0.1	0	1636	1638	1	True	284.0		M450	1636
461.052	239.743	-6	608.386	<BeadTracker.Bead object at 0x000001D6AD0BE280>	0.1	0	1637	1639	1	True	283.0		M450	1637
461.138	239.704	-6	606.686	<BeadTracker.Bead object at 0x000001D6AD0BE6A0>	0.1	0	1638	1640	1	True	284.0		M450	1638
461.314	239.746	-6	591.068	<BeadTracker.Bead object at 0x000001D6AD0BEAC0>	0.1	0	1639	1641	1	True	283.0		M450	1639
461.38	239.693	-6	604.091	<BeadTracker.Bead object at 0x000001D6AD0BEEE0>	0.1	0	1640	1642	1	True	284.0		M450	1640
461.24	239.735	-6	604.042	<BeadTracker.Bead object at 0x000001D6AD0C4340>	0.1	0	1641	1643	1	True	283.0		M450	1641
461.345	239.773	-6	604.832	<BeadTracker.Bead object at 0x000001D6AD0C4760>	0.1	0	1642	1644	1	True	283.0		M450	1642
461.304	239.724	-6	614.264	<BeadTracker.Bead object at 0x000001D6AD0C4B80>	0.1	0	1643	1645	1	True	283.0		M450	1643
461.27	239.697	-6	615.336	<BeadTracker.Bead object at 0x000001D6AD0C4FA0>	0.1	0	1644	1646	1	True	282.0		M450	1644
461.331	239.686	-6	603.811	<BeadTracker.Bead object at 0x000001D6AD0CF400>	0.1	0	1645	1647	1	True	283.0		M450	1645
461.303	239.785	-6	595.987	<BeadTracker.Bead object at 0x000001D6AD0CF820>	0.1	0	1646	1648	1	True	283.0		M450	1646
461.191	239.772	-6	605.529	<BeadTracker.Bead object at 0x000001D6AD0CFC40>	0.1	0	1647	1649	1	True	283.0		M450	1647
461.27	239.668	-6	589.449	<BeadTracker.Bead object at 0x000001D6AD0CFFA0>	0.1	0	1648	1650	1	True	284.0		M450	1648
461.308	239.659	-6	594.052	<BeadTracker.Bead object at 0x000001D6AD0D54C0>	0.1	0	1649	1651	1	True	284.0		M450	1649
461.311	239.683	-6	585.594	<BeadTracker.Bead object at 0x000001D6AD0D58E0>	0.1	0	1650	1652	1	True	284.0		M450	1650
461.114	239.567	-6	597.158	<BeadTracker.Bead object at 0x000001D6AD0D5D00>	0.1	0	1651	1653	1	True	283.0		M450	1651
461.109	239.855	-6	598.241	<BeadTracker.Bead object at 0x000001D6AD0DC160>	0.1	0	1652	1654	1	True	282.0		M450	1652
461.106	239.817	-6	600.492	<BeadTracker.Bead object at 0x000001D6AD0DC580>	0.1	0	1653	1655	1	True	283.0		M450	1653
460.977	239.655	-6	590.441	<BeadTracker.Bead object at 0x000001D6AD0DC9A0>	0.1	0	1654	1656	1	True	283.0		M450	1654
461.078	239.553	-6	591.899	<BeadTracker.Bead object at 0x000001D6AD0DCDC0>	0.1	0	1655	1657	1	True	284.0		M450	1655
461.104	239.431	-6	572.589	<BeadTracker.Bead object at 0x000001D6AD0E4220>	0.1	0	1656	1658	1	True	306.0		M450	1656
461.082	239.686	-6	603.935	<BeadTracker.Bead object at 0x000001D6AD0E4640>	0.1	0	1657	1659	1	True	283.0		M450	1657
461.166	239.85	-6	600.133	<BeadTracker.Bead object at 0x000001D6AD0E4A60>	0.1	0	1658	1660	1	True	283.0		M450	1658
461.036	239.72	-6	590.704	<BeadTracker.Bead object at 0x000001D6AD0E4E80>	0.1	0	1659	1661	1	True	283.0		M450	1659
461.14	239.655	-6	577.818	<BeadTracker.Bead object at 0x000001D6AD0ED2E0>	0.1	0	1660	1662	1	True	307.0		M450	1660
461.068	239.563	-6	579.764	<BeadTracker.Bead object at 0x000001D6AD0ED700>	0.1	0	1661	1663	1	True	307.0		M450	1661
461.232	239.688	-6	577.484	<BeadTracker.Bead object at 0x000001D6AD0EDB20>	0.1	0	1662	1664	1	True	306.0		M450	1662
461.245	239.771	-6	600.123	<BeadTracker.Bead object at 0x000001D6AD0EDF40>	0.1	0	1663	1665	1	True	283.0		M450	1663
461.111	239.733	-6	600.065	<BeadTracker.Bead object at 0x000001D6AD0F33A0>	0.1	0	1664	1666	1	True	283.0		M450	1664
461.209	239.7	-6	622.713	<BeadTracker.Bead object at 0x000001D6AD0F37C0>	0.1	0	1665	1667	1	True	282.0		M450	1665
461.182	239.641	-6	603.677	<BeadTracker.Bead object at 0x000001D6AD0F3BE0>	0.1	0	1666	1668	1	True	284.0		M450	1666
461.271	239.661	-6	595.808	<BeadTracker.Bead object at 0x000001D6AD0F3F40>	0.1	0	1667	1669	1	True	284.0		M450	1667
461.352	239.714	-6	592.167	<BeadTracker.Bead object at 0x000001D6AD0FC460>	0.1	0	1668	1670	1	True	284.0		M450	1668
461.243	239.719	-6	621.135	<BeadTracker.Bead object at 0x000001D6AD0FC880>	0.1	0	1669	1671	1	True	282.0		M450	1669
461.193	239.722	-6	619.047	<BeadTracker.Bead object at 0x000001D6AD0FCCA0>	0.1	0	1670	1672	1	True	282.0		M450	1670
461.193	239.575	-6	614.493	<BeadTracker.Bead object at 0x000001D6AD105100>	0.1	0	1671	1673	1	True	282.0		M450	1671
461.329	239.636	-6	608.171	<BeadTracker.Bead object at 0x000001D6AD105520>	0.1	0	1672	1674	1	True	283.0		M450	1672
461.304	239.753	-6	611.914	<BeadTracker.Bead object at 0x000001D6AD105940>	0.1	0	1673	1675	1	True	283.0		M450	1673
461.414	239.763	-6	618.824	<BeadTracker.Bead object at 0x000001D6AD105D60>	0.1	0	1674	1676	1	True	282.0		M450	1674
461.356	239.571	-6	630.098	<BeadTracker.Bead object at 0x000001D6AD10C1C0>	0.1	0	1675	1677	1	True	282.0		M450	1675
461.319	239.81	-6	627.921	<BeadTracker.Bead object at 0x000001D6AD10C5E0>	0.1	0	1676	1678	1	True	281.0		M450	1676
461.325	239.846	8	618.563	<BeadTracker.Bead object at 0x000001D6AD10CA00>	0.0	0	1677	1679	1	True	281.0		M450	1677
461.363	239.643	8	615.416	<BeadTracker.Bead object at 0x000001D6AD10CE20>	0.0	0	1678	1680	1	True	282.0		M450	1678
461.281	239.636	8	624.61	<BeadTracker.Bead object at 0x000001D6AD113280>	0.0	0	1679	1681	1	True	282.0		M450	1679
461.265	239.629	8	631.761	<BeadTracker.Bead object at 0x000001D6AD1136A0>	0.0	0	1680	1682	1	True	282.0		M450	1680
461.221	239.593	8	628.742	<BeadTracker.Bead object at 0x000001D6AD113AC0>	0.0	0	1681	1683	1	True	282.0		M450	1681
461.296	239.618	8	619.092	<BeadTracker.Bead object at 0x000001D6AD113EE0>	0.0	0	1682	1684	1	True	282.0		M450	1682
461.195	239.647	8	619.364	<BeadTracker.Bead object at 0x000001D6AD11C340>	0.0	0	1683	1685	1	True	282.0		M450	1683
461.128	239.594	8	622.947	<BeadTracker.Bead object at 0x000001D6AD11C760>	0.0	0	1684	1686	1	True	283.0		M450	1684
461.084	239.501	8	624.114	<BeadTracker.Bead object at 0x000001D6AD11CB80>	0.0	0	1685	1687	1	True	283.0		M450	1685
461.241	239.776	8	615.285	<BeadTracker.Bead object at 0x000001D6AD11CFA0>	0.0	0	1686	1688	1	True	282.0		M450	1686
461.248	239.651	8	605.53	<BeadTracker.Bead object at 0x000001D6AD123400>	0.0	0	1687	1689	1	True	283.0		M450	1687
461.156	239.604	8	615.334	<BeadTracker.Bead object at 0x000001D6AD123820>	0.0	0	1688	1690	1	True	282.0		M450	1688
461.182	239.505	8	605.624	<BeadTracker.Bead object at 0x000001D6AD123C40>	0.0	0	1689	1691	1	True	283.0		M450	1689
461.167	239.429	8	601.073	<BeadTracker.Bead object at 0x000001D6AD123FA0>	0.0	0	1690	1692	1	True	283.0		M450	1690
461.311	239.813	8	622.179	<BeadTracker.Bead object at 0x000001D6AD12B4C0>	0.0	0	1691	1693	1	True	281.0		M450	1691
461.287	239.62	8	618.823	<BeadTracker.Bead object at 0x000001D6AD12B8E0>	0.0	0	1692	1694	1	True	282.0		M450	1692
461.188	239.603	8	630.39	<BeadTracker.Bead object at 0x000001D6AD12BD00>	0.0	0	1693	1695	1	True	281.0		M450	1693
461.158	239.654	8	630.239	<BeadTracker.Bead object at 0x000001D6AD132160>	0.0	0	1694	1696	1	True	282.0		M450	1694
461.177	239.577	8	633.389	<BeadTracker.Bead object at 0x000001D6AD132580>	0.0	0	1695	1697	1	True	281.0		M450	1695
461.223	239.833	8	625.216	<BeadTracker.Bead object at 0x000001D6AD1329A0>	0.0	0	1696	1698	1	True	282.0		M450	1696
461.229	239.85	8	618.837	<BeadTracker.Bead object at 0x000001D6AD132DC0>	0.0	0	1697	1699	1	True	282.0		M450	1697
461.18	239.86	8	615.27	<BeadTracker.Bead object at 0x000001D6AD139220>	0.0	0	1698	1700	1	True	282.0		M450	1698
461.24	239.606	8	625.432	<BeadTracker.Bead object at 0x000001D6AD139640>	0.0	0	1699	1701	1	True	282.0		M450	1699
461.448	239.782	8	622.789	<BeadTracker.Bead object at 0x000001D6AD139A60>	0.0	0	1700	1702	1	True	282.0		M450	1700
461.359	239.916	8	592.844	<BeadTracker.Bead object at 0x000001D6AD139E80>	0.0	0	1701	1703	1	True	282.0		M450	1701
461.471	239.781	8	616.37	<BeadTracker.Bead object at 0x000001D6AD1422E0>	0.0	0	1702	1704	1	True	282.0		M450	1702
461.357	239.744	8	629.341	<BeadTracker.Bead object at 0x000001D6AD142700>	0.0	0	1703	1705	1	True	282.0		M450	1703
461.317	239.844	8	607.225	<BeadTracker.Bead object at 0x000001D6AD142B20>	0.0	0	1704	1706	1	True	282.0		M450	1704
461.384	239.774	8	651.187	<BeadTracker.Bead object at 0x000001D6AD142F40>	0.0	0	1705	1707	1	True	281.0		M450	1705
461.54	239.795	8	618.209	<BeadTracker.Bead object at 0x000001D6AD1493A0>	0.0	0	1706	1708	1	True	281.0		M450	1706
461.388	239.712	8	638.498	<BeadTracker.Bead object at 0x000001D6AD1497C0>	0.0	0	1707	1709	1	True	282.0		M450	1707
461.485	239.669	8	656.614	<BeadTracker.Bead object at 0x000001D6AD149BE0>	0.0	0	1708	1710	1	True	281.0		M450	1708
461.534	239.405	8	651.555	<BeadTracker.Bead object at 0x000001D6AD149F40>	0.0	0	1709	1711	1	True	279.0		M450	1709
461.496	239.615	8	650.737	<BeadTracker.Bead object at 0x000001D6AD151460>	0.0	0	1710	1712	1	True	281.0		M450	1710
461.596	239.712	8	649.877	<BeadTracker.Bead object at 0x000001D6AD151880>	0.0	0	1711	1713	1	True	281.0		M450	1711
461.543	239.657	8	652.156	<BeadTracker.Bead object at 0x000001D6AD151CA0>	0.0	0	1712	1714	1	True	280.0		M450	1712
461.554	239.584	8	658.528	<BeadTracker.Bead object at 0x000001D6AD15B100>	0.0	0	1713	1715	1	True	281.0		M450	1713
461.481	239.503	8	638.874	<BeadTracker.Bead object at 0x000001D6AD15B520>	0.0	0	1714	1716	1	True	282.0		M450	1714
461.418	239.403	8	629.365	<BeadTracker.Bead object at 0x000001D6AD15B940>	0.0	0	1715	1717	1	True	281.0		M450	1715
461.707	239.319	8	619.81	<BeadTracker.Bead object at 0x000001D6AD15BD60>	0.0	0	1716	1718	1	True	280.0		M450	1716
461.67	239.156	8	616.48	<BeadTracker.Bead object at 0x000001D6AD1611C0>	0.0	0	1717	1719	1	True	281.0		M450	1717
461.704	239.094	8	634.981	<BeadTracker.Bead object at 0x000001D6AD1615E0>	0.0	0	1718	1720	1	True	280.0		M450	1718
461.633	238.907	8	632.264	<BeadTracker.Bead object at 0x000001D6AD161A00>	0.0	0	1719	1721	1	True	280.0		M450	1719
461.604	238.728	8	613.673	<BeadTracker.Bead object at 0x000001D6AD161E20>	0.0	0	1720	1722	1	True	282.0		M450	1720
461.728	238.825	8	619.549	<BeadTracker.Bead object at 0x000001D6AD168280>	0.0	0	1721	1723	1	True	282.0		M450	1721
461.647	238.662	8	586.08	<BeadTracker.Bead object at 0x000001D6AD1686A0>	0.0	0	1722	1724	1	True	283.0		M450	1722
461.744	238.539	8	601.198	<BeadTracker.Bead object at 0x000001D6AD168AC0>	0.0	0	1723	1725	1	True	283.0		M450	1723
461.689	238.319	8	580.74	<BeadTracker.Bead object at 0x000001D6AD168EE0>	0.0	0	1724	1726	1	True	283.0		M450	1724
461.828	238.05	8	580.325	<BeadTracker.Bead object at 0x000001D6AD170340>	0.0	0	1725	1727	1	True	284.0		M450	1725
461.905	237.861	8	567.719	<BeadTracker.Bead object at 0x000001D6AD170760>	0.0	0	1726	1728	1	True	307.0		M450	1726
462.001	237.706	8	539.674	<BeadTracker.Bead object at 0x000001D6AD170B80>	0.0	0	1727	1729	1	True	309.0		M450	1727
462.061	237.706	8	518.683	<BeadTracker.Bead object at 0x000001D6AD170FA0>	0.0	0	1728	1730	1	True	312.0		M450	1728
462.086	237.318	8	503.416	<BeadTracker.Bead object at 0x000001D6AD178400>	0.0	0	1729	1731	1	True	313.0		M450	1729
462.31	237.041	8	485.313	<BeadTracker.Bead object at 0x000001D6AD178820>	0.0	0	1730	1732	1	True	314.0		M450	1730
462.403	236.737	8	489.09	<BeadTracker.Bead object at 0x000001D6AD178C40>	0.0	0	1731	1733	1	True	349.0		M450	1731
462.823	236.387	8	488.407	<BeadTracker.Bead object at 0x000001D6AD178FA0>	0.0	0	1732	1734	1	True	314.0		M450	1732
462.936	236.077	8	500.155	<BeadTracker.Bead object at 0x000001D6AD1804C0>	0.0	0	1733	1735	1	True	360.0		M450	1733
463.459	235.844	8	544.686	<BeadTracker.Bead object at 0x000001D6AD1808E0>	0.0	0	1734	1736	1	True	373.0		M450	1734
466.155	233.645	8	541.71	<BeadTracker.Bead object at 0x000001D6AD19D9A0>	0.0	0	1764	1766	1	True	372.0		M450	1764
465.713	233.834	8	520.938	<BeadTracker.Bead object at 0x000001D6AD19DDC0>	0.0	0	1765	1767	1	True	370.0		M450	1765
465.567	234.069	8	501.212	<BeadTracker.Bead object at 0x000001D6AD1A4220>	0.0	0	1766	1768	1	True	359.0		M450	1766
465.196	234.129	8	495.152	<BeadTracker.Bead object at 0x000001D6AD1A4640>	0.0	0	1767	1769	1	True	359.0		M450	1767
465.028	234.41	8	486.966	<BeadTracker.Bead object at 0x000001D6AD1A4A60>	0.0	0	1768	1770	1	True	314.0		M450	1768
464.837	234.666	8	473.238	<BeadTracker.Bead object at 0x000001D6AD1A4E80>	0.0	0	1769	1771	1	True	314.0		M450	1769
464.74	234.776	8	479.722	<BeadTracker.Bead object at 0x000001D6AD1AD2E0>	0.0	0	1770	1772	1	True	314.0		M450	1770
464.547	234.943	8	486.576	<BeadTracker.Bead object at 0x000001D6AD1AD700>	0.0	0	1771	1773	1	True	314.0		M450	1771
464.468	234.813	8	486.659	<BeadTracker.Bead object at 0x000001D6AD1ADB20>	0.0	0	1772	1774	1	True	314.0		M450	1772
464.234	234.854	8	515.771	<BeadTracker.Bead object at 0x000001D6AD1ADF40>	0.0	0	1773	1775	1	True	312.0		M450	1773
464.276	235.065	8	528.399	<BeadTracker.Bead object at 0x000001D6AD1B53A0>	0.0	0	1774	1776	1	True	312.0		M450	1774
464.123	235.417	8	530.682	<BeadTracker.Bead object at 0x000001D6AD1B57C0>	0.0	0	1775	1777	1	True	309.0		M450	1775
464.156	235.47	8	544.804	<BeadTracker.Bead object at 0x000001D6AD1B5BE0>	0.0	0	1776	1778	1	True	306.0		M450	1776
464.021	235.385	8	549.323	<BeadTracker.Bead object at 0x000001D6AD1B5F40>	0.0	0	1777	1779	1	True	306.0		M450	1777
463.882	235.291	8	550.748	<BeadTracker.Bead object at 0x000001D6AD1BE460>	0.0	0	1778	1780	1	True	306.0		M450	1778
463.815	235.6	8	594.661	<BeadTracker.Bead object at 0x000001D6AD1BE880>	0.0	0	1779	1781	1	True	283.0		M450	1779
463.886	235.735	8	601.676	<BeadTracker.Bead object at 0x000001D6AD1BECA0>	0.0	0	1780	1782	1	True	283.0		M450	1780
463.817	235.613	8	600.502	<BeadTracker.Bead object at 0x000001D6AD1C4100>	0.0	0	1781	1783	1	True	283.0		M450	1781
463.771	235.613	8	600.47	<BeadTracker.Bead object at 0x000001D6AD1C4520>	0.0	0	1782	1784	1	True	283.0		M450	1782
463.576	235.65	8	615.991	<BeadTracker.Bead object at 0x000001D6AD1C4940>	0.0	0	1783	1785	1	True	282.0		M450	1783
463.696	235.737	8	602.894	<BeadTracker.Bead object at 0x000001D6AD1C4D60>	0.0	0	1784	1786	1	True	282.0		M450	1784
463.668	235.923	8	625.613	<BeadTracker.Bead object at 0x000001D6AD1CA1C0>	0.0	0	1785	1787	1	True	280.0		M450	1785
463.601	235.916	8	638.586	<BeadTracker.Bead object at 0x000001D6AD1CA5E0>	0.0	0	1786	1788	1	True	281.0		M450	1786
463.557	235.74	8	642.276	<BeadTracker.Bead object at 0x000001D6AD1CAA00>	0.0	0	1787	1789	1	True	280.0		M450	1787
463.47	235.726	8	646.396	<BeadTracker.Bead object at 0x000001D6AD1CAE20>	0.0	0	1788	1790	1	True	281.0		M450	1788
463.496	236.085	8	654.85	<BeadTracker.Bead object at 0x000001D6AD1D4280>	0.0	0	1789	1791	1	True	280.0		M450	1789
463.434	236.04	8	636.487	<BeadTracker.Bead object at 0x000001D6AD1D46A0>	0.0	0	1790	1792	1	True	280.0		M450	1790
463.328	236.056	8	661.307	<BeadTracker.Bead object at 0x000001D6AD1D4AC0>	0.0	0	1791	1793	1	True	271.0		M450	1791
463.312	235.95	8	643.598	<BeadTracker.Bead object at 0x000001D6AD1D4EE0>	0.0	0	1792	1794	1	True	279.0		M450	1792
463.264	236.031	8	658.838	<BeadTracker.Bead object at 0x000001D6AD1DB340>	0.0	0	1793	1795	1	True	264.0		M450	1793
463.307	236.171	8	656.115	<BeadTracker.Bead object at 0x000001D6AD1DB760>	0.0	0	1794	1796	1	True	271.0		M450	1794
463.282	236.144	8	673.571	<BeadTracker.Bead object at 0x000001D6AD1DBB80>	0.0	0	1795	1797	1	True	266.0		M450	1795
463.273	236.108	8	685.395	<BeadTracker.Bead object at 0x000001D6AD1DBFA0>	0.0	0	1796	1798	1	True	264.0		M450	1796
463.24	236.115	8	685.357	<BeadTracker.Bead object at 0x000001D6AD1E2400>	0.0	0	1797	1799	1	True	263.0		M450	1797
463.188	236.121	8	671.539	<BeadTracker.Bead object at 0x000001D6AD1E2820>	0.0	0	1798	1800	1	True	265.0		M450	1798
463.227	236.283	8	679.687	<BeadTracker.Bead object at 0x000001D6AD1E2C40>	0.0	0	1799	1801	1	True	266.0		M450	1799
463.178	236.146	8	661.721	<BeadTracker.Bead object at 0x000001D6AD1E2FA0>	0.0	0	1800	1802	1	True	267.0		M450	1800
463.103	236.211	8	690.591	<BeadTracker.Bead object at 0x000001D6AD1ED4C0>	0.0	0	1801	1803	1	True	265.0		M450	1801
463.077	236.148	8	665.097	<BeadTracker.Bead object at 0x000001D6AD1ED8E0>	0.0	0	1802	1804	1	True	267.0		M450	1802
462.985	236.145	8	702.226	<BeadTracker.Bead object at 0x000001D6AD1EDD00>	0.0	0	1803	1805	1	True	263.0		M450	1803
463.148	236.224	8	691.27	<BeadTracker.Bead object at 0x000001D6AD1F3160>	0.0	0	1804	1806	1	True	264.0		M450	1804
463.165	236.281	8	698.824	<BeadTracker.Bead object at 0x000001D6AD1F3580>	0.0	0	1805	1807	1	True	264.0		M450	1805
462.988	236.31	8	700.457	<BeadTracker.Bead object at 0x000001D6AD1F39A0>	0.0	0	1806	1808	1	True	265.0		M450	1806
462.919	236.258	8	706.092	<BeadTracker.Bead object at 0x000001D6AD1F3DC0>	0.0	0	1807	1809	1	True	264.0		M450	1807
463.109	236.391	8	676.683	<BeadTracker.Bead object at 0x000001D6AD1F9220>	0.0	0	1808	1810	1	True	266.0		M450	1808
463.181	236.221	8	688.499	<BeadTracker.Bead object at 0x000001D6AD1F9640>	0.0	0	1809	1811	1	True	266.0		M450	1809
463.009	236.394	0	2114.366	<BeadTracker.Bead object at 0x000001D6AD1F9E80>	2.0	78	1811	1813	1	True	326.0		M450	1811
463.051	236.459	0	2283.685	<BeadTracker.Bead object at 0x000001D6AD202AF0>	2.0	79	1814	1816	1	True	376.0		M450	1814
462.895	236.5	0	2435.165	<BeadTracker.Bead object at 0x000001D6AD20A760>	2.0	80	1817	1819	1	True	377.0		M450	1817
462.885	236.352	0	2607.892	<BeadTracker.Bead object at 0x000001D6AD2113D0>	2.0	81	1820	1822	1	True	376.0		M450	1820
462.803	236.257	0	2791.902	<BeadTracker.Bead object at 0x000001D6AD211F40>	2.0	82	1823	1825	1	True	376.0		M450	1823
462.678	235.896	0	2995.402	<BeadTracker.Bead object at 0x000001D6AD219C70>	2.0	83	1826	1828	1	True	377.0		M450	1826
462.928	235.579	0	522.895	<BeadTracker.Bead object at 0x000001D6AD2234F0>	1.0	84	1828	1830	1	True	395.0		M450	1828
461.85	233.733	0	3256.037	<BeadTracker.Bead object at 0x000001D6AD223FD0>	3.0	85	1832	1835	1	True	336.0		M450	1832
461.821	233.392	0	3166.6	<BeadTracker.Bead object at 0x000001D6AD22AD30>	3.0	86	1835	1838	1	True	277.0		M450	1835
462.031	233.215	0	3080.747	<BeadTracker.Bead object at 0x000001D6AD2309D0>	3.0	87	1838	1841	1	True	228.0		M450	1838
462.151	232.751	0	3089.12	<BeadTracker.Bead object at 0x000001D6AD238670>	3.0	88	1841	1844	1	True	228.0		M450	1841
462.164	232.008	0	2969.586	<BeadTracker.Bead object at 0x000001D6AD241310>	3.0	89	1844	1847	1	True	189.0		M450	1844
462.055	231.471	0	2954.349	<BeadTracker.Bead object at 0x000001D6AD241F70>	3.0	90	1847	1850	1	True	190.0		M450	1847
461.825	231.273	0	2970.798	<BeadTracker.Bead object at 0x000001D6AD2493D0>	1.0	91	1848	1851	1	True	250.0		M450	1848
461.7	231.405	-7	1248.563	<BeadTracker.Bead object at 0x000001D6AD2497F0>	0.1	0	1849	1852	1	True	191.0		M450	1849
461.585	231.533	-7	2144.085	<BeadTracker.Bead object at 0x000001D6AD249C10>	0.1	0	1850	1853	1	True	132.0		M450	1850
461.666	231.315	-7	2773.51	<BeadTracker.Bead object at 0x000001D6AD249F70>	0.1	0	1851	1854	1	True	83.0		M450	1851
461.764	231.352	-7	2885.861	<BeadTracker.Bead object at 0x000001D6AD250490>	0.1	0	1852	1855	1	True	80.0		M450	1852
461.91	231.12	-7	2920.27	<BeadTracker.Bead object at 0x000001D6AD2508B0>	0.1	0	1853	1856	1	True	73.0		M450	1853
462.061	230.805	-7	2923.883	<BeadTracker.Bead object at 0x000001D6AD250CD0>	0.1	0	1854	1857	1	True	65.0		M450	1854
462.087	230.625	-7	3044.645	<BeadTracker.Bead object at 0x000001D6AD258130>	0.1	0	1855	1858	1	True	30.0		M450	1855
461.888	231.089	-7	3044.103	<BeadTracker.Bead object at 0x000001D6AD258550>	0.1	0	1856	1859	1	True	63.0		M450	1856
461.751	230.823	-7	3028.054	<BeadTracker.Bead object at 0x000001D6AD258970>	0.1	0	1857	1860	1	True	53.0		M450	1857
461.596	230.927	-7	3028.141	<BeadTracker.Bead object at 0x000001D6AD258D90>	0.1	0	1858	1861	1	True	54.0		M450	1858
461.673	231.035	-7	2965.785	<BeadTracker.Bead object at 0x000001D6AD2601F0>	0.1	0	1859	1862	1	True	66.0		M450	1859
461.599	231.144	-7	2907.68	<BeadTracker.Bead object at 0x000001D6AD260610>	0.1	0	1860	1863	1	True	76.0		M450	1860
461.765	231.0	-7	2934.247	<BeadTracker.Bead object at 0x000001D6AD260A30>	0.1	0	1861	1864	1	True	73.0		M450	1861
461.78	230.932	-7	2970.614	<BeadTracker.Bead object at 0x000001D6AD260E50>	0.1	0	1862	1865	1	True	65.0		M450	1862
461.797	231.096	-7	2999.792	<BeadTracker.Bead object at 0x000001D6AD2672B0>	0.1	0	1863	1866	1	True	65.0		M450	1863
461.826	231.185	-7	2965.798	<BeadTracker.Bead object at 0x000001D6AD2676D0>	0.1	0	1864	1867	1	True	70.0		M450	1864
462.143	230.612	-7	3033.726	<BeadTracker.Bead object at 0x000001D6AD267AF0>	0.1	0	1865	1868	1	True	31.0		M450	1865
462.063	230.895	-7	3085.149	<BeadTracker.Bead object at 0x000001D6AD267F10>	0.1	0	1866	1869	1	True	41.0		M450	1866
461.974	230.93	-7	3087.182	<BeadTracker.Bead object at 0x000001D6AD270370>	0.1	0	1867	1870	1	True	40.0		M450	1867
461.719	231.077	-7	3024.495	<BeadTracker.Bead object at 0x000001D6AD270790>	0.1	0	1868	1871	1	True	64.0		M450	1868
461.937	230.821	-7	3078.114	<BeadTracker.Bead object at 0x000001D6AD270BB0>	0.1	0	1869	1872	1	True	32.0		M450	1869
461.619	231.151	-7	2966.588	<BeadTracker.Bead object at 0x000001D6AD270FD0>	0.1	0	1870	1873	1	True	72.0		M450	1870
461.894	231.006	-7	2996.279	<BeadTracker.Bead object at 0x000001D6AD277430>	0.1	0	1871	1874	1	True	54.0		M450	1871
461.986	231.124	-7	2948.198	<BeadTracker.Bead object at 0x000001D6AD277850>	0.1	0	1872	1875	1	True	67.0		M450	1872
462.203	230.616	-7	3015.147	<BeadTracker.Bead object at 0x000001D6AD277C70>	0.1	0	1873	1876	1	True	31.0		M450	1873
461.785	231.398	-7	3012.537	<BeadTracker.Bead object at 0x000001D6AD277FD0>	0.1	0	1874	1877	1	True	70.0		M450	1874
461.906	230.863	-7	3053.584	<BeadTracker.Bead object at 0x000001D6AD2804F0>	0.1	0	1875	1878	1	True	40.0		M450	1875
461.732	231.208	-7	3052.848	<BeadTracker.Bead object at 0x000001D6AD280910>	0.1	0	1876	1879	1	True	62.0		M450	1876
461.81	230.963	-7	3042.428	<BeadTracker.Bead object at 0x000001D6AD280D30>	0.1	0	1877	1880	1	True	53.0		M450	1877
461.831	230.977	-7	2922.35	<BeadTracker.Bead object at 0x000001D6AD286190>	0.1	0	1878	1881	1	True	66.0		M450	1878
462.065	230.822	-7	2998.063	<BeadTracker.Bead object at 0x000001D6AD2865B0>	0.1	0	1879	1882	1	True	41.0		M450	1879
462.115	230.832	-7	3100.209	<BeadTracker.Bead object at 0x000001D6AD2869D0>	0.1	0	1880	1883	1	True	31.0		M450	1880
461.987	230.576	-7	3086.237	<BeadTracker.Bead object at 0x000001D6AD286DF0>	0.1	0	1881	1884	1	True	16.0		M450	1881
461.838	230.831	-7	3118.407	<BeadTracker.Bead object at 0x000001D6AD28E250>	0.1	0	1882	1885	1	True	30.0		M450	1882
461.709	230.838	-7	3156.3	<BeadTracker.Bead object at 0x000001D6AD28E670>	0.1	0	1883	1886	1	True	31.0		M450	1883
461.733	230.675	-7	3118.77	<BeadTracker.Bead object at 0x000001D6AD28EA90>	0.1	0	1884	1887	1	True	30.0		M450	1884
461.805	230.889	-7	3111.535	<BeadTracker.Bead object at 0x000001D6AD28EEB0>	0.1	0	1885	1888	1	True	40.0		M450	1885
461.721	230.925	-7	3076.09	<BeadTracker.Bead object at 0x000001D6AD296310>	0.1	0	1886	1889	1	True	53.0		M450	1886
461.728	230.688	-7	3098.479	<BeadTracker.Bead object at 0x000001D6AD296730>	0.1	0	1887	1890	1	True	30.0		M450	1887
461.868	230.779	-7	3108.06	<BeadTracker.Bead object at 0x000001D6AD296B50>	0.1	0	1888	1891	1	True	31.0		M450	1888
461.84	230.675	-7	3133.065	<BeadTracker.Bead object at 0x000001D6AD296F70>	0.1	0	1889	1892	1	True	30.0		M450	1889
461.806	230.886	-7	3150.314	<BeadTracker.Bead object at 0x000001D6AD29D3D0>	0.1	0	1890	1893	1	True	31.0		M450	1890
461.867	230.81	-7	3138.024	<BeadTracker.Bead object at 0x000001D6AD29D7F0>	0.1	0	1891	1894	1	True	30.0		M450	1891
461.553	231.066	-7	3137.714	<BeadTracker.Bead object at 0x000001D6AD29DC10>	0.1	0	1892	1895	1	True	51.0		M450	1892
461.772	230.733	-7	3130.352	<BeadTracker.Bead object at 0x000001D6AD29DF70>	0.1	0	1893	1896	1	True	30.0		M450	1893
461.889	230.716	-7	3104.893	<BeadTracker.Bead object at 0x000001D6AD2A5490>	0.1	0	1894	1897	1	True	30.0		M450	1894
461.616	230.9	-7	3153.113	<BeadTracker.Bead object at 0x000001D6AD2A58B0>	0.1	0	1895	1898	1	True	31.0		M450	1895
461.545	230.749	-7	3125.117	<BeadTracker.Bead object at 0x000001D6AD2A5CD0>	0.1	0	1896	1899	1	True	31.0		M450	1896
461.614	230.838	-7	3174.093	<BeadTracker.Bead object at 0x000001D6AD2AE130>	0.1	0	1897	1900	1	True	31.0		M450	1897
461.596	231.122	-7	3137.499	<BeadTracker.Bead object at 0x000001D6AD2AE550>	0.1	0	1898	1901	1	True	52.0		M450	1898
461.656	231.011	-7	3097.122	<BeadTracker.Bead object at 0x000001D6AD2AE970>	0.1	0	1899	1902	1	True	53.0		M450	1899
461.68	231.088	-7	2983.68	<BeadTracker.Bead object at 0x000001D6AD2AED90>	0.1	0	1900	1903	1	True	66.0		M450	1900
461.835	231.026	-7	3084.294	<BeadTracker.Bead object at 0x000001D6AD2B51F0>	0.1	0	1901	1904	1	True	52.0		M450	1901
461.852	231.082	-7	3062.408	<BeadTracker.Bead object at 0x000001D6AD2B5610>	0.1	0	1902	1905	1	True	52.0		M450	1902
462.0	230.757	-7	3107.234	<BeadTracker.Bead object at 0x000001D6AD2B5A30>	0.1	0	1903	1906	1	True	30.0		M450	1903
461.918	230.804	-7	3150.482	<BeadTracker.Bead object at 0x000001D6AD2B5E50>	0.1	0	1904	1907	1	True	30.0		M450	1904
461.748	230.797	-7	3174.839	<BeadTracker.Bead object at 0x000001D6AD2BE2B0>	0.1	0	1905	1908	1	True	30.0		M450	1905
461.638	230.731	-7	3160.92	<BeadTracker.Bead object at 0x000001D6AD2BE6D0>	0.1	0	1906	1909	1	True	30.0		M450	1906
461.699	230.886	-7	3207.078	<BeadTracker.Bead object at 0x000001D6AD2BEAF0>	0.1	0	1907	1910	1	True	30.0		M450	1907
461.684	231.196	-7	3175.442	<BeadTracker.Bead object at 0x000001D6AD2BEF10>	0.1	0	1908	1911	1	True	52.0		M450	1908
461.819	231.06	-7	3123.843	<BeadTracker.Bead object at 0x000001D6AD2C5370>	0.1	0	1909	1912	1	True	50.0		M450	1909
461.908	230.926	-7	3095.591	<BeadTracker.Bead object at 0x000001D6AD2C5790>	0.1	0	1910	1913	1	True	40.0		M450	1910
461.864	230.673	-7	3181.761	<BeadTracker.Bead object at 0x000001D6AD2C5BB0>	0.1	0	1911	1914	1	True	16.0		M450	1911
461.861	231.074	-7	3171.914	<BeadTracker.Bead object at 0x000001D6AD2C5FD0>	0.1	0	1912	1915	1	True	40.0		M450	1912
461.846	230.79	-7	3180.003	<BeadTracker.Bead object at 0x000001D6AD2CD430>	0.1	0	1913	1916	1	True	17.0		M450	1913
461.772	230.976	-7	3181.006	<BeadTracker.Bead object at 0x000001D6AD2CD850>	0.1	0	1914	1917	1	True	31.0		M450	1914
461.852	230.871	-7	3197.026	<BeadTracker.Bead object at 0x000001D6AD2CDC70>	0.1	0	1915	1918	1	True	30.0		M450	1915
461.877	230.816	-7	3176.112	<BeadTracker.Bead object at 0x000001D6AD2CDFD0>	0.1	0	1916	1919	1	True	30.0		M450	1916
461.985	230.738	-7	3194.917	<BeadTracker.Bead object at 0x000001D6AD2D44F0>	0.1	0	1917	1920	1	True	17.0		M450	1917
461.902	230.895	-7	3181.231	<BeadTracker.Bead object at 0x000001D6AD2D4910>	0.1	0	1918	1921	1	True	30.0		M450	1918
461.901	230.71	-7	3211.134	<BeadTracker.Bead object at 0x000001D6AD2D4D30>	0.1	0	1919	1922	1	True	16.0		M450	1919
461.841	230.704	-7	3194.845	<BeadTracker.Bead object at 0x000001D6AD2DD190>	0.1	0	1920	1923	1	True	16.0		M450	1920
461.767	230.729	-7	3215.429	<BeadTracker.Bead object at 0x000001D6AD2DD5B0>	0.1	0	1921	1924	1	True	16.0		M450	1921
461.812	230.751	-7	3201.338	<BeadTracker.Bead object at 0x000001D6AD2DD9D0>	0.1	0	1922	1925	1	True	16.0		M450	1922
461.88	230.744	-7	3168.244	<BeadTracker.Bead object at 0x000001D6AD2DDDF0>	0.1	0	1923	1926	1	True	16.0		M450	1923
461.858	230.601	-7	3186.099	<BeadTracker.Bead object at 0x000001D6AD2E3250>	0.1	0	1924	1927	1	True	16.0		M450	1924
461.812	230.611	-7	3211.667	<BeadTracker.Bead object at 0x000001D6AD2E3670>	0.1	0	1925	1928	1	True	16.0		M450	1925
461.757	230.79	-7	3188.182	<BeadTracker.Bead object at 0x000001D6AD2E3A90>	0.1	0	1926	1929	1	True	17.0		M450	1926
461.8	230.736	-7	3202.686	<BeadTracker.Bead object at 0x000001D6AD2E3EB0>	0.1	0	1927	1930	1	True	16.0		M450	1927
461.779	230.684	-7	3185.437	<BeadTracker.Bead object at 0x000001D6AD2EB310>	0.1	0	1928	1931	1	True	16.0		M450	1928
461.799	230.59	-7	3178.469	<BeadTracker.Bead object at 0x000001D6AD2EB730>	0.1	0	1929	1932	1	True	16.0		M450	1929
461.717	230.561	-7	3173.688	<BeadTracker.Bead object at 0x000001D6AD2EBB50>	0.1	0	1930	1933	1	True	16.0		M450	1930
461.76	230.52	-7	3214.071	<BeadTracker.Bead object at 0x000001D6AD2EBF70>	0.1	0	1931	1934	1	True	16.0		M450	1931
461.696	230.652	-7	3181.213	<BeadTracker.Bead object at 0x000001D6AD2F43D0>	0.1	0	1932	1935	1	True	16.0		M450	1932
461.805	230.565	-7	3190.997	<BeadTracker.Bead object at 0x000001D6AD2F47F0>	0.1	0	1933	1936	1	True	17.0		M450	1933
461.868	230.566	-7	3195.995	<BeadTracker.Bead object at 0x000001D6AD2F4C10>	0.1	0	1934	1937	1	True	16.0		M450	1934
461.803	230.418	-7	3222.836	<BeadTracker.Bead object at 0x000001D6AD2F4F70>	0.1	0	1935	1938	1	True	60.0		M450	1935
461.834	230.505	-7	3201.39	<BeadTracker.Bead object at 0x000001D6AD2FB490>	0.1	0	1936	1939	1	True	16.0		M450	1936
461.862	230.523	-7	3220.728	<BeadTracker.Bead object at 0x000001D6AD2FB8B0>	0.1	0	1937	1940	1	True	16.0		M450	1937
461.967	230.458	-7	3209.256	<BeadTracker.Bead object at 0x000001D6AD2FBCD0>	0.1	0	1938	1941	1	True	60.0		M450	1938
461.966	230.532	-7	3222.236	<BeadTracker.Bead object at 0x000001D6AD303130>	0.1	0	1939	1942	1	True	16.0		M450	1939
461.963	230.634	-7	3231.487	<BeadTracker.Bead object at 0x000001D6AD303550>	0.1	0	1940	1943	1	True	16.0		M450	1940
461.978	230.613	-7	3205.497	<BeadTracker.Bead object at 0x000001D6AD303970>	0.1	0	1941	1944	1	True	16.0		M450	1941
462.124	230.485	-7	3189.804	<BeadTracker.Bead object at 0x000001D6AD303D90>	0.1	0	1942	1945	1	True	60.0		M450	1942
462.154	230.495	-7	3234.205	<BeadTracker.Bead object at 0x000001D6AD30B1F0>	0.1	0	1943	1946	1	True	49.0		M450	1943
462.146	230.44	-7	3222.301	<BeadTracker.Bead object at 0x000001D6AD30B610>	0.1	0	1944	1947	1	True	49.0		M450	1944
462.072	230.505	-7	3236.182	<BeadTracker.Bead object at 0x000001D6AD30BA30>	0.1	0	1945	1948	1	True	16.0		M450	1945
462.116	230.393	-7	3225.724	<BeadTracker.Bead object at 0x000001D6AD30BE50>	0.1	0	1946	1949	1	True	49.0		M450	1946
462.181	230.47	-7	3215.2	<BeadTracker.Bead object at 0x000001D6AD3122B0>	0.1	0	1947	1950	1	True	48.0		M450	1947
462.122	230.346	-7	3248.039	<BeadTracker.Bead object at 0x000001D6AD3126D0>	0.1	0	1948	1951	1	True	49.0		M450	1948
462.273	230.345	-7	3244.225	<BeadTracker.Bead object at 0x000001D6AD312AF0>	0.1	0	1949	1952	1	True	49.0		M450	1949
462.146	230.297	-7	3255.588	<BeadTracker.Bead object at 0x000001D6AD312F10>	0.1	0	1950	1953	1	True	42.0		M450	1950
462.16	230.264	-7	3266.391	<BeadTracker.Bead object at 0x000001D6AD31A370>	0.1	0	1951	1954	1	True	37.0		M450	1951
462.265	230.186	-7	3270.066	<BeadTracker.Bead object at 0x000001D6AD31A790>	0.1	0	1952	1955	1	True	25.0		M450	1952
462.255	230.174	-7	3248.611	<BeadTracker.Bead object at 0x000001D6AD31ABB0>	0.1	0	1953	1956	1	True	24.0		M450	1953
462.143	230.268	-7	3263.973	<BeadTracker.Bead object at 0x000001D6AD31AFD0>	0.1	0	1954	1957	1	True	39.0		M450	1954
462.117	230.163	-7	3275.785	<BeadTracker.Bead object at 0x000001D6AD322430>	0.1	0	1955	1958	1	True	24.0		M450	1955
462.203	230.26	-7	3225.545	<BeadTracker.Bead object at 0x000001D6AD322850>	0.1	0	1956	1959	1	True	38.0		M450	1956
462.282	230.075	-7	3245.893	<BeadTracker.Bead object at 0x000001D6AD322C70>	0.1	0	1957	1960	1	True	22.0		M450	1957
462.2	230.013	-7	3279.951	<BeadTracker.Bead object at 0x000001D6AD322FD0>	0.1	0	1958	1961	1	True	20.0		M450	1958
462.133	229.947	-7	3272.461	<BeadTracker.Bead object at 0x000001D6AD32B4F0>	0.1	0	1959	1962	1	True	18.0		M450	1959
462.047	230.147	-7	3262.089	<BeadTracker.Bead object at 0x000001D6AD32B910>	0.1	0	1960	1963	1	True	25.0		M450	1960
461.964	229.958	-7	3271.951	<BeadTracker.Bead object at 0x000001D6AD32BD30>	0.1	0	1961	1964	1	True	18.0		M450	1961
461.975	229.937	-7	3255.584	<BeadTracker.Bead object at 0x000001D6AD332190>	0.1	0	1962	1965	1	True	17.0		M450	1962
462.008	229.907	-7	3262.183	<BeadTracker.Bead object at 0x000001D6AD3325B0>	0.1	0	1963	1966	1	True	17.0		M450	1963
461.979	230.068	-7	3258.402	<BeadTracker.Bead object at 0x000001D6AD3329D0>	0.1	0	1964	1967	1	True	27.0		M450	1964
461.966	230.028	-7	3246.708	<BeadTracker.Bead object at 0x000001D6AD332DF0>	0.1	0	1965	1968	1	True	29.0		M450	1965
461.991	230.108	-7	3259.858	<BeadTracker.Bead object at 0x000001D6AD339250>	0.1	0	1966	1969	1	True	28.0		M450	1966
461.987	229.985	-7	3285.437	<BeadTracker.Bead object at 0x000001D6AD339670>	0.1	0	1967	1970	1	True	19.0		M450	1967
462.046	230.029	-7	3259.648	<BeadTracker.Bead object at 0x000001D6AD339A90>	0.1	0	1968	1971	1	True	22.0		M450	1968
462.162	229.915	-7	3257.582	<BeadTracker.Bead object at 0x000001D6AD339EB0>	0.1	0	1969	1972	1	True	17.0		M450	1969
462.154	229.766	-7	3260.282	<BeadTracker.Bead object at 0x000001D6AD342310>	0.1	0	1970	1973	1	True	16.0		M450	1970
462.197	229.84	-7	3260.149	<BeadTracker.Bead object at 0x000001D6AD342730>	0.1	0	1971	1974	1	True	17.0		M450	1971
462.271	229.947	-7	3274.266	<BeadTracker.Bead object at 0x000001D6AD342B50>	0.1	0	1972	1975	1	True	17.0		M450	1972
462.208	229.96	-7	3260.802	<BeadTracker.Bead object at 0x000001D6AD342F70>	0.1	0	1973	1976	1	True	17.0		M450	1973
462.119	229.908	-7	3251.714	<BeadTracker.Bead object at 0x000001D6AD3493D0>	0.1	0	1974	1977	1	True	17.0		M450	1974
462.058	229.773	-7	3268.944	<BeadTracker.Bead object at 0x000001D6AD3497F0>	0.1	0	1975	1978	1	True	-3.0		M450	1975
462.084	229.728	-7	3287.468	<BeadTracker.Bead object at 0x000001D6AD349C10>	0.1	0	1976	1979	1	True	-3.0		M450	1976
462.05	229.821	-7	3282.259	<BeadTracker.Bead object at 0x000001D6AD349F70>	0.1	0	1977	1980	1	True	-3.0		M450	1977
461.877	229.953	-7	3289.486	<BeadTracker.Bead object at 0x000001D6AD350490>	0.1	0	1978	1981	1	True	17.0		M450	1978
461.974	229.806	-7	3298.447	<BeadTracker.Bead object at 0x000001D6AD3508B0>	0.1	0	1979	1982	1	True	17.0		M450	1979
461.941	229.843	-7	3287.105	<BeadTracker.Bead object at 0x000001D6AD350CD0>	0.1	0	1980	1983	1	True	16.0		M450	1980
462.009	229.808	-7	3292.87	<BeadTracker.Bead object at 0x000001D6AD357130>	0.1	0	1981	1984	1	True	-2.0		M450	1981
461.82	229.856	9	3304.484	<BeadTracker.Bead object at 0x000001D6AD357550>	0.0	0	1982	1985	1	True	17.0		M450	1982
461.79	229.996	9	3302.394	<BeadTracker.Bead object at 0x000001D6AD357970>	0.0	0	1983	1986	1	True	18.0		M450	1983
461.646	229.781	9	3253.66	<BeadTracker.Bead object at 0x000001D6AD357D90>	0.0	0	1984	1987	1	True	17.0		M450	1984
461.669	229.684	9	3287.654	<BeadTracker.Bead object at 0x000001D6AD3611F0>	0.0	0	1985	1988	1	True	-3.0		M450	1985
461.714	229.716	9	3276.898	<BeadTracker.Bead object at 0x000001D6AD361610>	0.0	0	1986	1989	1	True	16.0		M450	1986
461.672	229.758	9	3270.169	<BeadTracker.Bead object at 0x000001D6AD361A30>	0.0	0	1987	1990	1	True	16.0		M450	1987
461.624	229.783	9	3274.178	<BeadTracker.Bead object at 0x000001D6AD361E50>	0.0	0	1988	1991	1	True	16.0		M450	1988
461.615	229.613	9	3261.3	<BeadTracker.Bead object at 0x000001D6AD3692B0>	0.0	0	1989	1992	1	True	-23.0		M450	1989
461.803	229.589	9	3269.227	<BeadTracker.Bead object at 0x000001D6AD3696D0>	0.0	0	1990	1993	1	True	-23.0		M450	1990
461.886	229.6	9	3286.054	<BeadTracker.Bead object at 0x000001D6AD369AF0>	0.0	0	1991	1994	1	True	-23.0		M450	1991
461.812	229.672	9	3268.144	<BeadTracker.Bead object at 0x000001D6AD369F10>	0.0	0	1992	1995	1	True	-2.0		M450	1992
461.823	229.649	9	3280.041	<BeadTracker.Bead object at 0x000001D6AD370370>	0.0	0	1993	1996	1	True	-3.0		M450	1993
461.72	229.464	9	3284.705	<BeadTracker.Bead object at 0x000001D6AD370790>	0.0	0	1994	1997	1	True	48.0		M450	1994
461.764	229.416	9	3275.158	<BeadTracker.Bead object at 0x000001D6AD370BB0>	0.0	0	1995	1998	1	True	48.0		M450	1995
461.807	229.503	9	3264.671	<BeadTracker.Bead object at 0x000001D6AD370FD0>	0.0	0	1996	1999	1	True	-3.0		M450	1996
461.682	229.564	9	3287.302	<BeadTracker.Bead object at 0x000001D6AD378430>	0.0	0	1997	2000	1	True	-23.0		M450	1997
461.662	229.564	9	3271.903	<BeadTracker.Bead object at 0x000001D6AD378850>	0.0	0	1998	2001	1	True	16.0		M450	1998
461.614	229.439	9	3264.981	<BeadTracker.Bead object at 0x000001D6AD378C70>	0.0	0	1999	2002	1	True	48.0		M450	1999
461.688	229.409	9	3298.653	<BeadTracker.Bead object at 0x000001D6AD378FD0>	0.0	0	2000	2003	1	True	48.0		M450	2000
461.668	229.475	9	3283.102	<BeadTracker.Bead object at 0x000001D6AD3804F0>	0.0	0	2001	2004	1	True	48.0		M450	2001
461.603	229.52	9	3271.429	<BeadTracker.Bead object at 0x000001D6AD380910>	0.0	0	2002	2005	1	True	-2.0		M450	2002
461.818	229.328	9	3314.17	<BeadTracker.Bead object at 0x000001D6AD380D30>	0.0	0	2003	2006	1	True	38.0		M450	2003
461.86	229.063	9	3339.077	<BeadTracker.Bead object at 0x000001D6AD386190>	0.0	0	2004	2007	1	True	4.0		M450	2004
461.65	229.539	9	3296.286	<BeadTracker.Bead object at 0x000001D6AD3865B0>	0.0	0	2005	2008	1	True	-35.0		M450	2005
461.537	229.766	9	3264.652	<BeadTracker.Bead object at 0x000001D6AD3869D0>	0.0	0	2006	2009	1	True	16.0		M450	2006
461.783	229.565	9	3267.82	<BeadTracker.Bead object at 0x000001D6AD386DF0>	0.0	0	2007	2010	1	True	-35.0		M450	2007
461.588	229.489	9	3284.517	<BeadTracker.Bead object at 0x000001D6AD38E250>	0.0	0	2008	2011	1	True	25.0		M450	2008
461.704	229.314	9	3315.202	<BeadTracker.Bead object at 0x000001D6AD38E670>	0.0	0	2009	2012	1	True	25.0		M450	2009
461.865	229.408	9	3287.637	<BeadTracker.Bead object at 0x000001D6AD38EA90>	0.0	0	2010	2013	1	True	48.0		M450	2010
461.692	229.51	9	3260.767	<BeadTracker.Bead object at 0x000001D6AD38EEB0>	0.0	0	2011	2014	1	True	-2.0		M450	2011
461.722	229.506	9	3262.082	<BeadTracker.Bead object at 0x000001D6AD397310>	0.0	0	2012	2015	1	True	-35.0		M450	2012
461.88	229.361	9	3294.657	<BeadTracker.Bead object at 0x000001D6AD397730>	0.0	0	2013	2016	1	True	25.0		M450	2013
461.711	229.209	9	3284.729	<BeadTracker.Bead object at 0x000001D6AD397B50>	0.0	0	2014	2017	1	True	25.0		M450	2014
461.847	229.241	9	3284.776	<BeadTracker.Bead object at 0x000001D6AD397F70>	0.0	0	2015	2018	1	True	25.0		M450	2015
461.774	229.219	9	3287.598	<BeadTracker.Bead object at 0x000001D6AD39F3D0>	0.0	0	2016	2019	1	True	24.0		M450	2016
461.74	229.107	9	3287.16	<BeadTracker.Bead object at 0x000001D6AD39F7F0>	0.0	0	2017	2020	1	True	22.0		M450	2017
461.714	229.047	9	3281.331	<BeadTracker.Bead object at 0x000001D6AD39FC10>	0.0	0	2018	2021	1	True	20.0		M450	2018
461.744	228.874	9	3270.106	<BeadTracker.Bead object at 0x000001D6AD39FF70>	0.0	0	2019	2022	1	True	17.0		M450	2019
461.744	228.801	9	3248.269	<BeadTracker.Bead object at 0x000001D6AD3A5490>	0.0	0	2020	2023	1	True	17.0		M450	2020
461.861	228.67	9	3231.099	<BeadTracker.Bead object at 0x000001D6AD3A58B0>	0.0	0	2021	2024	1	True	16.0		M450	2021
461.816	228.573	9	3251.519	<BeadTracker.Bead object at 0x000001D6AD3A5CD0>	0.0	0	2022	2025	1	True	16.0		M450	2022
461.861	228.354	9	3255.383	<BeadTracker.Bead object at 0x000001D6AD3AF130>	0.0	0	2023	2026	1	True	48.0		M450	2023
461.821	228.244	9	3223.802	<BeadTracker.Bead object at 0x000001D6AD3AF550>	0.0	0	2024	2027	1	True	48.0		M450	2024
461.907	228.16	9	3240.563	<BeadTracker.Bead object at 0x000001D6AD3AF970>	0.0	0	2025	2028	1	True	40.0		M450	2025
461.91	227.997	9	3195.284	<BeadTracker.Bead object at 0x000001D6AD3AFD90>	0.0	0	2026	2029	1	True	31.0		M450	2026
461.98	227.834	9	3174.169	<BeadTracker.Bead object at 0x000001D6AD3B61F0>	0.0	0	2027	2030	1	True	17.0		M450	2027
461.967	227.573	9	3156.378	<BeadTracker.Bead object at 0x000001D6AD3B6610>	0.0	0	2028	2031	1	True	16.0		M450	2028
462.009	227.289	9	3134.243	<BeadTracker.Bead object at 0x000001D6AD3B6A30>	0.0	0	2029	2032	1	True	60.0		M450	2029
462.078	227.144	9	3045.105	<BeadTracker.Bead object at 0x000001D6AD3B6E50>	0.0	0	2030	2033	1	True	54.0		M450	2030
462.202	226.957	9	2999.154	<BeadTracker.Bead object at 0x000001D6AD3BE2B0>	0.0	0	2031	2034	1	True	53.0		M450	2031
462.119	226.68	9	2921.806	<BeadTracker.Bead object at 0x000001D6AD3BE6D0>	0.0	0	2032	2035	1	True	41.0		M450	2032
462.278	226.506	9	2896.358	<BeadTracker.Bead object at 0x000001D6AD3BEAF0>	0.0	0	2033	2036	1	True	31.0		M450	2033
462.412	226.247	9	2741.678	<BeadTracker.Bead object at 0x000001D6AD3BEF10>	0.0	0	2034	2037	1	True	78.0		M450	2034
462.52	226.111	9	2657.128	<BeadTracker.Bead object at 0x000001D6AD3C6370>	0.0	0	2035	2038	1	True	91.0		M450	2035
462.518	225.793	9	2472.816	<BeadTracker.Bead object at 0x000001D6AD3C6790>	0.0	0	2036	2039	1	True	106.0		M450	2036
462.71	225.416	9	2392.149	<BeadTracker.Bead object at 0x000001D6AD3C6BB0>	0.0	0	2037	2040	1	True	104.0		M450	2037
462.972	225.395	9	2198.497	<BeadTracker.Bead object at 0x000001D6AD3C6FD0>	0.0	0	2038	2041	1	True	115.0		M450	2038
463.438	225.272	9	2041.403	<BeadTracker.Bead object at 0x000001D6AD3CF430>	0.0	0	2039	2042	1	True	122.0		M450	2039
463.979	225.067	9	1790.955	<BeadTracker.Bead object at 0x000001D6AD3CF850>	0.0	0	2040	2043	1	True	141.0		M450	2040
464.671	224.733	9	1600.973	<BeadTracker.Bead object at 0x000001D6AD3CFC70>	0.0	0	2041	2044	1	True	153.0		M450	2041
465.475	224.712	9	1360.954	<BeadTracker.Bead object at 0x000001D6AD3CFFD0>	0.0	0	2042	2045	1	True	171.0		M450	2042
466.47	224.571	9	1207.387	<BeadTracker.Bead object at 0x000001D6AD3D54F0>	0.0	0	2043	2046	1	True	185.0		M450	2043
467.761	224.436	9	1036.927	<BeadTracker.Bead object at 0x000001D6AD3D5910>	0.0	0	2044	2047	1	True	213.0		M450	2044
470.268	224.129	9	815.278	<BeadTracker.Bead object at 0x000001D6AD3D5D30>	0.0	0	2045	2048	1	True	244.0		M450	2045
470.996	222.913	9	953.969	<BeadTracker.Bead object at 0x000001D6AD3DDE80>	0.0	0	2060	2063	1	True	230.0		M450	2060
470.2	222.962	9	1079.665	<BeadTracker.Bead object at 0x000001D6AD3E82E0>	0.0	0	2061	2064	1	True	208.0		M450	2061
469.258	223.1	9	1152.015	<BeadTracker.Bead object at 0x000001D6AD3E8700>	0.0	0	2062	2065	1	True	199.0		M450	2062
468.347	223.188	9	1263.105	<BeadTracker.Bead object at 0x000001D6AD3E8B20>	0.0	0	2063	2066	1	True	184.0		M450	2063
467.824	223.22	9	1344.994	<BeadTracker.Bead object at 0x000001D6AD3E8F40>	0.0	0	2064	2067	1	True	173.0		M450	2064
467.37	223.234	9	1489.867	<BeadTracker.Bead object at 0x000001D6AD3EE3A0>	0.0	0	2065	2068	1	True	162.0		M450	2065
466.652	223.406	9	1644.891	<BeadTracker.Bead object at 0x000001D6AD3EE7C0>	0.0	0	2066	2069	1	True	152.0		M450	2066
466.255	223.441	9	1783.274	<BeadTracker.Bead object at 0x000001D6AD3EEBE0>	0.0	0	2067	2070	1	True	142.0		M450	2067
465.769	223.481	9	1865.126	<BeadTracker.Bead object at 0x000001D6AD3EEF40>	0.0	0	2068	2071	1	True	136.0		M450	2068
465.478	223.645	9	2013.975	<BeadTracker.Bead object at 0x000001D6AD3F8460>	0.0	0	2069	2072	1	True	126.0		M450	2069
465.084	223.573	9	2099.755	<BeadTracker.Bead object at 0x000001D6AD3F8880>	0.0	0	2070	2073	1	True	123.0		M450	2070
465.026	223.546	9	2252.186	<BeadTracker.Bead object at 0x000001D6AD3F8CA0>	0.0	0	2071	2074	1	True	112.0		M450	2071
464.588	223.748	9	2331.323	<BeadTracker.Bead object at 0x000001D6AD3FF100>	0.0	0	2072	2075	1	True	111.0		M450	2072
464.409	223.811	9	2385.523	<BeadTracker.Bead object at 0x000001D6AD3FF520>	0.0	0	2073	2076	1	True	106.0		M450	2073
464.255	223.877	9	2457.273	<BeadTracker.Bead object at 0x000001D6AD3FF940>	0.0	0	2074	2077	1	True	101.0		M450	2074
464.167	223.899	9	2589.5	<BeadTracker.Bead object at 0x000001D6AD3FFD60>	0.0	0	2075	2078	1	True	91.0		M450	2075
464.104	224.09	9	2632.277	<BeadTracker.Bead object at 0x000001D6AD4081C0>	0.0	0	2076	2079	1	True	91.0		M450	2076
463.933	224.012	9	2690.965	<BeadTracker.Bead object at 0x000001D6AD4085E0>	0.0	0	2077	2080	1	True	89.0		M450	2077
463.843	224.093	9	2768.864	<BeadTracker.Bead object at 0x000001D6AD408A00>	0.0	0	2078	2081	1	True	79.0		M450	2078
463.886	224.07	9	2843.874	<BeadTracker.Bead object at 0x000001D6AD408E20>	0.0	0	2079	2082	1	True	76.0		M450	2079
463.782	224.113	9	2881.581	<BeadTracker.Bead object at 0x000001D6AD40F280>	0.0	0	2080	2083	1	True	77.0		M450	2080
463.731	224.264	9	2922.887	<BeadTracker.Bead object at 0x000001D6AD40F6A0>	0.0	0	2081	2084	1	True	74.0		M450	2081
463.47	224.278	9	2943.666	<BeadTracker.Bead object at 0x000001D6AD40FAC0>	0.0	0	2082	2085	1	True	69.0		M450	2082
463.468	224.252	9	2965.17	<BeadTracker.Bead object at 0x000001D6AD40FEE0>	0.0	0	2083	2086	1	True	62.0		M450	2083
463.47	224.263	9	2966.681	<BeadTracker.Bead object at 0x000001D6AD418340>	0.0	0	2084	2087	1	True	63.0		M450	2084
463.489	224.31	9	3034.428	<BeadTracker.Bead object at 0x000001D6AD418760>	0.0	0	2085	2088	1	True	61.0		M450	2085
463.437	224.329	9	3007.156	<BeadTracker.Bead object at 0x000001D6AD418B80>	0.0	0	2086	2089	1	True	61.0		M450	2086
463.405	224.328	9	3043.987	<BeadTracker.Bead object at 0x000001D6AD418FA0>	0.0	0	2087	2090	1	True	60.0		M450	2087
463.332	224.368	9	3023.373	<BeadTracker.Bead object at 0x000001D6AD41E400>	0.0	0	2088	2091	1	True	61.0		M450	2088
463.342	224.349	9	3087.28	<BeadTracker.Bead object at 0x000001D6AD41E820>	0.0	0	2089	2092	1	True	60.0		M450	2089
463.296	224.494	9	3053.981	<BeadTracker.Bead object at 0x000001D6AD41EC40>	0.0	0	2090	2093	1	True	60.0		M450	2090
463.247	224.469	9	3087.906	<BeadTracker.Bead object at 0x000001D6AD41EFA0>	0.0	0	2091	2094	1	True	60.0		M450	2091
463.183	224.366	9	3067.131	<BeadTracker.Bead object at 0x000001D6AD4254C0>	0.0	0	2092	2095	1	True	60.0		M450	2092
463.238	224.34	9	3106.845	<BeadTracker.Bead object at 0x000001D6AD4258E0>	0.0	0	2093	2096	1	True	60.0		M450	2093
463.209	224.538	9	3092.233	<BeadTracker.Bead object at 0x000001D6AD425D00>	0.0	0	2094	2097	1	True	16.0		M450	2094
463.227	224.536	9	3095.83	<BeadTracker.Bead object at 0x000001D6AD42C160>	0.0	0	2095	2098	1	True	16.0		M450	2095
463.135	224.611	9	3109.04	<BeadTracker.Bead object at 0x000001D6AD42C580>	0.0	0	2096	2099	1	True	16.0		M450	2096
463.132	224.488	9	3133.414	<BeadTracker.Bead object at 0x000001D6AD42C9A0>	0.0	0	2097	2100	1	True	60.0		M450	2097
463.108	224.488	9	3125.93	<BeadTracker.Bead object at 0x000001D6AD42CDC0>	0.0	0	2098	2101	1	True	60.0		M450	2098
463.156	224.562	9	3137.32	<BeadTracker.Bead object at 0x000001D6AD435220>	0.0	0	2099	2102	1	True	16.0		M450	2099
462.984	224.568	9	3147.5	<BeadTracker.Bead object at 0x000001D6AD435640>	0.0	0	2100	2103	1	True	16.0		M450	2100
462.981	224.542	9	3160.273	<BeadTracker.Bead object at 0x000001D6AD435A60>	0.0	0	2101	2104	1	True	16.0		M450	2101
462.998	224.599	9	3135.791	<BeadTracker.Bead object at 0x000001D6AD435E80>	0.0	0	2102	2105	1	True	16.0		M450	2102
463.017	224.558	9	3125.444	<BeadTracker.Bead object at 0x000001D6AD43E2E0>	0.0	0	2103	2106	1	True	16.0		M450	2103
462.984	224.725	9	3171.549	<BeadTracker.Bead object at 0x000001D6AD43E700>	0.0	0	2104	2107	1	True	17.0		M450	2104
463.035	224.734	9	3135.255	<BeadTracker.Bead object at 0x000001D6AD43EB20>	0.0	0	2105	2108	1	True	30.0		M450	2105
462.965	224.561	9	3132.447	<BeadTracker.Bead object at 0x000001D6AD43EF40>	0.0	0	2106	2109	1	True	16.0		M450	2106
462.995	224.497	9	3169.577	<BeadTracker.Bead object at 0x000001D6AD4453A0>	0.0	0	2107	2110	1	True	60.0		M450	2107
463.117	224.656	9	3157.124	<BeadTracker.Bead object at 0x000001D6AD4457C0>	0.0	0	2108	2111	1	True	16.0		M450	2108
463.106	224.686	9	3176.768	<BeadTracker.Bead object at 0x000001D6AD445BE0>	0.0	0	2109	2112	1	True	16.0		M450	2109
463.115	224.778	9	3158.886	<BeadTracker.Bead object at 0x000001D6AD445F40>	0.0	0	2110	2113	1	True	17.0		M450	2110
463.183	224.696	9	3139.695	<BeadTracker.Bead object at 0x000001D6AD44D460>	0.0	0	2111	2114	1	True	17.0		M450	2111
463.048	224.673	9	3199.611	<BeadTracker.Bead object at 0x000001D6AD44D880>	0.0	0	2112	2115	1	True	16.0		M450	2112
463.08	224.739	9	3191.827	<BeadTracker.Bead object at 0x000001D6AD44DCA0>	0.0	0	2113	2116	1	True	16.0		M450	2113
463.102	224.728	9	3175.496	<BeadTracker.Bead object at 0x000001D6AD455100>	0.0	0	2114	2117	1	True	16.0		M450	2114
462.747	224.211	0	2677.12	<BeadTracker.Bead object at 0x000001D6AD455940>	2.0	92	2116	2119	1	True	-34.0		M450	2116
462.453	223.515	0	2576.049	<BeadTracker.Bead object at 0x000001D6AD45B5E0>	2.0	93	2119	2122	1	True	26.0		M450	2119
462.208	222.582	0	2521.955	<BeadTracker.Bead object at 0x000001D6AD465280>	2.0	94	2122	2125	1	True	32.0		M450	2122
462.55	221.991	0	2499.686	<BeadTracker.Bead object at 0x000001D6AD465EE0>	2.0	95	2125	2128	1	True	34.0		M450	2125
462.198	221.175	0	2451.927	<BeadTracker.Bead object at 0x000001D6AD46DB80>	2.0	96	2128	2131	1	True	35.0		M450	2128
461.975	220.218	0	2411.895	<BeadTracker.Bead object at 0x000001D6AD475820>	2.0	97	2131	2134	1	True	32.0		M450	2131
462.09	220.473	0	1811.212	<BeadTracker.Bead object at 0x000001D6AD475FA0>	1.0	98	2133	2136	1	True	20.0		M450	2133
360.548	208.423	0	2140.064	<BeadTracker.Bead object at 0x000001D6AD47B430>	1.0	99	2135	2139	2	True	-39.0		M450	2135
360.513	207.878	0	2169.224	<BeadTracker.Bead object at 0x000001D6AD485130>	1.0	100	2138	2142	2	True	-94.0		M450	2138
360.4	207.552	0	2190.019	<BeadTracker.Bead object at 0x000001D6AD485E20>	1.0	101	2141	2145	2	True	-108.0		M450	2141
360.402	207.252	0	2234.881	<BeadTracker.Bead object at 0x000001D6AD48BB20>	1.0	102	2144	2148	2	True	-88.0		M450	2144
360.161	206.875	0	2227.68	<BeadTracker.Bead object at 0x000001D6AD493850>	1.0	103	2147	2151	2	True	-90.0		M450	2147
360.314	206.522	0	2270.012	<BeadTracker.Bead object at 0x000001D6AD49B580>	1.0	104	2150	2154	2	True	-109.0		M450	2150
359.705	206.943	0	2356.896	<BeadTracker.Bead object at 0x000001D6AD4A22B0>	1.0	105	2153	2157	2	True	-152.0		M450	2153
359.93	207.34	-8	3359.899	<BeadTracker.Bead object at 0x000001D6AD4A26D0>	0.1	0	2154	2158	1	True	-92.0		M450	2154
359.432	207.254	-8	2973.35	<BeadTracker.Bead object at 0x000001D6AD4A2B20>	0.1	0	2155	2159	2	True	-50.0		M450	2155
359.699	207.048	-8	2509.61	<BeadTracker.Bead object at 0x000001D6AD4A2F70>	0.1	0	2156	2160	2	True	-109.0		M450	2156
359.646	206.926	-8	2401.116	<BeadTracker.Bead object at 0x000001D6AD4AB400>	0.1	0	2157	2161	2	True	-113.0		M450	2157
359.68	206.77	-8	2326.076	<BeadTracker.Bead object at 0x000001D6AD4AB850>	0.1	0	2158	2162	2	True	-123.0		M450	2158
359.553	206.995	-8	2395.804	<BeadTracker.Bead object at 0x000001D6AD4ABCA0>	0.1	0	2159	2163	2	True	-115.0		M450	2159
359.591	207.047	-8	2370.511	<BeadTracker.Bead object at 0x000001D6AD4B2130>	0.1	0	2160	2164	2	True	-122.0		M450	2160
359.745	206.939	-8	2384.633	<BeadTracker.Bead object at 0x000001D6AD4B2580>	0.1	0	2161	2165	2	True	-113.0		M450	2161
359.78	206.863	-8	2378.748	<BeadTracker.Bead object at 0x000001D6AD4B29D0>	0.1	0	2162	2166	2	True	-113.0		M450	2162
359.562	207.074	-8	2395.095	<BeadTracker.Bead object at 0x000001D6AD4B2E20>	0.1	0	2163	2167	2	True	-119.0		M450	2163
359.598	207.195	-8	2395.682	<BeadTracker.Bead object at 0x000001D6AD4BB2B0>	0.1	0	2164	2168	2	True	-117.0		M450	2164
359.565	207.09	-8	2431.03	<BeadTracker.Bead object at 0x000001D6AD4BB700>	0.1	0	2165	2169	2	True	-117.0		M450	2165
359.786	207.019	-8	2389.104	<BeadTracker.Bead object at 0x000001D6AD4BBB50>	0.1	0	2166	2170	2	True	-118.0		M450	2166
359.765	207.166	-8	2423.334	<BeadTracker.Bead object at 0x000001D6AD4BBFA0>	0.1	0	2167	2171	2	True	-117.0		M450	2167
359.719	207.297	-8	2387.408	<BeadTracker.Bead object at 0x000001D6AD4C2430>	0.1	0	2168	2172	2	True	-118.0		M450	2168
359.7	207.304	-8	2399.538	<BeadTracker.Bead object at 0x000001D6AD4C2880>	0.1	0	2169	2173	2	True	-118.0		M450	2169
359.702	207.203	-8	2413.353	<BeadTracker.Bead object at 0x000001D6AD4C2CD0>	0.1	0	2170	2174	2	True	-117.0		M450	2170
359.727	207.332	-8	2401.742	<BeadTracker.Bead object at 0x000001D6AD4CA160>	0.1	0	2171	2175	2	True	-105.0		M450	2171
359.909	207.324	-8	2401.915	<BeadTracker.Bead object at 0x000001D6AD4CA5B0>	0.1	0	2172	2176	2	True	-118.0		M450	2172
359.67	207.093	-8	2389.305	<BeadTracker.Bead object at 0x000001D6AD4CAA00>	0.1	0	2173	2177	2	True	-117.0		M450	2173
359.742	207.346	-8	2343.832	<BeadTracker.Bead object at 0x000001D6AD4CAE50>	0.1	0	2174	2178	2	True	-118.0		M450	2174
359.706	207.352	-8	2392.654	<BeadTracker.Bead object at 0x000001D6AD4D22E0>	0.1	0	2175	2179	2	True	-105.0		M450	2175
359.825	207.259	-8	2342.899	<BeadTracker.Bead object at 0x000001D6AD4D2730>	0.1	0	2176	2180	2	True	-121.0		M450	2176
359.781	207.152	-8	2391.126	<BeadTracker.Bead object at 0x000001D6AD4D2B80>	0.1	0	2177	2181	2	True	-117.0		M450	2177
359.711	207.092	-8	2356.159	<BeadTracker.Bead object at 0x000001D6AD4D2FD0>	0.1	0	2178	2182	2	True	-120.0		M450	2178
359.664	207.305	-8	2356.826	<BeadTracker.Bead object at 0x000001D6AD4DA460>	0.1	0	2179	2183	2	True	-118.0		M450	2179
359.671	207.143	-8	2384.036	<BeadTracker.Bead object at 0x000001D6AD4DA8B0>	0.1	0	2180	2184	2	True	-118.0		M450	2180
359.738	207.071	-8	2380.76	<BeadTracker.Bead object at 0x000001D6AD4DAD00>	0.1	0	2181	2185	2	True	-118.0		M450	2181
359.882	207.127	-8	2359.139	<BeadTracker.Bead object at 0x000001D6AD4E1190>	0.1	0	2182	2186	2	True	-118.0		M450	2182
359.661	207.064	-8	2373.094	<BeadTracker.Bead object at 0x000001D6AD4E15E0>	0.1	0	2183	2187	2	True	-118.0		M450	2183
359.704	207.206	-8	2363.798	<BeadTracker.Bead object at 0x000001D6AD4E1A30>	0.1	0	2184	2188	2	True	-118.0		M450	2184
359.693	207.095	-8	2390.959	<BeadTracker.Bead object at 0x000001D6AD4E1E80>	0.1	0	2185	2189	2	True	-118.0		M450	2185
359.77	207.083	-8	2360.149	<BeadTracker.Bead object at 0x000001D6AD4E8310>	0.1	0	2186	2190	2	True	-118.0		M450	2186
359.689	207.19	-8	2396.58	<BeadTracker.Bead object at 0x000001D6AD4E8760>	0.1	0	2187	2191	2	True	-117.0		M450	2187
359.667	207.22	-8	2368.8	<BeadTracker.Bead object at 0x000001D6AD4E8BB0>	0.1	0	2188	2192	2	True	-119.0		M450	2188
359.575	207.257	-8	2377.402	<BeadTracker.Bead object at 0x000001D6AD4E8F10>	0.1	0	2189	2193	2	True	-117.0		M450	2189
359.687	207.333	-8	2351.738	<BeadTracker.Bead object at 0x000001D6AD4F2490>	0.1	0	2190	2194	2	True	-118.0		M450	2190
359.691	207.227	-8	2372.432	<BeadTracker.Bead object at 0x000001D6AD4F28E0>	0.1	0	2191	2195	2	True	-119.0		M450	2191
359.648	207.278	-8	2380.652	<BeadTracker.Bead object at 0x000001D6AD4F2D30>	0.1	0	2192	2196	2	True	-118.0		M450	2192
359.521	207.373	-8	2390.429	<BeadTracker.Bead object at 0x000001D6AD4F91C0>	0.1	0	2193	2197	2	True	-105.0		M450	2193
359.55	207.351	-8	2375.005	<BeadTracker.Bead object at 0x000001D6AD4F9610>	0.1	0	2194	2198	2	True	-118.0		M450	2194
359.552	207.356	-8	2380.891	<BeadTracker.Bead object at 0x000001D6AD4F9A60>	0.1	0	2195	2199	2	True	-118.0		M450	2195
359.68	207.433	-8	2372.338	<BeadTracker.Bead object at 0x000001D6AD4F9EB0>	0.1	0	2196	2200	2	True	-119.0		M450	2196
359.586	207.42	-8	2379.877	<BeadTracker.Bead object at 0x000001D6AD500340>	0.1	0	2197	2201	2	True	-105.0		M450	2197
359.629	207.397	-8	2366.69	<BeadTracker.Bead object at 0x000001D6AD500790>	0.1	0	2198	2202	2	True	-118.0		M450	2198
359.62	207.298	-8	2352.245	<BeadTracker.Bead object at 0x000001D6AD500BE0>	0.1	0	2199	2203	2	True	-118.0		M450	2199
359.681	207.31	-8	2318.296	<BeadTracker.Bead object at 0x000001D6AD508070>	0.1	0	2200	2204	2	True	-130.0		M450	2200
359.606	207.234	-8	2314.452	<BeadTracker.Bead object at 0x000001D6AD5084C0>	0.1	0	2201	2205	2	True	-119.0		M450	2201
359.597	207.308	-8	2337.586	<BeadTracker.Bead object at 0x000001D6AD508910>	0.1	0	2202	2206	2	True	-120.0		M450	2202
359.561	207.354	-8	2357.461	<BeadTracker.Bead object at 0x000001D6AD508D60>	0.1	0	2203	2207	2	True	-118.0		M450	2203
359.686	207.43	-8	2339.186	<BeadTracker.Bead object at 0x000001D6AD50F1F0>	0.1	0	2204	2208	2	True	-129.0		M450	2204
359.652	207.415	-8	2346.116	<BeadTracker.Bead object at 0x000001D6AD50F640>	0.1	0	2205	2209	2	True	-119.0		M450	2205
359.701	207.305	-8	2354.992	<BeadTracker.Bead object at 0x000001D6AD50FA90>	0.1	0	2206	2210	2	True	-119.0		M450	2206
359.558	207.329	-8	2328.452	<BeadTracker.Bead object at 0x000001D6AD50FEE0>	0.1	0	2207	2211	2	True	-119.0		M450	2207
359.567	207.364	-8	2318.559	<BeadTracker.Bead object at 0x000001D6AD518370>	0.1	0	2208	2212	2	True	-129.0		M450	2208
359.522	207.335	-8	2322.393	<BeadTracker.Bead object at 0x000001D6AD5187C0>	0.1	0	2209	2213	2	True	-129.0		M450	2209
359.59	207.319	-8	2285.029	<BeadTracker.Bead object at 0x000001D6AD518C10>	0.1	0	2210	2214	2	True	-130.0		M450	2210
359.53	207.238	-8	2357.698	<BeadTracker.Bead object at 0x000001D6AD51E0A0>	0.1	0	2211	2215	2	True	-128.0		M450	2211
359.554	207.271	-8	2334.07	<BeadTracker.Bead object at 0x000001D6AD51E4F0>	0.1	0	2212	2216	2	True	-121.0		M450	2212
359.529	207.175	-8	2334.925	<BeadTracker.Bead object at 0x000001D6AD51E940>	0.1	0	2213	2217	2	True	-123.0		M450	2213
359.561	207.103	-8	2312.22	<BeadTracker.Bead object at 0x000001D6AD51ED90>	0.1	0	2214	2218	2	True	-127.0		M450	2214
359.489	207.234	-8	2315.408	<BeadTracker.Bead object at 0x000001D6AD527220>	0.1	0	2215	2219	2	True	-119.0		M450	2215
359.474	207.133	-8	2339.608	<BeadTracker.Bead object at 0x000001D6AD527670>	0.1	0	2216	2220	2	True	-118.0		M450	2216
359.358	207.235	-8	2327.235	<BeadTracker.Bead object at 0x000001D6AD527AC0>	0.1	0	2217	2221	2	True	-117.0		M450	2217
359.432	207.235	-8	2353.081	<BeadTracker.Bead object at 0x000001D6AD527F10>	0.1	0	2218	2222	2	True	-117.0		M450	2218
359.403	207.246	-8	2304.21	<BeadTracker.Bead object at 0x000001D6AD52F3A0>	0.1	0	2219	2223	2	True	-120.0		M450	2219
359.464	207.312	-8	2292.551	<BeadTracker.Bead object at 0x000001D6AD52F7F0>	0.1	0	2220	2224	2	True	-121.0		M450	2220
359.329	207.142	-8	2359.533	<BeadTracker.Bead object at 0x000001D6AD52FC40>	0.1	0	2221	2225	2	True	-117.0		M450	2221
359.291	207.108	-8	2354.793	<BeadTracker.Bead object at 0x000001D6AD5370D0>	0.1	0	2222	2226	2	True	-119.0		M450	2222
359.249	207.262	-8	2356.565	<BeadTracker.Bead object at 0x000001D6AD537520>	0.1	0	2223	2227	2	True	-119.0		M450	2223
359.322	207.358	-8	2304.364	<BeadTracker.Bead object at 0x000001D6AD537970>	0.1	0	2224	2228	2	True	-119.0		M450	2224
359.244	207.33	-8	2356.118	<BeadTracker.Bead object at 0x000001D6AD537DC0>	0.1	0	2225	2229	2	True	-117.0		M450	2225
359.379	207.282	-8	2350.708	<BeadTracker.Bead object at 0x000001D6AD53E250>	0.1	0	2226	2230	2	True	-118.0		M450	2226
359.217	207.342	-8	2389.3	<BeadTracker.Bead object at 0x000001D6AD53E6A0>	0.1	0	2227	2231	2	True	-117.0		M450	2227
359.305	207.401	-8	2339.391	<BeadTracker.Bead object at 0x000001D6AD53EAF0>	0.1	0	2228	2232	2	True	-119.0		M450	2228
359.264	207.308	-8	2377.312	<BeadTracker.Bead object at 0x000001D6AD53EF40>	0.1	0	2229	2233	2	True	-117.0		M450	2229
359.421	207.315	-8	2341.606	<BeadTracker.Bead object at 0x000001D6AD5463D0>	0.1	0	2230	2234	2	True	-118.0		M450	2230
359.266	207.179	-8	2373.423	<BeadTracker.Bead object at 0x000001D6AD546820>	0.1	0	2231	2235	2	True	-118.0		M450	2231
359.401	207.135	-8	2295.42	<BeadTracker.Bead object at 0x000001D6AD546C70>	0.1	0	2232	2236	2	True	-122.0		M450	2232
359.322	207.086	-8	2301.024	<BeadTracker.Bead object at 0x000001D6AD54D100>	0.1	0	2233	2237	2	True	-123.0		M450	2233
359.473	207.273	-8	2284.056	<BeadTracker.Bead object at 0x000001D6AD54D550>	0.1	0	2234	2238	2	True	-123.0		M450	2234
359.401	207.29	-8	2308.466	<BeadTracker.Bead object at 0x000001D6AD54D9A0>	0.1	0	2235	2239	2	True	-120.0		M450	2235
359.368	207.338	-8	2279.828	<BeadTracker.Bead object at 0x000001D6AD54DDF0>	0.1	0	2236	2240	2	True	-122.0		M450	2236
359.283	207.314	-8	2319.224	<BeadTracker.Bead object at 0x000001D6AD554280>	0.1	0	2237	2241	2	True	-118.0		M450	2237
359.393	207.383	-8	2321.632	<BeadTracker.Bead object at 0x000001D6AD5546D0>	0.1	0	2238	2242	2	True	-121.0		M450	2238
359.313	207.338	-8	2316.982	<BeadTracker.Bead object at 0x000001D6AD554B20>	0.1	0	2239	2243	2	True	-118.0		M450	2239
359.446	207.105	-8	2313.885	<BeadTracker.Bead object at 0x000001D6AD554F70>	0.1	0	2240	2244	2	True	-122.0		M450	2240
359.322	207.098	-8	2339.561	<BeadTracker.Bead object at 0x000001D6AD55E400>	0.1	0	2241	2245	2	True	-119.0		M450	2241
359.319	207.138	-8	2345.662	<BeadTracker.Bead object at 0x000001D6AD55E850>	0.1	0	2242	2246	2	True	-118.0		M450	2242
359.175	207.297	-8	2317.21	<BeadTracker.Bead object at 0x000001D6AD55ECA0>	0.1	0	2243	2247	2	True	-119.0		M450	2243
359.332	207.236	-8	2345.01	<BeadTracker.Bead object at 0x000001D6AD566130>	0.1	0	2244	2248	2	True	-119.0		M450	2244
359.235	207.169	-8	2348.049	<BeadTracker.Bead object at 0x000001D6AD566580>	0.1	0	2245	2249	2	True	-119.0		M450	2245
359.238	207.072	-8	2366.278	<BeadTracker.Bead object at 0x000001D6AD5669D0>	0.1	0	2246	2250	2	True	-116.0		M450	2246
359.16	207.137	-8	2338.468	<BeadTracker.Bead object at 0x000001D6AD566E20>	0.1	0	2247	2251	2	True	-119.0		M450	2247
359.244	207.157	-8	2362.801	<BeadTracker.Bead object at 0x000001D6AD56D2B0>	0.1	0	2248	2252	2	True	-119.0		M450	2248
359.194	207.194	-8	2336.856	<BeadTracker.Bead object at 0x000001D6AD56D700>	0.1	0	2249	2253	2	True	-120.0		M450	2249
359.247	207.156	-8	2375.83	<BeadTracker.Bead object at 0x000001D6AD56DB50>	0.1	0	2250	2254	2	True	-118.0		M450	2250
359.067	207.198	-8	2368.883	<BeadTracker.Bead object at 0x000001D6AD56DFA0>	0.1	0	2251	2255	2	True	-117.0		M450	2251
359.122	207.252	-8	2321.622	<BeadTracker.Bead object at 0x000001D6AD574430>	0.1	0	2252	2256	2	True	-121.0		M450	2252
359.037	207.259	-8	2354.286	<BeadTracker.Bead object at 0x000001D6AD574880>	0.1	0	2253	2257	2	True	-119.0		M450	2253
359.122	207.344	-8	2362.933	<BeadTracker.Bead object at 0x000001D6AD574CD0>	0.1	0	2254	2258	2	True	-118.0		M450	2254
359.084	207.368	-8	2380.192	<BeadTracker.Bead object at 0x000001D6AD57D160>	0.1	0	2255	2259	2	True	-118.0		M450	2255
359.081	207.332	-8	2349.119	<BeadTracker.Bead object at 0x000001D6AD57D5B0>	0.1	0	2256	2260	2	True	-118.0		M450	2256
359.07	207.322	-8	2369.823	<BeadTracker.Bead object at 0x000001D6AD57DA00>	0.1	0	2257	2261	2	True	-118.0		M450	2257
359.208	207.354	-8	2323.244	<BeadTracker.Bead object at 0x000001D6AD57DE50>	0.1	0	2258	2262	2	True	-118.0		M450	2258
359.32	207.377	-8	2311.29	<BeadTracker.Bead object at 0x000001D6AD5852E0>	0.1	0	2259	2263	2	True	-119.0		M450	2259
359.398	207.224	-8	2285.625	<BeadTracker.Bead object at 0x000001D6AD585730>	0.1	0	2260	2264	2	True	-118.0		M450	2260
359.32	207.292	-8	2312.455	<BeadTracker.Bead object at 0x000001D6AD585B80>	0.1	0	2261	2265	2	True	-119.0		M450	2261
359.444	207.336	-8	2274.52	<BeadTracker.Bead object at 0x000001D6AD585FD0>	0.1	0	2262	2266	2	True	-121.0		M450	2262
359.439	207.237	-8	2332.289	<BeadTracker.Bead object at 0x000001D6AD58D460>	0.1	0	2263	2267	2	True	-118.0		M450	2263
359.608	207.265	-8	2281.697	<BeadTracker.Bead object at 0x000001D6AD58D8B0>	0.1	0	2264	2268	2	True	-131.0		M450	2264
359.585	207.064	-8	2319.7	<BeadTracker.Bead object at 0x000001D6AD58DD00>	0.1	0	2265	2269	2	True	-124.0		M450	2265
359.542	207.021	-8	2250.554	<BeadTracker.Bead object at 0x000001D6AD594190>	0.1	0	2266	2270	2	True	-136.0		M450	2266
359.574	207.114	-8	2279.267	<BeadTracker.Bead object at 0x000001D6AD5945E0>	0.1	0	2267	2271	2	True	-131.0		M450	2267
359.599	207.052	-8	2278.495	<BeadTracker.Bead object at 0x000001D6AD594A30>	0.1	0	2268	2272	2	True	-127.0		M450	2268
359.634	206.989	-8	2273.364	<BeadTracker.Bead object at 0x000001D6AD594E80>	0.1	0	2269	2273	2	True	-133.0		M450	2269
359.668	206.969	-8	2240.257	<BeadTracker.Bead object at 0x000001D6AD59A310>	0.1	0	2270	2274	2	True	-139.0		M450	2270
359.565	207.075	-8	2247.148	<BeadTracker.Bead object at 0x000001D6AD59A760>	0.1	0	2271	2275	2	True	-132.0		M450	2271
359.554	207.122	-8	2240.049	<BeadTracker.Bead object at 0x000001D6AD59ABB0>	0.1	0	2272	2276	2	True	-133.0		M450	2272
359.486	207.054	-8	2270.815	<BeadTracker.Bead object at 0x000001D6AD59AF10>	0.1	0	2273	2277	2	True	-126.0		M450	2273
359.564	206.979	-8	2296.712	<BeadTracker.Bead object at 0x000001D6AD5A3490>	0.1	0	2274	2278	2	True	-125.0		M450	2274
359.492	207.05	-8	2282.73	<BeadTracker.Bead object at 0x000001D6AD5A38E0>	0.1	0	2275	2279	2	True	-126.0		M450	2275
359.488	207.223	-8	2266.834	<BeadTracker.Bead object at 0x000001D6AD5A3D30>	0.1	0	2276	2280	2	True	-123.0		M450	2276
359.35	207.169	-8	2305.062	<BeadTracker.Bead object at 0x000001D6AD5AA1C0>	0.1	0	2277	2281	2	True	-122.0		M450	2277
359.478	207.232	-8	2283.931	<BeadTracker.Bead object at 0x000001D6AD5AA610>	0.1	0	2278	2282	2	True	-122.0		M450	2278
359.425	207.133	-8	2273.485	<BeadTracker.Bead object at 0x000001D6AD5AAA60>	0.1	0	2279	2283	2	True	-125.0		M450	2279
359.457	207.165	-8	2261.272	<BeadTracker.Bead object at 0x000001D6AD5AAEB0>	0.1	0	2280	2284	2	True	-125.0		M450	2280
359.366	207.267	-8	2295.692	<BeadTracker.Bead object at 0x000001D6AD5B4340>	0.1	0	2281	2285	2	True	-120.0		M450	2281
359.353	207.269	-8	2322.253	<BeadTracker.Bead object at 0x000001D6AD5B4790>	0.1	0	2282	2286	2	True	-121.0		M450	2282
359.39	207.21	-8	2300.758	<BeadTracker.Bead object at 0x000001D6AD5B4BE0>	0.1	0	2283	2287	2	True	-118.0		M450	2283
359.442	207.1	-8	2314.919	<BeadTracker.Bead object at 0x000001D6AD5BA070>	0.1	0	2284	2288	2	True	-121.0		M450	2284
359.399	207.141	-8	2307.915	<BeadTracker.Bead object at 0x000001D6AD5BA4C0>	0.1	0	2285	2289	2	True	-122.0		M450	2285
359.425	207.155	-8	2274.007	<BeadTracker.Bead object at 0x000001D6AD5BA910>	0.1	0	2286	2290	2	True	-124.0		M450	2286
359.363	207.132	10	2326.047	<BeadTracker.Bead object at 0x000001D6AD5BAD60>	0.0	0	2287	2291	2	True	-119.0		M450	2287
359.436	207.135	10	2278.534	<BeadTracker.Bead object at 0x000001D6AD5C21F0>	0.0	0	2288	2292	2	True	-127.0		M450	2288
359.353	207.227	10	2314.029	<BeadTracker.Bead object at 0x000001D6AD5C2640>	0.0	0	2289	2293	2	True	-123.0		M450	2289
359.496	207.254	10	2271.705	<BeadTracker.Bead object at 0x000001D6AD5C2A90>	0.0	0	2290	2294	2	True	-121.0		M450	2290
359.379	207.19	10	2306.971	<BeadTracker.Bead object at 0x000001D6AD5C2EE0>	0.0	0	2291	2295	2	True	-121.0		M450	2291
359.459	207.114	10	2286.606	<BeadTracker.Bead object at 0x000001D6AD5CB370>	0.0	0	2292	2296	2	True	-123.0		M450	2292
359.427	207.155	10	2301.563	<BeadTracker.Bead object at 0x000001D6AD5CB7C0>	0.0	0	2293	2297	2	True	-124.0		M450	2293
359.477	207.308	10	2265.574	<BeadTracker.Bead object at 0x000001D6AD5CBC10>	0.0	0	2294	2298	2	True	-122.0		M450	2294
359.326	207.239	10	2289.571	<BeadTracker.Bead object at 0x000001D6AD5D20A0>	0.0	0	2295	2299	2	True	-128.0		M450	2295
359.346	207.283	10	2268.135	<BeadTracker.Bead object at 0x000001D6AD5D24F0>	0.0	0	2296	2300	2	True	-128.0		M450	2296
359.222	207.261	10	2282.774	<BeadTracker.Bead object at 0x000001D6AD5D2940>	0.0	0	2297	2301	2	True	-130.0		M450	2297
359.424	207.3	10	2245.78	<BeadTracker.Bead object at 0x000001D6AD5D2D90>	0.0	0	2298	2302	2	True	-129.0		M450	2298
359.303	207.263	10	2277.009	<BeadTracker.Bead object at 0x000001D6AD5D9220>	0.0	0	2299	2303	2	True	-129.0		M450	2299
359.352	207.369	10	2227.961	<BeadTracker.Bead object at 0x000001D6AD5D9670>	0.0	0	2300	2304	2	True	-130.0		M450	2300
359.28	207.316	10	2281.21	<BeadTracker.Bead object at 0x000001D6AD5D9AC0>	0.0	0	2301	2305	2	True	-119.0		M450	2301
359.385	207.249	10	2255.674	<BeadTracker.Bead object at 0x000001D6AD5D9F10>	0.0	0	2302	2306	2	True	-130.0		M450	2302
359.325	207.271	10	2258.846	<BeadTracker.Bead object at 0x000001D6AD5E03A0>	0.0	0	2303	2307	2	True	-130.0		M450	2303
359.296	207.229	10	2301.027	<BeadTracker.Bead object at 0x000001D6AD5E07F0>	0.0	0	2304	2308	2	True	-123.0		M450	2304
359.218	207.299	10	2319.883	<BeadTracker.Bead object at 0x000001D6AD5E0C40>	0.0	0	2305	2309	2	True	-118.0		M450	2305
359.294	207.158	10	2290.977	<BeadTracker.Bead object at 0x000001D6AD5EB0D0>	0.0	0	2306	2310	2	True	-123.0		M450	2306
359.253	207.08	10	2277.036	<BeadTracker.Bead object at 0x000001D6AD5EB520>	0.0	0	2307	2311	2	True	-126.0		M450	2307
359.478	207.24	10	2228.98	<BeadTracker.Bead object at 0x000001D6AD5EB970>	0.0	0	2308	2312	2	True	-129.0		M450	2308
359.365	207.31	10	2279.899	<BeadTracker.Bead object at 0x000001D6AD5EBDC0>	0.0	0	2309	2313	2	True	-121.0		M450	2309
359.317	207.234	10	2327.444	<BeadTracker.Bead object at 0x000001D6AD5F1250>	0.0	0	2310	2314	2	True	-119.0		M450	2310
359.282	207.173	10	2326.435	<BeadTracker.Bead object at 0x000001D6AD5F16A0>	0.0	0	2311	2315	2	True	-119.0		M450	2311
359.407	207.107	10	2315.586	<BeadTracker.Bead object at 0x000001D6AD5F1AF0>	0.0	0	2312	2316	2	True	-121.0		M450	2312
359.441	207.166	10	2313.404	<BeadTracker.Bead object at 0x000001D6AD5F1F40>	0.0	0	2313	2317	2	True	-118.0		M450	2313
359.419	207.227	10	2300.798	<BeadTracker.Bead object at 0x000001D6AD5F93D0>	0.0	0	2314	2318	2	True	-121.0		M450	2314
359.333	207.057	10	2353.913	<BeadTracker.Bead object at 0x000001D6AD5F9820>	0.0	0	2315	2319	2	True	-118.0		M450	2315
359.422	207.16	10	2341.691	<BeadTracker.Bead object at 0x000001D6AD5F9C70>	0.0	0	2316	2320	2	True	-118.0		M450	2316
359.403	207.17	10	2339.877	<BeadTracker.Bead object at 0x000001D6AD5FF100>	0.0	0	2317	2321	2	True	-117.0		M450	2317
359.506	207.229	10	2312.822	<BeadTracker.Bead object at 0x000001D6AD5FF550>	0.0	0	2318	2322	2	True	-129.0		M450	2318
359.432	207.289	10	2361.608	<BeadTracker.Bead object at 0x000001D6AD5FF9A0>	0.0	0	2319	2323	2	True	-117.0		M450	2319
359.45	207.198	10	2344.537	<BeadTracker.Bead object at 0x000001D6AD5FFDF0>	0.0	0	2320	2324	2	True	-117.0		M450	2320
359.41	207.176	10	2384.999	<BeadTracker.Bead object at 0x000001D6AD607280>	0.0	0	2321	2325	2	True	-116.0		M450	2321
359.509	207.331	10	2351.279	<BeadTracker.Bead object at 0x000001D6AD6076D0>	0.0	0	2322	2326	2	True	-122.0		M450	2322
359.478	207.385	10	2370.793	<BeadTracker.Bead object at 0x000001D6AD607B20>	0.0	0	2323	2327	2	True	-105.0		M450	2323
359.527	207.326	10	2386.964	<BeadTracker.Bead object at 0x000001D6AD607F70>	0.0	0	2324	2328	2	True	-105.0		M450	2324
359.48	207.198	10	2406.91	<BeadTracker.Bead object at 0x000001D6AD60F400>	0.0	0	2325	2329	2	True	-105.0		M450	2325
359.549	207.233	10	2407.974	<BeadTracker.Bead object at 0x000001D6AD60F850>	0.0	0	2326	2330	2	True	-117.0		M450	2326
359.547	207.221	10	2403.132	<BeadTracker.Bead object at 0x000001D6AD60FCA0>	0.0	0	2327	2331	2	True	-117.0		M450	2327
359.614	207.256	10	2444.883	<BeadTracker.Bead object at 0x000001D6AD617130>	0.0	0	2328	2332	2	True	-105.0		M450	2328
359.601	207.14	10	2522.435	<BeadTracker.Bead object at 0x000001D6AD617580>	0.0	0	2329	2333	2	True	-105.0		M450	2329
359.672	206.948	10	2521.95	<BeadTracker.Bead object at 0x000001D6AD6179D0>	0.0	0	2330	2334	2	True	-110.0		M450	2330
359.713	206.859	10	2533.934	<BeadTracker.Bead object at 0x000001D6AD617E20>	0.0	0	2331	2335	2	True	-111.0		M450	2331
359.923	206.883	10	2561.597	<BeadTracker.Bead object at 0x000001D6AD6202B0>	0.0	0	2332	2336	2	True	-110.0		M450	2332
359.851	206.911	10	2605.885	<BeadTracker.Bead object at 0x000001D6AD620700>	0.0	0	2333	2337	2	True	-91.0		M450	2333
359.992	206.712	10	2663.95	<BeadTracker.Bead object at 0x000001D6AD620B50>	0.0	0	2334	2338	2	True	-110.0		M450	2334
360.015	206.56	10	2708.3	<BeadTracker.Bead object at 0x000001D6AD620FA0>	0.0	0	2335	2339	2	True	-110.0		M450	2335
360.219	206.488	10	2724.876	<BeadTracker.Bead object at 0x000001D6AD628430>	0.0	0	2336	2340	2	True	-66.0		M450	2336
360.292	206.475	10	2772.905	<BeadTracker.Bead object at 0x000001D6AD628880>	0.0	0	2337	2341	2	True	-66.0		M450	2337
360.424	206.349	10	2843.447	<BeadTracker.Bead object at 0x000001D6AD628CD0>	0.0	0	2338	2342	2	True	-65.0		M450	2338
360.564	206.219	10	2933.547	<BeadTracker.Bead object at 0x000001D6AD62F160>	0.0	0	2339	2343	2	True	-65.0		M450	2339
360.743	206.151	10	2973.44	<BeadTracker.Bead object at 0x000001D6AD62F5B0>	0.0	0	2340	2344	2	True	-50.0		M450	2340
360.945	206.077	10	3072.051	<BeadTracker.Bead object at 0x000001D6AD62FA00>	0.0	0	2341	2345	2	True	-48.0		M450	2341
361.332	206.011	10	3144.812	<BeadTracker.Bead object at 0x000001D6AD62FE50>	0.0	0	2342	2346	2	True	-36.0		M450	2342
361.562	205.881	10	3199.666	<BeadTracker.Bead object at 0x000001D6AD6372E0>	0.0	0	2343	2347	2	True	-35.0		M450	2343
362.066	205.827	10	3287.163	<BeadTracker.Bead object at 0x000001D6AD637730>	0.0	0	2344	2348	2	True	-22.0		M450	2344
362.462	205.896	10	3311.246	<BeadTracker.Bead object at 0x000001D6AD637B80>	0.0	0	2345	2349	2	True	-22.0		M450	2345
363.361	205.99	10	3348.019	<BeadTracker.Bead object at 0x000001D6AD637FA0>	0.0	0	2346	2350	1	True	-5.0		M450	2346
364.138	205.914	10	3317.416	<BeadTracker.Bead object at 0x000001D6AD63E430>	0.0	0	2347	2351	2	True	17.0		M450	2347
365.171	205.872	10	3149.788	<BeadTracker.Bead object at 0x000001D6AD63E850>	0.0	0	2348	2352	1	True	31.0		M450	2348
366.306	205.952	10	2838.932	<BeadTracker.Bead object at 0x000001D6AD63EC70>	0.0	0	2349	2353	1	True	75.0		M450	2349
368.039	206.199	10	2313.273	<BeadTracker.Bead object at 0x000001D6AD63EFD0>	0.0	0	2350	2354	1	True	108.0		M450	2350
370.884	206.354	10	1587.904	<BeadTracker.Bead object at 0x000001D6AD6464F0>	0.0	0	2351	2355	1	True	159.0		M450	2351
374.723	206.426	10	1096.305	<BeadTracker.Bead object at 0x000001D6AD646910>	0.0	0	2352	2356	1	True	205.0		M450	2352
386.544	204.3	10	931.198	<BeadTracker.Bead object at 0x000001D6AD64EFA0>	0.0	0	2359	2363	1	True	230.0		M450	2359
385.563	204.23	10	1083.245	<BeadTracker.Bead object at 0x000001D6AD6564C0>	0.0	0	2360	2364	1	True	209.0		M450	2360
384.403	204.054	10	1236.907	<BeadTracker.Bead object at 0x000001D6AD6568E0>	0.0	0	2361	2365	1	True	187.0		M450	2361
383.408	204.023	10	1468.708	<BeadTracker.Bead object at 0x000001D6AD656D00>	0.0	0	2362	2366	1	True	162.0		M450	2362
382.212	203.994	10	1841.463	<BeadTracker.Bead object at 0x000001D6AD65D160>	0.0	0	2363	2367	1	True	139.0		M450	2363
381.093	203.989	10	2203.785	<BeadTracker.Bead object at 0x000001D6AD65D580>	0.0	0	2364	2368	1	True	113.0		M450	2364
379.985	203.98	10	2494.177	<BeadTracker.Bead object at 0x000001D6AD65D9A0>	0.0	0	2365	2369	1	True	99.0		M450	2365
379.216	203.871	10	2751.963	<BeadTracker.Bead object at 0x000001D6AD65DDC0>	0.0	0	2366	2370	1	True	76.0		M450	2366
378.371	203.893	10	2971.399	<BeadTracker.Bead object at 0x000001D6AD665220>	0.0	0	2367	2371	1	True	42.0		M450	2367
377.615	203.829	10	3153.896	<BeadTracker.Bead object at 0x000001D6AD665640>	0.0	0	2368	2372	1	True	40.0		M450	2368
376.721	203.863	10	3236.956	<BeadTracker.Bead object at 0x000001D6AD665A60>	0.0	0	2369	2373	1	True	17.0		M450	2369
376.14	203.999	10	3257.772	<BeadTracker.Bead object at 0x000001D6AD665E80>	0.0	0	2370	2374	1	True	19.0		M450	2370
375.462	203.936	10	3320.146	<BeadTracker.Bead object at 0x000001D6AD66D2E0>	0.0	0	2371	2375	1	True	-4.0		M450	2371
375.091	203.982	10	3331.526	<BeadTracker.Bead object at 0x000001D6AD66D700>	0.0	0	2372	2376	1	True	-5.0		M450	2372
374.467	204.007	10	3318.153	<BeadTracker.Bead object at 0x000001D6AD66DB50>	0.0	0	2373	2377	2	True	-7.0		M450	2373
374.144	203.973	10	3324.321	<BeadTracker.Bead object at 0x000001D6AD66DF70>	0.0	0	2374	2378	1	True	-6.0		M450	2374
373.64	204.11	10	3365.675	<BeadTracker.Bead object at 0x000001D6AD6763D0>	0.0	0	2375	2379	1	True	6.0		M450	2375
373.444	204.076	10	3308.16	<BeadTracker.Bead object at 0x000001D6AD6767F0>	0.0	0	2376	2380	1	True	-7.0		M450	2376
373.08	204.005	10	3292.154	<BeadTracker.Bead object at 0x000001D6AD676C40>	0.0	0	2377	2381	2	True	-10.0		M450	2377
372.866	204.054	10	3219.586	<BeadTracker.Bead object at 0x000001D6AD67D0D0>	0.0	0	2378	2382	2	True	-22.0		M450	2378
372.504	204.03	10	3251.614	<BeadTracker.Bead object at 0x000001D6AD67D520>	0.0	0	2379	2383	2	True	-10.0		M450	2379
372.371	204.202	10	3227.677	<BeadTracker.Bead object at 0x000001D6AD67D970>	0.0	0	2380	2384	2	True	-20.0		M450	2380
372.125	204.243	10	3149.794	<BeadTracker.Bead object at 0x000001D6AD67DDC0>	0.0	0	2381	2385	2	True	-10.0		M450	2381
372.017	204.225	10	3151.556	<BeadTracker.Bead object at 0x000001D6AD684250>	0.0	0	2382	2386	2	True	-10.0		M450	2382
371.733	204.268	10	3170.978	<BeadTracker.Bead object at 0x000001D6AD6846A0>	0.0	0	2383	2387	2	True	-48.0		M450	2383
371.669	204.279	10	3136.324	<BeadTracker.Bead object at 0x000001D6AD684AF0>	0.0	0	2384	2388	2	True	-49.0		M450	2384
371.552	204.292	10	3101.026	<BeadTracker.Bead object at 0x000001D6AD684F40>	0.0	0	2385	2389	2	True	-49.0		M450	2385
371.542	204.221	10	3083.835	<BeadTracker.Bead object at 0x000001D6AD68D3D0>	0.0	0	2386	2390	2	True	-49.0		M450	2386
371.36	204.242	10	3100.527	<BeadTracker.Bead object at 0x000001D6AD68D820>	0.0	0	2387	2391	2	True	-48.0		M450	2387
371.302	204.425	10	3030.872	<BeadTracker.Bead object at 0x000001D6AD68DC70>	0.0	0	2388	2392	2	True	-49.0		M450	2388
371.186	204.431	10	3065.133	<BeadTracker.Bead object at 0x000001D6AD694100>	0.0	0	2389	2393	2	True	-49.0		M450	2389
371.249	204.435	10	3034.032	<BeadTracker.Bead object at 0x000001D6AD694550>	0.0	0	2390	2394	2	True	-49.0		M450	2390
371.158	204.482	10	3037.826	<BeadTracker.Bead object at 0x000001D6AD6949A0>	0.0	0	2391	2395	2	True	-49.0		M450	2391
371.101	204.489	10	3009.508	<BeadTracker.Bead object at 0x000001D6AD694DF0>	0.0	0	2392	2396	2	True	-49.0		M450	2392
370.88	204.44	10	3003.894	<BeadTracker.Bead object at 0x000001D6AD69B280>	0.0	0	2393	2397	2	True	-49.0		M450	2393
371.005	204.543	10	2970.617	<BeadTracker.Bead object at 0x000001D6AD69B6D0>	0.0	0	2394	2398	2	True	-90.0		M450	2394
370.937	204.516	10	2999.03	<BeadTracker.Bead object at 0x000001D6AD69BB20>	0.0	0	2395	2399	2	True	-90.0		M450	2395
370.992	204.497	10	2936.103	<BeadTracker.Bead object at 0x000001D6AD69BF70>	0.0	0	2396	2400	2	True	-49.0		M450	2396
370.787	204.451	10	2948.241	<BeadTracker.Bead object at 0x000001D6AD6A5400>	0.0	0	2397	2401	2	True	-49.0		M450	2397
370.733	204.45	10	2934.274	<BeadTracker.Bead object at 0x000001D6AD6A5850>	0.0	0	2398	2402	2	True	-49.0		M450	2398
370.67	204.39	10	2934.704	<BeadTracker.Bead object at 0x000001D6AD6A5CA0>	0.0	0	2399	2403	2	True	-50.0		M450	2399
370.823	204.382	10	2935.402	<BeadTracker.Bead object at 0x000001D6AD6AC130>	0.0	0	2400	2404	2	True	-50.0		M450	2400
370.645	204.359	10	2928.161	<BeadTracker.Bead object at 0x000001D6AD6AC580>	0.0	0	2401	2405	2	True	-50.0		M450	2401
370.592	204.357	10	2899.46	<BeadTracker.Bead object at 0x000001D6AD6AC9D0>	0.0	0	2402	2406	2	True	-50.0		M450	2402
370.542	204.36	10	2921.832	<BeadTracker.Bead object at 0x000001D6AD6ACE20>	0.0	0	2403	2407	2	True	-50.0		M450	2403
370.599	204.389	10	2900.066	<BeadTracker.Bead object at 0x000001D6AD6B32B0>	0.0	0	2404	2408	2	True	-50.0		M450	2404
370.535	204.438	10	2914.237	<BeadTracker.Bead object at 0x000001D6AD6B3700>	0.0	0	2405	2409	2	True	-50.0		M450	2405
370.602	204.441	10	2864.239	<BeadTracker.Bead object at 0x000001D6AD6B3B50>	0.0	0	2406	2410	2	True	-50.0		M450	2406
370.4	204.383	10	2912.549	<BeadTracker.Bead object at 0x000001D6AD6B3FA0>	0.0	0	2407	2411	2	True	-49.0		M450	2407
370.463	204.441	10	2884.689	<BeadTracker.Bead object at 0x000001D6AD6BA430>	0.0	0	2408	2412	2	True	-50.0		M450	2408
370.312	204.389	10	2897.137	<BeadTracker.Bead object at 0x000001D6AD6BA880>	0.0	0	2409	2413	2	True	-50.0		M450	2409
370.434	204.366	10	2903.554	<BeadTracker.Bead object at 0x000001D6AD6BACD0>	0.0	0	2410	2414	2	True	-50.0		M450	2410
370.356	204.463	10	2900.161	<BeadTracker.Bead object at 0x000001D6AD6C2160>	0.0	0	2411	2415	2	True	-50.0		M450	2411
370.327	204.469	10	2878.704	<BeadTracker.Bead object at 0x000001D6AD6C25B0>	0.0	0	2412	2416	2	True	-50.0		M450	2412
370.28	204.485	10	2906.697	<BeadTracker.Bead object at 0x000001D6AD6C2A00>	0.0	0	2413	2417	2	True	-49.0		M450	2413
370.366	204.505	10	2894.107	<BeadTracker.Bead object at 0x000001D6AD6C2E50>	0.0	0	2414	2418	2	True	-90.0		M450	2414
370.35	204.537	10	2860.87	<BeadTracker.Bead object at 0x000001D6AD6CA2E0>	0.0	0	2415	2419	2	True	-90.0		M450	2415
370.405	204.585	10	2863.777	<BeadTracker.Bead object at 0x000001D6AD6CA730>	0.0	0	2416	2420	2	True	-90.0		M450	2416
370.298	204.572	10	2900.844	<BeadTracker.Bead object at 0x000001D6AD6CAB80>	0.0	0	2417	2421	2	True	-90.0		M450	2417
370.31	204.602	10	2893.067	<BeadTracker.Bead object at 0x000001D6AD6CAFD0>	0.0	0	2418	2422	2	True	-90.0		M450	2418
370.249	204.664	10	2865.829	<BeadTracker.Bead object at 0x000001D6AD6D2460>	0.0	0	2419	2423	2	True	-90.0		M450	2419
370.405	204.734	0	2840.754	<BeadTracker.Bead object at 0x000001D6AD6D28B0>	1.0	106	2420	2424	2	True	-83.0		M450	2420
369.739	204.483	0	2757.689	<BeadTracker.Bead object at 0x000001D6AD6DBE50>	3.0	107	2425	2429	2	True	-76.0		M450	2425
369.288	204.48	0	2481.051	<BeadTracker.Bead object at 0x000001D6AD6E3B50>	3.0	108	2428	2432	2	True	-54.0		M450	2428
368.128	204.607	0	3305.922	<BeadTracker.Bead object at 0x000001D6AD6EA820>	3.0	109	2431	2435	1	True	-55.0		M450	2431
368.05	204.689	0	2759.859	<BeadTracker.Bead object at 0x000001D6AD6EAFA0>	2.0	110	2433	2437	1	True	-112.0		M450	2433
368.869	204.433	0	2926.929	<BeadTracker.Bead object at 0x000001D6AD6F1CD0>	2.0	111	2436	2440	1	True	-155.0		M450	2436
365.386	202.904	0	2417.611	<BeadTracker.Bead object at 0x000001D6AD6F9BE0>	3.0	113	2442	2447	1	True	-95.0		M450	2442
365.35	202.727	0	2358.771	<BeadTracker.Bead object at 0x000001D6AD7013A0>	3.0	114	2445	2450	1	True	-35.0		M450	2445
365.472	202.757	0	2396.747	<BeadTracker.Bead object at 0x000001D6AD701B20>	3.0	115	2448	2453	1	True	25.0		M450	2448
365.485	202.804	0	2377.698	<BeadTracker.Bead object at 0x000001D6AD70B2E0>	3.0	116	2451	2456	1	True	85.0		M450	2451
365.588	202.722	0	2337.303	<BeadTracker.Bead object at 0x000001D6AD70BA60>	3.0	117	2454	2459	1	True	96.0		M450	2454
365.645	202.982	0	2252.582	<BeadTracker.Bead object at 0x000001D6AD712220>	3.0	118	2457	2462	1	True	156.0		M450	2457
365.569	203.171	0	935.176	<BeadTracker.Bead object at 0x000001D6AD712640>	1.0	119	2458	2463	1	True	110.0		M450	2458
365.161	203.223	-9	802.992	<BeadTracker.Bead object at 0x000001D6AD712D90>	0.1	0	2461	2466	1	True	170.0		M450	2461
365.268	203.247	-9	898.806	<BeadTracker.Bead object at 0x000001D6AD71A1F0>	0.1	0	2462	2467	1	True	230.0		M450	2462
365.264	203.206	-9	922.325	<BeadTracker.Bead object at 0x000001D6AD71A610>	0.1	0	2463	2468	1	True	233.0		M450	2463
365.38	203.307	-9	893.471	<BeadTracker.Bead object at 0x000001D6AD71AA30>	0.1	0	2464	2469	1	True	234.0		M450	2464
365.316	203.356	-9	901.809	<BeadTracker.Bead object at 0x000001D6AD71AE50>	0.1	0	2465	2470	1	True	233.0		M450	2465
365.46	203.287	-9	890.118	<BeadTracker.Bead object at 0x000001D6AD7242B0>	0.1	0	2466	2471	1	True	234.0		M450	2466
365.371	203.225	-9	898.103	<BeadTracker.Bead object at 0x000001D6AD7246D0>	0.1	0	2467	2472	1	True	233.0		M450	2467
365.41	203.254	-9	911.518	<BeadTracker.Bead object at 0x000001D6AD724AF0>	0.1	0	2468	2473	1	True	233.0		M450	2468
365.397	203.342	-9	916.585	<BeadTracker.Bead object at 0x000001D6AD724F10>	0.1	0	2469	2474	1	True	234.0		M450	2469
365.495	203.269	-9	911.721	<BeadTracker.Bead object at 0x000001D6AD72C370>	0.1	0	2470	2475	1	True	232.0		M450	2470
365.375	203.29	-9	908.099	<BeadTracker.Bead object at 0x000001D6AD72C790>	0.1	0	2471	2476	1	True	233.0		M450	2471
365.408	203.263	-9	917.476	<BeadTracker.Bead object at 0x000001D6AD72CBB0>	0.1	0	2472	2477	1	True	233.0		M450	2472
365.394	203.194	-9	914.184	<BeadTracker.Bead object at 0x000001D6AD72CFD0>	0.1	0	2473	2478	1	True	232.0		M450	2473
365.49	203.265	-9	903.584	<BeadTracker.Bead object at 0x000001D6AD732430>	0.1	0	2474	2479	1	True	233.0		M450	2474
365.432	203.282	-9	913.563	<BeadTracker.Bead object at 0x000001D6AD732850>	0.1	0	2475	2480	1	True	233.0		M450	2475
365.554	203.354	-9	918.725	<BeadTracker.Bead object at 0x000001D6AD732C70>	0.1	0	2476	2481	1	True	232.0		M450	2476
365.406	203.245	-9	907.866	<BeadTracker.Bead object at 0x000001D6AD732FD0>	0.1	0	2477	2482	1	True	233.0		M450	2477
365.402	203.329	-9	920.227	<BeadTracker.Bead object at 0x000001D6AD7394F0>	0.1	0	2478	2483	1	True	232.0		M450	2478
365.409	203.182	-9	911.888	<BeadTracker.Bead object at 0x000001D6AD739910>	0.1	0	2479	2484	1	True	233.0		M450	2479
365.515	203.182	-9	925.444	<BeadTracker.Bead object at 0x000001D6AD739D30>	0.1	0	2480	2485	1	True	231.0		M450	2480
365.418	203.214	-9	916.603	<BeadTracker.Bead object at 0x000001D6AD741190>	0.1	0	2481	2486	1	True	232.0		M450	2481
365.389	203.167	-9	936.588	<BeadTracker.Bead object at 0x000001D6AD7415B0>	0.1	0	2482	2487	1	True	232.0		M450	2482
365.346	203.256	-9	906.663	<BeadTracker.Bead object at 0x000001D6AD7419D0>	0.1	0	2483	2488	1	True	233.0		M450	2483
365.429	203.254	-9	911.64	<BeadTracker.Bead object at 0x000001D6AD741DF0>	0.1	0	2484	2489	1	True	232.0		M450	2484
365.428	203.254	-9	916.315	<BeadTracker.Bead object at 0x000001D6AD749250>	0.1	0	2485	2490	1	True	233.0		M450	2485
365.386	203.134	-9	912.689	<BeadTracker.Bead object at 0x000001D6AD749670>	0.1	0	2486	2491	1	True	231.0		M450	2486
365.296	203.251	-9	919.342	<BeadTracker.Bead object at 0x000001D6AD749A90>	0.1	0	2487	2492	1	True	232.0		M450	2487
365.355	203.241	-9	897.905	<BeadTracker.Bead object at 0x000001D6AD749EB0>	0.1	0	2488	2493	1	True	233.0		M450	2488
365.376	203.237	-9	907.942	<BeadTracker.Bead object at 0x000001D6AD752310>	0.1	0	2489	2494	1	True	233.0		M450	2489
365.416	203.234	-9	922.214	<BeadTracker.Bead object at 0x000001D6AD752730>	0.1	0	2490	2495	1	True	232.0		M450	2490
365.287	203.306	-9	934.306	<BeadTracker.Bead object at 0x000001D6AD752B50>	0.1	0	2491	2496	1	True	232.0		M450	2491
365.307	203.317	-9	913.327	<BeadTracker.Bead object at 0x000001D6AD752F70>	0.1	0	2492	2497	1	True	233.0		M450	2492
365.28	203.272	-9	915.92	<BeadTracker.Bead object at 0x000001D6AD75A3D0>	0.1	0	2493	2498	1	True	233.0		M450	2493
365.353	203.317	-9	919.607	<BeadTracker.Bead object at 0x000001D6AD75A7F0>	0.1	0	2494	2499	1	True	233.0		M450	2494
365.194	203.301	-9	934.21	<BeadTracker.Bead object at 0x000001D6AD75AC10>	0.1	0	2495	2500	1	True	233.0		M450	2495
365.169	203.331	-9	937.707	<BeadTracker.Bead object at 0x000001D6AD75AF70>	0.1	0	2496	2501	1	True	233.0		M450	2496
365.218	203.38	-9	912.786	<BeadTracker.Bead object at 0x000001D6AD761490>	0.1	0	2497	2502	1	True	233.0		M450	2497
365.332	203.349	-9	912.489	<BeadTracker.Bead object at 0x000001D6AD7618B0>	0.1	0	2498	2503	1	True	233.0		M450	2498
365.316	203.391	-9	920.653	<BeadTracker.Bead object at 0x000001D6AD761CD0>	0.1	0	2499	2504	1	True	233.0		M450	2499
365.377	203.366	-9	924.616	<BeadTracker.Bead object at 0x000001D6AD769130>	0.1	0	2500	2505	1	True	232.0		M450	2500
365.168	203.376	-9	932.151	<BeadTracker.Bead object at 0x000001D6AD769550>	0.1	0	2501	2506	1	True	233.0		M450	2501
365.241	203.4	-9	927.622	<BeadTracker.Bead object at 0x000001D6AD769970>	0.1	0	2502	2507	1	True	233.0		M450	2502
365.201	203.305	-9	935.11	<BeadTracker.Bead object at 0x000001D6AD769D90>	0.1	0	2503	2508	1	True	233.0		M450	2503
365.407	203.35	-9	917.299	<BeadTracker.Bead object at 0x000001D6AD76F1F0>	0.1	0	2504	2509	1	True	233.0		M450	2504
365.326	203.353	-9	932.268	<BeadTracker.Bead object at 0x000001D6AD76F610>	0.1	0	2505	2510	1	True	233.0		M450	2505
365.231	203.335	-9	947.449	<BeadTracker.Bead object at 0x000001D6AD76FA30>	0.1	0	2506	2511	1	True	232.0		M450	2506
365.19	203.311	-9	934.934	<BeadTracker.Bead object at 0x000001D6AD76FE50>	0.1	0	2507	2512	1	True	232.0		M450	2507
365.393	203.237	-9	923.463	<BeadTracker.Bead object at 0x000001D6AD7782B0>	0.1	0	2508	2513	1	True	233.0		M450	2508
365.405	203.199	-9	942.203	<BeadTracker.Bead object at 0x000001D6AD7786D0>	0.1	0	2509	2514	1	True	231.0		M450	2509
365.438	203.329	-9	950.87	<BeadTracker.Bead object at 0x000001D6AD778AF0>	0.1	0	2510	2515	1	True	231.0		M450	2510
365.256	203.381	-9	949.498	<BeadTracker.Bead object at 0x000001D6AD778F10>	0.1	0	2511	2516	1	True	232.0		M450	2511
365.325	203.309	-9	933.847	<BeadTracker.Bead object at 0x000001D6AD782370>	0.1	0	2512	2517	1	True	232.0		M450	2512
365.398	203.215	-9	935.643	<BeadTracker.Bead object at 0x000001D6AD782790>	0.1	0	2513	2518	1	True	232.0		M450	2513
365.47	203.287	-9	932.839	<BeadTracker.Bead object at 0x000001D6AD782BB0>	0.1	0	2514	2519	1	True	232.0		M450	2514
365.402	203.284	-9	931.709	<BeadTracker.Bead object at 0x000001D6AD782FD0>	0.1	0	2515	2520	1	True	233.0		M450	2515
365.297	203.239	-9	935.387	<BeadTracker.Bead object at 0x000001D6AD789430>	0.1	0	2516	2521	1	True	231.0		M450	2516
365.288	203.267	-9	927.37	<BeadTracker.Bead object at 0x000001D6AD789850>	0.1	0	2517	2522	1	True	233.0		M450	2517
365.375	203.226	-9	932.721	<BeadTracker.Bead object at 0x000001D6AD789C70>	0.1	0	2518	2523	1	True	232.0		M450	2518
365.337	203.284	-9	942.653	<BeadTracker.Bead object at 0x000001D6AD789FD0>	0.1	0	2519	2524	1	True	231.0		M450	2519
365.342	203.263	-9	938.56	<BeadTracker.Bead object at 0x000001D6AD7904F0>	0.1	0	2520	2525	1	True	231.0		M450	2520
365.157	203.216	-9	951.312	<BeadTracker.Bead object at 0x000001D6AD790910>	0.1	0	2521	2526	1	True	232.0		M450	2521
365.241	203.314	-9	951.967	<BeadTracker.Bead object at 0x000001D6AD790D30>	0.1	0	2522	2527	1	True	231.0		M450	2522
365.213	203.207	-9	926.654	<BeadTracker.Bead object at 0x000001D6AD799190>	0.1	0	2523	2528	1	True	232.0		M450	2523
365.368	203.21	-9	938.877	<BeadTracker.Bead object at 0x000001D6AD7995B0>	0.1	0	2524	2529	1	True	231.0		M450	2524
365.178	203.173	-9	940.897	<BeadTracker.Bead object at 0x000001D6AD7999D0>	0.1	0	2525	2530	1	True	232.0		M450	2525
365.156	203.274	-9	954.833	<BeadTracker.Bead object at 0x000001D6AD799DF0>	0.1	0	2526	2531	1	True	232.0		M450	2526
365.092	203.258	-9	959.587	<BeadTracker.Bead object at 0x000001D6AD79F250>	0.1	0	2527	2532	1	True	232.0		M450	2527
365.282	203.276	-9	950.844	<BeadTracker.Bead object at 0x000001D6AD79F670>	0.1	0	2528	2533	1	True	232.0		M450	2528
365.171	203.224	-9	965.445	<BeadTracker.Bead object at 0x000001D6AD79FE80>	0.1	0	2530	2535	1	True	232.0		M450	2530
365.021	203.267	-9	946.948	<BeadTracker.Bead object at 0x000001D6AD7A52E0>	0.1	0	2531	2536	1	True	233.0		M450	2531
365.19	203.283	-9	968.588	<BeadTracker.Bead object at 0x000001D6AD7A5700>	0.1	0	2532	2537	1	True	232.0		M450	2532
365.058	203.315	-9	956.088	<BeadTracker.Bead object at 0x000001D6AD7A5B20>	0.1	0	2533	2538	1	True	232.0		M450	2533
365.159	203.43	-9	948.952	<BeadTracker.Bead object at 0x000001D6AD7A5F40>	0.1	0	2534	2539	1	True	233.0		M450	2534
365.149	203.359	-9	934.969	<BeadTracker.Bead object at 0x000001D6AD7B03A0>	0.1	0	2535	2540	1	True	233.0		M450	2535
365.22	203.36	-9	941.273	<BeadTracker.Bead object at 0x000001D6AD7B07C0>	0.1	0	2536	2541	1	True	233.0		M450	2536
365.179	203.313	-9	943.489	<BeadTracker.Bead object at 0x000001D6AD7B0BE0>	0.1	0	2537	2542	1	True	233.0		M450	2537
365.333	203.41	-9	932.684	<BeadTracker.Bead object at 0x000001D6AD7B0F40>	0.1	0	2538	2543	1	True	232.0		M450	2538
365.233	203.457	-9	947.441	<BeadTracker.Bead object at 0x000001D6AD7B8460>	0.1	0	2539	2544	1	True	233.0		M450	2539
365.297	203.444	-9	923.842	<BeadTracker.Bead object at 0x000001D6AD7B8880>	0.1	0	2540	2545	1	True	232.0		M450	2540
365.3	203.345	-9	948.077	<BeadTracker.Bead object at 0x000001D6AD7B8CA0>	0.1	0	2541	2546	1	True	232.0		M450	2541
365.337	203.403	-9	954.032	<BeadTracker.Bead object at 0x000001D6AD7BE100>	0.1	0	2542	2547	1	True	232.0		M450	2542
365.236	203.377	-9	955.953	<BeadTracker.Bead object at 0x000001D6AD7BE520>	0.1	0	2543	2548	1	True	232.0		M450	2543
365.378	203.47	-9	924.1	<BeadTracker.Bead object at 0x000001D6AD7BE940>	0.1	0	2544	2549	1	True	232.0		M450	2544
365.227	203.353	-9	939.142	<BeadTracker.Bead object at 0x000001D6AD7BED60>	0.1	0	2545	2550	1	True	232.0		M450	2545
365.258	203.455	-9	941.641	<BeadTracker.Bead object at 0x000001D6AD7C51C0>	0.1	0	2546	2551	1	True	231.0		M450	2546
365.255	203.374	-9	950.19	<BeadTracker.Bead object at 0x000001D6AD7C55E0>	0.1	0	2547	2552	1	True	232.0		M450	2547
365.397	203.384	-9	948.521	<BeadTracker.Bead object at 0x000001D6AD7C5A00>	0.1	0	2548	2553	1	True	232.0		M450	2548
365.327	203.464	-9	934.524	<BeadTracker.Bead object at 0x000001D6AD7C5E20>	0.1	0	2549	2554	1	True	232.0		M450	2549
365.301	203.392	-9	948.285	<BeadTracker.Bead object at 0x000001D6AD7CF280>	0.1	0	2550	2555	1	True	232.0		M450	2550
365.264	203.317	-9	952.157	<BeadTracker.Bead object at 0x000001D6AD7CF6A0>	0.1	0	2551	2556	1	True	232.0		M450	2551
365.333	203.305	-9	948.942	<BeadTracker.Bead object at 0x000001D6AD7CFAC0>	0.1	0	2552	2557	1	True	232.0		M450	2552
365.237	203.375	-9	952.832	<BeadTracker.Bead object at 0x000001D6AD7CFEE0>	0.1	0	2553	2558	1	True	233.0		M450	2553
365.286	203.233	-9	949.272	<BeadTracker.Bead object at 0x000001D6AD7D6340>	0.1	0	2554	2559	1	True	232.0		M450	2554
365.182	203.277	-9	950.11	<BeadTracker.Bead object at 0x000001D6AD7D6760>	0.1	0	2555	2560	1	True	232.0		M450	2555
365.18	203.277	-9	956.691	<BeadTracker.Bead object at 0x000001D6AD7D6B80>	0.1	0	2556	2561	1	True	232.0		M450	2556
365.129	203.27	-9	977.252	<BeadTracker.Bead object at 0x000001D6AD7D6FA0>	0.1	0	2557	2562	1	True	232.0		M450	2557
365.26	203.202	-9	956.102	<BeadTracker.Bead object at 0x000001D6AD7DE400>	0.1	0	2558	2563	1	True	232.0		M450	2558
365.154	203.198	-9	953.665	<BeadTracker.Bead object at 0x000001D6AD7DE820>	0.1	0	2559	2564	1	True	232.0		M450	2559
365.168	203.22	-9	963.52	<BeadTracker.Bead object at 0x000001D6AD7DEC40>	0.1	0	2560	2565	1	True	231.0		M450	2560
365.104	203.284	-9	953.56	<BeadTracker.Bead object at 0x000001D6AD7DEFA0>	0.1	0	2561	2566	1	True	232.0		M450	2561
365.191	203.366	-9	955.219	<BeadTracker.Bead object at 0x000001D6AD7E74C0>	0.1	0	2562	2567	1	True	232.0		M450	2562
365.151	203.374	-9	954.92	<BeadTracker.Bead object at 0x000001D6AD7E78E0>	0.1	0	2563	2568	1	True	232.0		M450	2563
365.182	203.296	-9	960.267	<BeadTracker.Bead object at 0x000001D6AD7E7D00>	0.1	0	2564	2569	1	True	233.0		M450	2564
364.969	203.279	-9	961.641	<BeadTracker.Bead object at 0x000001D6AD7ED160>	0.1	0	2565	2570	1	True	231.0		M450	2565
365.037	203.395	-9	966.887	<BeadTracker.Bead object at 0x000001D6AD7ED580>	0.1	0	2566	2571	1	True	232.0		M450	2566
365.007	203.386	-9	932.526	<BeadTracker.Bead object at 0x000001D6AD7ED9A0>	0.1	0	2567	2572	1	True	232.0		M450	2567
365.095	203.46	-9	950.51	<BeadTracker.Bead object at 0x000001D6AD7EDDC0>	0.1	0	2568	2573	1	True	233.0		M450	2568
365.033	203.395	-9	935.993	<BeadTracker.Bead object at 0x000001D6AD7F4220>	0.1	0	2569	2574	1	True	233.0		M450	2569
364.971	203.346	-9	955.923	<BeadTracker.Bead object at 0x000001D6AD7F4640>	0.1	0	2570	2575	1	True	232.0		M450	2570
364.979	203.374	-9	937.981	<BeadTracker.Bead object at 0x000001D6AD7F4A60>	0.1	0	2571	2576	1	True	232.0		M450	2571
365.187	203.457	-9	949.642	<BeadTracker.Bead object at 0x000001D6AD7F4E80>	0.1	0	2572	2577	1	True	232.0		M450	2572
365.077	203.443	-9	927.749	<BeadTracker.Bead object at 0x000001D6AD7FC2E0>	0.1	0	2573	2578	1	True	233.0		M450	2573
365.097	203.401	-9	949.17	<BeadTracker.Bead object at 0x000001D6AD7FC700>	0.1	0	2574	2579	1	True	232.0		M450	2574
365.05	203.294	-9	957.933	<BeadTracker.Bead object at 0x000001D6AD7FCB20>	0.1	0	2575	2580	1	True	232.0		M450	2575
365.158	203.476	-9	934.451	<BeadTracker.Bead object at 0x000001D6AD7FCF40>	0.1	0	2576	2581	1	True	232.0		M450	2576
365.119	203.42	-9	959.851	<BeadTracker.Bead object at 0x000001D6AD8053A0>	0.1	0	2577	2582	1	True	232.0		M450	2577
365.246	203.418	-9	956.606	<BeadTracker.Bead object at 0x000001D6AD8057C0>	0.1	0	2578	2583	1	True	233.0		M450	2578
365.167	203.447	-9	919.738	<BeadTracker.Bead object at 0x000001D6AD805BE0>	0.1	0	2579	2584	1	True	233.0		M450	2579
365.113	203.463	-9	941.34	<BeadTracker.Bead object at 0x000001D6AD805F40>	0.1	0	2580	2585	1	True	233.0		M450	2580
365.106	203.4	-9	951.725	<BeadTracker.Bead object at 0x000001D6AD80D460>	0.1	0	2581	2586	1	True	232.0		M450	2581
365.335	203.396	-9	937.888	<BeadTracker.Bead object at 0x000001D6AD80D880>	0.1	0	2582	2587	1	True	232.0		M450	2582
365.235	203.305	-9	961.373	<BeadTracker.Bead object at 0x000001D6AD80DCA0>	0.1	0	2583	2588	1	True	231.0		M450	2583
365.136	203.43	-9	982.322	<BeadTracker.Bead object at 0x000001D6AD814100>	0.1	0	2584	2589	1	True	232.0		M450	2584
365.116	203.435	-9	966.567	<BeadTracker.Bead object at 0x000001D6AD814520>	0.1	0	2585	2590	1	True	232.0		M450	2585
365.344	203.34	-9	938.879	<BeadTracker.Bead object at 0x000001D6AD814940>	0.1	0	2586	2591	1	True	232.0		M450	2586
365.248	203.348	-9	958.717	<BeadTracker.Bead object at 0x000001D6AD814D60>	0.1	0	2587	2592	1	True	232.0		M450	2587
365.259	203.4	-9	932.271	<BeadTracker.Bead object at 0x000001D6AD81B1C0>	0.1	0	2588	2593	1	True	232.0		M450	2588
365.132	203.425	-9	937.034	<BeadTracker.Bead object at 0x000001D6AD81B5E0>	0.1	0	2589	2594	1	True	233.0		M450	2589
365.2	203.454	-9	961.234	<BeadTracker.Bead object at 0x000001D6AD81BA00>	0.1	0	2590	2595	1	True	232.0		M450	2590
365.117	203.362	-9	942.766	<BeadTracker.Bead object at 0x000001D6AD81BE20>	0.1	0	2591	2596	1	True	232.0		M450	2591
365.242	203.304	11	952.236	<BeadTracker.Bead object at 0x000001D6AD823280>	0.0	0	2592	2597	1	True	232.0		M450	2592
365.098	203.386	11	942.466	<BeadTracker.Bead object at 0x000001D6AD8236A0>	0.0	0	2593	2598	1	True	232.0		M450	2593
365.09	203.366	11	954.494	<BeadTracker.Bead object at 0x000001D6AD823AC0>	0.0	0	2594	2599	1	True	232.0		M450	2594
365.036	203.408	11	952.754	<BeadTracker.Bead object at 0x000001D6AD823EE0>	0.0	0	2595	2600	1	True	232.0		M450	2595
365.132	203.383	11	943.229	<BeadTracker.Bead object at 0x000001D6AD82C340>	0.0	0	2596	2601	1	True	232.0		M450	2596
365.018	203.375	11	966.579	<BeadTracker.Bead object at 0x000001D6AD82C760>	0.0	0	2597	2602	1	True	232.0		M450	2597
365.046	203.395	11	952.217	<BeadTracker.Bead object at 0x000001D6AD82CB80>	0.0	0	2598	2603	1	True	232.0		M450	2598
365.036	203.388	11	961.302	<BeadTracker.Bead object at 0x000001D6AD82CFA0>	0.0	0	2599	2604	1	True	232.0		M450	2599
365.132	203.439	11	963.61	<BeadTracker.Bead object at 0x000001D6AD833400>	0.0	0	2600	2605	1	True	232.0		M450	2600
365.028	203.397	11	949.084	<BeadTracker.Bead object at 0x000001D6AD833820>	0.0	0	2601	2606	1	True	233.0		M450	2601
365.094	203.48	11	948.304	<BeadTracker.Bead object at 0x000001D6AD833C40>	0.0	0	2602	2607	1	True	232.0		M450	2602
365.035	203.41	11	944.484	<BeadTracker.Bead object at 0x000001D6AD833FA0>	0.0	0	2603	2608	1	True	232.0		M450	2603
365.051	203.479	11	949.067	<BeadTracker.Bead object at 0x000001D6AD83C4C0>	0.0	0	2604	2609	1	True	232.0		M450	2604
364.968	203.508	11	943.64	<BeadTracker.Bead object at 0x000001D6AD83C8E0>	0.0	0	2605	2610	1	True	230.0		M450	2605
365.12	203.435	11	946.941	<BeadTracker.Bead object at 0x000001D6AD83CD00>	0.0	0	2606	2611	1	True	232.0		M450	2606
365.094	203.413	11	949.13	<BeadTracker.Bead object at 0x000001D6AD843160>	0.0	0	2607	2612	1	True	232.0		M450	2607
365.21	203.549	11	946.718	<BeadTracker.Bead object at 0x000001D6AD843580>	0.0	0	2608	2613	1	True	230.0		M450	2608
365.031	203.545	11	958.638	<BeadTracker.Bead object at 0x000001D6AD8439A0>	0.0	0	2609	2614	1	True	230.0		M450	2609
365.079	203.5	11	974.63	<BeadTracker.Bead object at 0x000001D6AD843DC0>	0.0	0	2610	2615	1	True	230.0		M450	2610
365.12	203.58	11	944.75	<BeadTracker.Bead object at 0x000001D6AD84A220>	0.0	0	2611	2616	1	True	230.0		M450	2611
365.256	203.482	11	947.88	<BeadTracker.Bead object at 0x000001D6AD84A640>	0.0	0	2612	2617	1	True	231.0		M450	2612
365.191	203.585	11	941.115	<BeadTracker.Bead object at 0x000001D6AD84AA60>	0.0	0	2613	2618	1	True	230.0		M450	2613
365.204	203.537	11	943.204	<BeadTracker.Bead object at 0x000001D6AD84AE80>	0.0	0	2614	2619	1	True	230.0		M450	2614
365.116	203.433	11	951.002	<BeadTracker.Bead object at 0x000001D6AD8512E0>	0.0	0	2615	2620	1	True	232.0		M450	2615
365.279	203.533	11	947.33	<BeadTracker.Bead object at 0x000001D6AD851700>	0.0	0	2616	2621	1	True	230.0		M450	2616
365.225	203.582	11	946.668	<BeadTracker.Bead object at 0x000001D6AD851B20>	0.0	0	2617	2622	1	True	230.0		M450	2617
365.218	203.583	11	981.963	<BeadTracker.Bead object at 0x000001D6AD851F40>	0.0	0	2618	2623	1	True	230.0		M450	2618
365.178	203.533	11	946.337	<BeadTracker.Bead object at 0x000001D6AD85A3A0>	0.0	0	2619	2624	1	True	230.0		M450	2619
365.257	203.452	11	963.308	<BeadTracker.Bead object at 0x000001D6AD85A7C0>	0.0	0	2620	2625	1	True	232.0		M450	2620
365.242	203.454	11	970.284	<BeadTracker.Bead object at 0x000001D6AD85ABE0>	0.0	0	2621	2626	1	True	231.0		M450	2621
365.321	203.586	11	947.002	<BeadTracker.Bead object at 0x000001D6AD85AF40>	0.0	0	2622	2627	1	True	229.0		M450	2622
365.235	203.513	11	945.325	<BeadTracker.Bead object at 0x000001D6AD861460>	0.0	0	2623	2628	1	True	230.0		M450	2623
365.302	203.624	11	953.12	<BeadTracker.Bead object at 0x000001D6AD861880>	0.0	0	2624	2629	1	True	230.0		M450	2624
365.336	203.491	11	954.734	<BeadTracker.Bead object at 0x000001D6AD861CA0>	0.0	0	2625	2630	1	True	232.0		M450	2625
365.367	203.529	11	950.755	<BeadTracker.Bead object at 0x000001D6AD86A100>	0.0	0	2626	2631	1	True	230.0		M450	2626
365.336	203.441	11	940.279	<BeadTracker.Bead object at 0x000001D6AD86A520>	0.0	0	2627	2632	1	True	233.0		M450	2627
365.291	203.483	11	937.232	<BeadTracker.Bead object at 0x000001D6AD86A940>	0.0	0	2628	2633	1	True	233.0		M450	2628
365.211	203.554	11	927.011	<BeadTracker.Bead object at 0x000001D6AD86AD60>	0.0	0	2629	2634	1	True	230.0		M450	2629
365.446	203.489	11	925.444	<BeadTracker.Bead object at 0x000001D6AD8711C0>	0.0	0	2630	2635	1	True	233.0		M450	2630
365.408	203.503	11	918.062	<BeadTracker.Bead object at 0x000001D6AD8715E0>	0.0	0	2631	2636	1	True	231.0		M450	2631
365.493	203.59	11	936.64	<BeadTracker.Bead object at 0x000001D6AD871A00>	0.0	0	2632	2637	1	True	231.0		M450	2632
365.495	203.518	11	897.486	<BeadTracker.Bead object at 0x000001D6AD871E20>	0.0	0	2633	2638	1	True	232.0		M450	2633
365.554	203.661	11	889.298	<BeadTracker.Bead object at 0x000001D6AD87A280>	0.0	0	2634	2639	1	True	232.0		M450	2634
365.549	203.47	11	886.21	<BeadTracker.Bead object at 0x000001D6AD87A6A0>	0.0	0	2635	2640	1	True	243.0		M450	2635
365.7	203.535	11	884.013	<BeadTracker.Bead object at 0x000001D6AD87AAC0>	0.0	0	2636	2641	1	True	232.0		M450	2636
365.704	203.466	11	865.393	<BeadTracker.Bead object at 0x000001D6AD87AEE0>	0.0	0	2637	2642	1	True	245.0		M450	2637
365.757	203.506	11	855.382	<BeadTracker.Bead object at 0x000001D6AD880340>	0.0	0	2638	2643	1	True	240.0		M450	2638
365.922	203.467	11	826.98	<BeadTracker.Bead object at 0x000001D6AD880760>	0.0	0	2639	2644	1	True	247.0		M450	2639
366.034	203.449	11	822.194	<BeadTracker.Bead object at 0x000001D6AD880B80>	0.0	0	2640	2645	1	True	255.0		M450	2640
366.063	203.411	11	780.408	<BeadTracker.Bead object at 0x000001D6AD880FA0>	0.0	0	2641	2646	1	True	262.0		M450	2641
366.33	203.515	11	763.823	<BeadTracker.Bead object at 0x000001D6AD889400>	0.0	0	2642	2647	1	True	260.0		M450	2642
366.437	203.326	11	736.531	<BeadTracker.Bead object at 0x000001D6AD889820>	0.0	0	2643	2648	1	True	268.0		M450	2643
366.677	203.309	11	696.261	<BeadTracker.Bead object at 0x000001D6AD889C40>	0.0	0	2644	2649	1	True	270.0		M450	2644
366.91	203.14	11	653.805	<BeadTracker.Bead object at 0x000001D6AD889FA0>	0.0	0	2645	2650	1	True	280.0		M450	2645
367.99	203.069	11	672.475	<BeadTracker.Bead object at 0x000001D6AD8ABC10>	0.0	0	2688	2693	1	True	280.0		M450	2688
367.584	203.133	11	729.71	<BeadTracker.Bead object at 0x000001D6AD8B2C40>	0.0	0	2692	2697	1	True	268.0		M450	2692
367.36	203.098	11	731.12	<BeadTracker.Bead object at 0x000001D6AD8B2FA0>	0.0	0	2693	2698	1	True	270.0		M450	2693
367.326	203.135	11	748.136	<BeadTracker.Bead object at 0x000001D6AD8BA4C0>	0.0	0	2694	2699	1	True	269.0		M450	2694
367.125	203.157	11	734.565	<BeadTracker.Bead object at 0x000001D6AD8BA8E0>	0.0	0	2695	2700	1	True	268.0		M450	2695
367.2	203.097	11	772.219	<BeadTracker.Bead object at 0x000001D6AD8BAD00>	0.0	0	2696	2701	1	True	262.0		M450	2696
367.009	203.135	11	733.173	<BeadTracker.Bead object at 0x000001D6AD8C2160>	0.0	0	2697	2702	1	True	263.0		M450	2697
366.988	203.221	11	754.032	<BeadTracker.Bead object at 0x000001D6AD8C2580>	0.0	0	2698	2703	1	True	263.0		M450	2698
366.899	203.131	11	749.343	<BeadTracker.Bead object at 0x000001D6AD8C29A0>	0.0	0	2699	2704	1	True	263.0		M450	2699
366.983	203.192	11	752.884	<BeadTracker.Bead object at 0x000001D6AD8C2DC0>	0.0	0	2700	2705	1	True	262.0		M450	2700
366.888	203.154	11	757.752	<BeadTracker.Bead object at 0x000001D6AD8C8220>	0.0	0	2701	2706	1	True	261.0		M450	2701
366.736	203.282	11	765.538	<BeadTracker.Bead object at 0x000001D6AD8C8640>	0.0	0	2702	2707	1	True	260.0		M450	2702
366.741	203.291	11	775.6	<BeadTracker.Bead object at 0x000001D6AD8C8A60>	0.0	0	2703	2708	1	True	262.0		M450	2703
366.785	203.25	11	771.183	<BeadTracker.Bead object at 0x000001D6AD8C8E80>	0.0	0	2704	2709	1	True	260.0		M450	2704
366.787	203.162	11	789.025	<BeadTracker.Bead object at 0x000001D6AD8D12E0>	0.0	0	2705	2710	1	True	260.0		M450	2705
366.864	203.303	11	800.779	<BeadTracker.Bead object at 0x000001D6AD8D1700>	0.0	0	2706	2711	1	True	257.0		M450	2706
366.671	203.274	11	795.529	<BeadTracker.Bead object at 0x000001D6AD8D9340>	0.0	0	2709	2714	1	True	258.0		M450	2709
366.757	203.364	11	808.924	<BeadTracker.Bead object at 0x000001D6AD8D9760>	0.0	0	2710	2715	1	True	247.0		M450	2710
366.62	203.41	11	821.808	<BeadTracker.Bead object at 0x000001D6AD8D9B80>	0.0	0	2711	2716	1	True	247.0		M450	2711
366.55	203.458	11	807.99	<BeadTracker.Bead object at 0x000001D6AD8D9FA0>	0.0	0	2712	2717	1	True	247.0		M450	2712
366.526	203.476	11	810.655	<BeadTracker.Bead object at 0x000001D6AD8E1400>	0.0	0	2713	2718	1	True	258.0		M450	2713
366.646	203.383	11	817.888	<BeadTracker.Bead object at 0x000001D6AD8E1820>	0.0	0	2714	2719	1	True	247.0		M450	2714
366.682	203.459	11	825.193	<BeadTracker.Bead object at 0x000001D6AD8E1C40>	0.0	0	2715	2720	1	True	248.0		M450	2715
366.68	203.486	11	832.295	<BeadTracker.Bead object at 0x000001D6AD8E1FA0>	0.0	0	2716	2721	1	True	247.0		M450	2716
366.551	203.535	11	804.692	<BeadTracker.Bead object at 0x000001D6AD8E74C0>	0.0	0	2717	2722	1	True	241.0		M450	2717
366.658	203.481	11	825.291	<BeadTracker.Bead object at 0x000001D6AD8E78E0>	0.0	0	2718	2723	1	True	254.0		M450	2718
366.622	203.437	11	821.224	<BeadTracker.Bead object at 0x000001D6AD8E7D00>	0.0	0	2719	2724	1	True	247.0		M450	2719
366.755	203.456	11	838.821	<BeadTracker.Bead object at 0x000001D6AD8F1160>	0.0	0	2720	2725	1	True	246.0		M450	2720
366.592	203.57	11	828.584	<BeadTracker.Bead object at 0x000001D6AD8F1580>	0.0	0	2721	2726	1	True	241.0		M450	2721
366.513	203.54	11	833.853	<BeadTracker.Bead object at 0x000001D6AD8F19A0>	0.0	0	2722	2727	1	True	240.0		M450	2722
366.513	203.494	11	819.257	<BeadTracker.Bead object at 0x000001D6AD8F1DC0>	0.0	0	2723	2728	1	True	247.0		M450	2723
366.667	203.519	11	850.508	<BeadTracker.Bead object at 0x000001D6AD8F8220>	0.0	0	2724	2729	1	True	240.0		M450	2724
366.199	203.438	0	2012.406	<BeadTracker.Bead object at 0x000001D6AD8F8A60>	2.0	120	2726	2731	1	True	300.0		M450	2726
366.173	203.648	0	2011.987	<BeadTracker.Bead object at 0x000001D6AD8FF220>	2.0	121	2729	2734	1	True	360.0		M450	2729
366.062	203.807	0	2007.188	<BeadTracker.Bead object at 0x000001D6AD8FF9A0>	2.0	122	2732	2737	1	True	377.0		M450	2732
366.124	203.957	0	2082.546	<BeadTracker.Bead object at 0x000001D6AD907160>	2.0	123	2735	2740	1	True	376.0		M450	2735
366.063	204.035	0	2071.081	<BeadTracker.Bead object at 0x000001D6AD9078E0>	2.0	124	2738	2743	1	True	376.0		M450	2738
365.971	204.399	0	2110.801	<BeadTracker.Bead object at 0x000001D6AD907FA0>	2.0	125	2741	2746	1	True	377.0		M450	2741
364.122	206.6	0	2671.817	<BeadTracker.Bead object at 0x000001D6AD911AC0>	3.0	127	2747	2753	1	True	318.0		M450	2747
364.126	207.29	0	2709.185	<BeadTracker.Bead object at 0x000001D6AD919730>	3.0	128	2750	2756	1	True	259.0		M450	2750
364.178	207.896	0	2754.165	<BeadTracker.Bead object at 0x000001D6AD9233A0>	3.0	129	2753	2759	1	True	200.0		M450	2753
364.062	208.41	0	2755.702	<BeadTracker.Bead object at 0x000001D6AD923FD0>	3.0	130	2756	2762	1	True	197.0		M450	2756
364.095	208.867	0	2749.453	<BeadTracker.Bead object at 0x000001D6AD92AC40>	3.0	131	2759	2765	1	True	139.0		M450	2759
364.252	209.629	0	2752.521	<BeadTracker.Bead object at 0x000001D6AD930400>	3.0	132	2762	2768	1	True	93.0		M450	2762
363.992	209.765	0	1098.519	<BeadTracker.Bead object at 0x000001D6AD930820>	1.0	133	2763	2769	1	True	78.0		M450	2763
363.688	210.305	-10	776.801	<BeadTracker.Bead object at 0x000001D6AD930B80>	0.1	0	2765	2771	1	True	138.0		M450	2765
363.761	210.296	-10	1008.77	<BeadTracker.Bead object at 0x000001D6AD930FA0>	0.1	0	2766	2772	1	True	198.0		M450	2766
363.775	210.19	-10	1084.289	<BeadTracker.Bead object at 0x000001D6AD93C400>	0.1	0	2767	2773	1	True	209.0		M450	2767
363.873	210.245	-10	1111.904	<BeadTracker.Bead object at 0x000001D6AD93C820>	0.1	0	2768	2774	1	True	203.0		M450	2768
363.79	210.212	-10	1114.976	<BeadTracker.Bead object at 0x000001D6AD93CC40>	0.1	0	2769	2775	1	True	204.0		M450	2769
364.074	210.213	-10	1107.081	<BeadTracker.Bead object at 0x000001D6AD93CFA0>	0.1	0	2770	2776	1	True	203.0		M450	2770
363.908	210.18	-10	1099.378	<BeadTracker.Bead object at 0x000001D6AD9424C0>	0.1	0	2771	2777	1	True	205.0		M450	2771
363.977	210.337	-10	1134.116	<BeadTracker.Bead object at 0x000001D6AD9428E0>	0.1	0	2772	2778	1	True	202.0		M450	2772
363.839	210.334	-10	1114.859	<BeadTracker.Bead object at 0x000001D6AD942D00>	0.1	0	2773	2779	1	True	202.0		M450	2773
364.037	210.4	-10	1112.648	<BeadTracker.Bead object at 0x000001D6AD949160>	0.1	0	2774	2780	1	True	203.0		M450	2774
363.89	210.293	-10	1117.582	<BeadTracker.Bead object at 0x000001D6AD949580>	0.1	0	2775	2781	1	True	203.0		M450	2775
364.095	210.257	-10	1125.549	<BeadTracker.Bead object at 0x000001D6AD9499A0>	0.1	0	2776	2782	1	True	202.0		M450	2776
363.905	210.373	-10	1127.757	<BeadTracker.Bead object at 0x000001D6AD949DC0>	0.1	0	2777	2783	1	True	203.0		M450	2777
363.996	210.363	-10	1120.019	<BeadTracker.Bead object at 0x000001D6AD950220>	0.1	0	2778	2784	1	True	202.0		M450	2778
363.894	210.356	-10	1123.207	<BeadTracker.Bead object at 0x000001D6AD950640>	0.1	0	2779	2785	1	True	203.0		M450	2779
364.089	210.261	-10	1114.737	<BeadTracker.Bead object at 0x000001D6AD950A60>	0.1	0	2780	2786	1	True	203.0		M450	2780
363.944	210.28	-10	1107.574	<BeadTracker.Bead object at 0x000001D6AD950E80>	0.1	0	2781	2787	1	True	202.0		M450	2781
364.033	210.341	-10	1131.559	<BeadTracker.Bead object at 0x000001D6AD9592E0>	0.1	0	2782	2788	1	True	201.0		M450	2782
363.872	210.388	-10	1137.463	<BeadTracker.Bead object at 0x000001D6AD959700>	0.1	0	2783	2789	1	True	201.0		M450	2783
364.052	210.517	-10	1135.773	<BeadTracker.Bead object at 0x000001D6AD959B20>	0.1	0	2784	2790	1	True	196.0		M450	2784
363.893	210.394	-10	1116.64	<BeadTracker.Bead object at 0x000001D6AD959F40>	0.1	0	2785	2791	1	True	202.0		M450	2785
364.029	210.366	-10	1152.566	<BeadTracker.Bead object at 0x000001D6AD95F3A0>	0.1	0	2786	2792	1	True	201.0		M450	2786
363.785	210.331	-10	1132.923	<BeadTracker.Bead object at 0x000001D6AD95F7C0>	0.1	0	2787	2793	1	True	202.0		M450	2787
363.865	210.546	-10	1133.117	<BeadTracker.Bead object at 0x000001D6AD95FBE0>	0.1	0	2788	2794	1	True	195.0		M450	2788
363.759	210.385	-10	1123.644	<BeadTracker.Bead object at 0x000001D6AD95FF40>	0.1	0	2789	2795	1	True	201.0		M450	2789
364.023	210.554	-10	1136.686	<BeadTracker.Bead object at 0x000001D6AD968460>	0.1	0	2790	2796	1	True	195.0		M450	2790
363.842	210.474	-10	1145.033	<BeadTracker.Bead object at 0x000001D6AD968880>	0.1	0	2791	2797	1	True	201.0		M450	2791
363.835	210.567	-10	1155.103	<BeadTracker.Bead object at 0x000001D6AD968CA0>	0.1	0	2792	2798	1	True	195.0		M450	2792
363.712	210.539	-10	1149.534	<BeadTracker.Bead object at 0x000001D6AD971100>	0.1	0	2793	2799	1	True	195.0		M450	2793
363.937	210.641	-10	1131.874	<BeadTracker.Bead object at 0x000001D6AD971520>	0.1	0	2794	2800	1	True	195.0		M450	2794
363.872	210.635	-10	1137.538	<BeadTracker.Bead object at 0x000001D6AD971940>	0.1	0	2795	2801	1	True	195.0		M450	2795
363.9	210.824	-10	1155.463	<BeadTracker.Bead object at 0x000001D6AD971D60>	0.1	0	2796	2802	1	True	195.0		M450	2796
363.747	210.829	-10	1143.491	<BeadTracker.Bead object at 0x000001D6AD9791C0>	0.1	0	2797	2803	1	True	195.0		M450	2797
363.844	210.746	-10	1138.607	<BeadTracker.Bead object at 0x000001D6AD9795E0>	0.1	0	2798	2804	1	True	195.0		M450	2798
363.815	210.694	-10	1148.377	<BeadTracker.Bead object at 0x000001D6AD979A00>	0.1	0	2799	2805	1	True	195.0		M450	2799
363.87	211.016	-10	1167.013	<BeadTracker.Bead object at 0x000001D6AD979E20>	0.1	0	2800	2806	1	True	193.0		M450	2800
363.834	211.034	-10	1153.968	<BeadTracker.Bead object at 0x000001D6AD980280>	0.1	0	2801	2807	1	True	194.0		M450	2801
363.807	211.022	-10	1193.69	<BeadTracker.Bead object at 0x000001D6AD9806A0>	0.1	0	2802	2808	1	True	192.0		M450	2802
363.77	211.045	-10	1153.363	<BeadTracker.Bead object at 0x000001D6AD980AC0>	0.1	0	2803	2809	1	True	194.0		M450	2803
363.892	210.993	-10	1188.164	<BeadTracker.Bead object at 0x000001D6AD980EE0>	0.1	0	2804	2810	1	True	193.0		M450	2804
363.814	211.121	-10	1187.214	<BeadTracker.Bead object at 0x000001D6AD987340>	0.1	0	2805	2811	1	True	191.0		M450	2805
363.939	211.111	-10	1194.527	<BeadTracker.Bead object at 0x000001D6AD987760>	0.1	0	2806	2812	1	True	190.0		M450	2806
363.803	211.194	-10	1195.266	<BeadTracker.Bead object at 0x000001D6AD987B80>	0.1	0	2807	2813	1	True	191.0		M450	2807
363.878	211.201	-10	1197.578	<BeadTracker.Bead object at 0x000001D6AD987FA0>	0.1	0	2808	2814	1	True	191.0		M450	2808
363.897	211.156	-10	1210.245	<BeadTracker.Bead object at 0x000001D6AD98F400>	0.1	0	2809	2815	1	True	191.0		M450	2809
364.138	211.244	-10	1232.182	<BeadTracker.Bead object at 0x000001D6AD98F820>	0.1	0	2810	2816	1	True	188.0		M450	2810
363.983	211.227	-10	1198.744	<BeadTracker.Bead object at 0x000001D6AD98FC40>	0.1	0	2811	2817	1	True	189.0		M450	2811
363.899	211.259	-10	1220.211	<BeadTracker.Bead object at 0x000001D6AD98FFA0>	0.1	0	2812	2818	1	True	189.0		M450	2812
363.795	211.282	-10	1226.275	<BeadTracker.Bead object at 0x000001D6AD9984C0>	0.1	0	2813	2819	1	True	190.0		M450	2813
364.062	211.274	-10	1222.538	<BeadTracker.Bead object at 0x000001D6AD9988E0>	0.1	0	2814	2820	1	True	189.0		M450	2814
363.943	211.314	-10	1255.448	<BeadTracker.Bead object at 0x000001D6AD998D00>	0.1	0	2815	2821	1	True	189.0		M450	2815
363.928	211.444	-10	1223.507	<BeadTracker.Bead object at 0x000001D6AD99E160>	0.1	0	2816	2822	1	True	189.0		M450	2816
363.808	211.315	-10	1208.648	<BeadTracker.Bead object at 0x000001D6AD99E580>	0.1	0	2817	2823	1	True	190.0		M450	2817
363.907	211.369	-10	1206.098	<BeadTracker.Bead object at 0x000001D6AD99E9A0>	0.1	0	2818	2824	1	True	189.0		M450	2818
363.878	211.335	-10	1249.613	<BeadTracker.Bead object at 0x000001D6AD99EDC0>	0.1	0	2819	2825	1	True	188.0		M450	2819
363.958	211.439	-10	1251.84	<BeadTracker.Bead object at 0x000001D6AD9A6220>	0.1	0	2820	2826	1	True	188.0		M450	2820
363.818	211.455	-10	1230.862	<BeadTracker.Bead object at 0x000001D6AD9A6640>	0.1	0	2821	2827	1	True	189.0		M450	2821
363.869	211.547	-10	1235.731	<BeadTracker.Bead object at 0x000001D6AD9A6A60>	0.1	0	2822	2828	1	True	184.0		M450	2822
363.777	211.469	-10	1246.207	<BeadTracker.Bead object at 0x000001D6AD9A6E80>	0.1	0	2823	2829	1	True	189.0		M450	2823
363.916	211.641	-10	1263.77	<BeadTracker.Bead object at 0x000001D6AD9AE2E0>	0.1	0	2824	2830	1	True	183.0		M450	2824
363.796	211.576	-10	1258.456	<BeadTracker.Bead object at 0x000001D6AD9AE700>	0.1	0	2825	2831	1	True	184.0		M450	2825
363.787	211.734	-10	1241.913	<BeadTracker.Bead object at 0x000001D6AD9AEB20>	0.1	0	2826	2832	1	True	183.0		M450	2826
363.652	211.61	-10	1244.71	<BeadTracker.Bead object at 0x000001D6AD9AEF40>	0.1	0	2827	2833	1	True	184.0		M450	2827
363.801	211.645	-10	1246.927	<BeadTracker.Bead object at 0x000001D6AD9B63A0>	0.1	0	2828	2834	1	True	184.0		M450	2828
363.78	211.779	-10	1253.168	<BeadTracker.Bead object at 0x000001D6AD9B67C0>	0.1	0	2829	2835	1	True	184.0		M450	2829
363.88	211.89	-10	1258.973	<BeadTracker.Bead object at 0x000001D6AD9B6BE0>	0.1	0	2830	2836	1	True	184.0		M450	2830
363.756	211.847	-10	1230.656	<BeadTracker.Bead object at 0x000001D6AD9B6F40>	0.1	0	2831	2837	1	True	186.0		M450	2831
363.825	211.841	-10	1227.162	<BeadTracker.Bead object at 0x000001D6AD9BD460>	0.1	0	2832	2838	1	True	185.0		M450	2832
363.807	211.783	-10	1252.94	<BeadTracker.Bead object at 0x000001D6AD9BD880>	0.1	0	2833	2839	1	True	184.0		M450	2833
363.98	212.032	-10	1246.92	<BeadTracker.Bead object at 0x000001D6AD9BDCA0>	0.1	0	2834	2840	1	True	185.0		M450	2834
363.816	211.972	-10	1266.063	<BeadTracker.Bead object at 0x000001D6AD9C7100>	0.1	0	2835	2841	1	True	185.0		M450	2835
363.919	211.996	-10	1239.85	<BeadTracker.Bead object at 0x000001D6AD9C7520>	0.1	0	2836	2842	1	True	184.0		M450	2836
363.781	212.02	-10	1242.058	<BeadTracker.Bead object at 0x000001D6AD9C7940>	0.1	0	2837	2843	1	True	185.0		M450	2837
363.957	212.031	-10	1252.775	<BeadTracker.Bead object at 0x000001D6AD9C7D60>	0.1	0	2838	2844	1	True	183.0		M450	2838
363.898	211.999	-10	1259.411	<BeadTracker.Bead object at 0x000001D6AD9CE1C0>	0.1	0	2839	2845	1	True	183.0		M450	2839
363.886	212.006	-10	1271.311	<BeadTracker.Bead object at 0x000001D6AD9CE5E0>	0.1	0	2840	2846	1	True	183.0		M450	2840
363.84	212.101	-10	1290.791	<BeadTracker.Bead object at 0x000001D6AD9CEA00>	0.1	0	2841	2847	1	True	184.0		M450	2841
363.945	212.043	-10	1281.611	<BeadTracker.Bead object at 0x000001D6AD9CEE20>	0.1	0	2842	2848	1	True	183.0		M450	2842
363.908	212.005	-10	1295.012	<BeadTracker.Bead object at 0x000001D6AD9D5280>	0.1	0	2843	2849	1	True	181.0		M450	2843
364.0	212.108	-10	1305.74	<BeadTracker.Bead object at 0x000001D6AD9D56A0>	0.1	0	2844	2850	1	True	181.0		M450	2844
363.927	212.126	-10	1292.555	<BeadTracker.Bead object at 0x000001D6AD9D5AC0>	0.1	0	2845	2851	1	True	182.0		M450	2845
363.969	212.213	-10	1314.106	<BeadTracker.Bead object at 0x000001D6AD9D5EE0>	0.1	0	2846	2852	1	True	181.0		M450	2846
363.892	212.117	-10	1301.065	<BeadTracker.Bead object at 0x000001D6AD9DD340>	0.1	0	2847	2853	1	True	181.0		M450	2847
364.016	212.116	-10	1320.87	<BeadTracker.Bead object at 0x000001D6AD9DD760>	0.1	0	2848	2854	1	True	176.0		M450	2848
363.916	212.19	-10	1302.693	<BeadTracker.Bead object at 0x000001D6AD9DDB80>	0.1	0	2849	2855	1	True	182.0		M450	2849
363.881	212.211	-10	1298.017	<BeadTracker.Bead object at 0x000001D6AD9DDFA0>	0.1	0	2850	2856	1	True	182.0		M450	2850
363.816	212.223	-10	1301.937	<BeadTracker.Bead object at 0x000001D6AD9E6400>	0.1	0	2851	2857	1	True	183.0		M450	2851
363.902	212.174	-10	1323.361	<BeadTracker.Bead object at 0x000001D6AD9E6820>	0.1	0	2852	2858	1	True	177.0		M450	2852
363.812	212.203	-10	1312.47	<BeadTracker.Bead object at 0x000001D6AD9E6C40>	0.1	0	2853	2859	1	True	181.0		M450	2853
363.853	212.302	-10	1319.543	<BeadTracker.Bead object at 0x000001D6AD9E6FA0>	0.1	0	2854	2860	1	True	177.0		M450	2854
363.75	212.299	-10	1284.365	<BeadTracker.Bead object at 0x000001D6AD9EC4C0>	0.1	0	2855	2861	1	True	183.0		M450	2855
363.844	212.277	-10	1313.639	<BeadTracker.Bead object at 0x000001D6AD9EC8E0>	0.1	0	2856	2862	1	True	181.0		M450	2856
363.759	212.288	-10	1311.045	<BeadTracker.Bead object at 0x000001D6AD9ECD00>	0.1	0	2857	2863	1	True	183.0		M450	2857
363.78	212.33	-10	1309.295	<BeadTracker.Bead object at 0x000001D6AD9F6160>	0.1	0	2858	2864	1	True	182.0		M450	2858
363.708	212.287	-10	1305.292	<BeadTracker.Bead object at 0x000001D6AD9F6580>	0.1	0	2859	2865	1	True	182.0		M450	2859
363.706	212.348	-10	1326.872	<BeadTracker.Bead object at 0x000001D6AD9F69A0>	0.1	0	2860	2866	1	True	181.0		M450	2860
363.625	212.332	-10	1328.266	<BeadTracker.Bead object at 0x000001D6AD9F6DC0>	0.1	0	2861	2867	1	True	181.0		M450	2861
363.739	212.473	-10	1322.445	<BeadTracker.Bead object at 0x000001D6AD9FC220>	0.1	0	2862	2868	1	True	181.0		M450	2862
363.701	212.401	-10	1308.873	<BeadTracker.Bead object at 0x000001D6AD9FC640>	0.1	0	2863	2869	1	True	183.0		M450	2863
363.782	212.493	-10	1296.464	<BeadTracker.Bead object at 0x000001D6AD9FCA60>	0.1	0	2864	2870	1	True	184.0		M450	2864
363.708	212.525	-10	1290.44	<BeadTracker.Bead object at 0x000001D6AD9FCE80>	0.1	0	2865	2871	1	True	180.0		M450	2865
363.706	212.526	-10	1326.611	<BeadTracker.Bead object at 0x000001D6ADA032E0>	0.1	0	2866	2872	1	True	180.0		M450	2866
363.639	212.476	-10	1306.533	<BeadTracker.Bead object at 0x000001D6ADA03700>	0.1	0	2867	2873	1	True	184.0		M450	2867
363.757	212.6	-10	1312.146	<BeadTracker.Bead object at 0x000001D6ADA03B20>	0.1	0	2868	2874	1	True	179.0		M450	2868
363.635	212.555	-10	1292.793	<BeadTracker.Bead object at 0x000001D6ADA03F40>	0.1	0	2869	2875	1	True	182.0		M450	2869
363.763	212.592	-10	1313.578	<BeadTracker.Bead object at 0x000001D6ADA0B3A0>	0.1	0	2870	2876	1	True	179.0		M450	2870
363.579	212.719	-10	1323.564	<BeadTracker.Bead object at 0x000001D6ADA0B7C0>	0.1	0	2871	2877	1	True	179.0		M450	2871
363.69	212.697	-10	1307.236	<BeadTracker.Bead object at 0x000001D6ADA0BBE0>	0.1	0	2872	2878	1	True	179.0		M450	2872
363.68	212.687	-10	1316.28	<BeadTracker.Bead object at 0x000001D6ADA0BF40>	0.1	0	2873	2879	1	True	180.0		M450	2873
363.771	212.71	-10	1326.286	<BeadTracker.Bead object at 0x000001D6ADA13460>	0.1	0	2874	2880	1	True	178.0		M450	2874
363.646	212.774	-10	1328.256	<BeadTracker.Bead object at 0x000001D6ADA13880>	0.1	0	2875	2881	1	True	175.0		M450	2875
363.766	212.852	-10	1339.028	<BeadTracker.Bead object at 0x000001D6ADA13CA0>	0.1	0	2876	2882	1	True	174.0		M450	2876
363.752	212.858	-10	1357.966	<BeadTracker.Bead object at 0x000001D6ADA1B100>	0.1	0	2877	2883	1	True	174.0		M450	2877
363.882	212.936	-10	1345.066	<BeadTracker.Bead object at 0x000001D6ADA1B520>	0.1	0	2878	2884	1	True	175.0		M450	2878
363.778	212.785	-10	1332.447	<BeadTracker.Bead object at 0x000001D6ADA1B940>	0.1	0	2879	2885	1	True	175.0		M450	2879
363.908	212.977	-10	1361.949	<BeadTracker.Bead object at 0x000001D6ADA1BD60>	0.1	0	2880	2886	1	True	173.0		M450	2880
363.825	212.983	-10	1367.513	<BeadTracker.Bead object at 0x000001D6ADA241C0>	0.1	0	2881	2887	1	True	173.0		M450	2881
363.913	212.954	-10	1367.32	<BeadTracker.Bead object at 0x000001D6ADA245E0>	0.1	0	2882	2888	1	True	172.0		M450	2882
363.914	212.943	-10	1356.965	<BeadTracker.Bead object at 0x000001D6ADA24A00>	0.1	0	2883	2889	1	True	173.0		M450	2883
364.056	213.075	-10	1354.263	<BeadTracker.Bead object at 0x000001D6ADA24E20>	0.1	0	2884	2890	1	True	173.0		M450	2884
363.847	213.041	-10	1372.544	<BeadTracker.Bead object at 0x000001D6ADA2C280>	0.1	0	2885	2891	1	True	173.0		M450	2885
363.872	213.127	-10	1382.07	<BeadTracker.Bead object at 0x000001D6ADA2C6A0>	0.1	0	2886	2892	1	True	173.0		M450	2886
363.843	213.038	-10	1373.52	<BeadTracker.Bead object at 0x000001D6ADA2CAC0>	0.1	0	2887	2893	1	True	173.0		M450	2887
364.008	213.157	-10	1391.228	<BeadTracker.Bead object at 0x000001D6ADA2CEE0>	0.1	0	2888	2894	1	True	172.0		M450	2888
363.904	213.112	-10	1398.503	<BeadTracker.Bead object at 0x000001D6ADA32340>	0.1	0	2889	2895	1	True	172.0		M450	2889
363.838	213.222	-10	1403.589	<BeadTracker.Bead object at 0x000001D6ADA32760>	0.1	0	2890	2896	1	True	171.0		M450	2890
363.706	213.123	-10	1389.602	<BeadTracker.Bead object at 0x000001D6ADA32B80>	0.1	0	2891	2897	1	True	173.0		M450	2891
363.865	213.093	-10	1384.911	<BeadTracker.Bead object at 0x000001D6ADA32FA0>	0.1	0	2892	2898	1	True	173.0		M450	2892
363.776	213.109	-10	1377.688	<BeadTracker.Bead object at 0x000001D6ADA3B400>	0.1	0	2893	2899	1	True	173.0		M450	2893
363.851	213.089	-10	1368.441	<BeadTracker.Bead object at 0x000001D6ADA3B820>	0.1	0	2894	2900	1	True	173.0		M450	2894
363.694	213.139	-10	1377.42	<BeadTracker.Bead object at 0x000001D6ADA3BC40>	0.1	0	2895	2901	1	True	173.0		M450	2895
363.794	213.025	-10	1385.223	<BeadTracker.Bead object at 0x000001D6ADA3BFA0>	0.1	0	2896	2902	1	True	172.0		M450	2896
363.763	213.0	12	1388.34	<BeadTracker.Bead object at 0x000001D6ADA414C0>	0.0	0	2897	2903	1	True	172.0		M450	2897
363.868	213.257	12	1389.427	<BeadTracker.Bead object at 0x000001D6ADA418E0>	0.0	0	2898	2904	1	True	172.0		M450	2898
363.695	213.227	12	1394.727	<BeadTracker.Bead object at 0x000001D6ADA41D00>	0.0	0	2899	2905	1	True	172.0		M450	2899
363.723	213.297	12	1422.26	<BeadTracker.Bead object at 0x000001D6ADA49160>	0.0	0	2900	2906	1	True	172.0		M450	2900
363.611	213.318	12	1371.51	<BeadTracker.Bead object at 0x000001D6ADA49580>	0.0	0	2901	2907	1	True	174.0		M450	2901
363.761	213.27	12	1380.99	<BeadTracker.Bead object at 0x000001D6ADA499A0>	0.0	0	2902	2908	1	True	173.0		M450	2902
363.713	213.324	12	1388.275	<BeadTracker.Bead object at 0x000001D6ADA49DC0>	0.0	0	2903	2909	1	True	173.0		M450	2903
363.777	213.408	12	1412.465	<BeadTracker.Bead object at 0x000001D6ADA51220>	0.0	0	2904	2910	1	True	172.0		M450	2904
363.616	213.481	12	1404.938	<BeadTracker.Bead object at 0x000001D6ADA51640>	0.0	0	2905	2911	1	True	172.0		M450	2905
363.695	213.371	12	1409.791	<BeadTracker.Bead object at 0x000001D6ADA51A60>	0.0	0	2906	2912	1	True	172.0		M450	2906
363.749	213.404	12	1422.968	<BeadTracker.Bead object at 0x000001D6ADA51E80>	0.0	0	2907	2913	1	True	171.0		M450	2907
363.876	213.509	12	1426.22	<BeadTracker.Bead object at 0x000001D6ADA5A2E0>	0.0	0	2908	2914	1	True	167.0		M450	2908
363.75	213.682	12	1376.702	<BeadTracker.Bead object at 0x000001D6ADA5A700>	0.0	0	2909	2915	1	True	172.0		M450	2909
363.742	213.576	12	1414.474	<BeadTracker.Bead object at 0x000001D6ADA5AB20>	0.0	0	2910	2916	1	True	169.0		M450	2910
363.742	213.46	12	1434.974	<BeadTracker.Bead object at 0x000001D6ADA5AF40>	0.0	0	2911	2917	1	True	172.0		M450	2911
363.813	213.505	12	1454.134	<BeadTracker.Bead object at 0x000001D6ADA613A0>	0.0	0	2912	2918	1	True	166.0		M450	2912
363.79	213.604	12	1430.317	<BeadTracker.Bead object at 0x000001D6ADA617C0>	0.0	0	2913	2919	1	True	168.0		M450	2913
363.821	213.619	12	1431.179	<BeadTracker.Bead object at 0x000001D6ADA61BE0>	0.0	0	2914	2920	1	True	167.0		M450	2914
363.645	213.629	12	1407.232	<BeadTracker.Bead object at 0x000001D6ADA61F40>	0.0	0	2915	2921	1	True	170.0		M450	2915
363.71	213.478	12	1415.236	<BeadTracker.Bead object at 0x000001D6ADA69460>	0.0	0	2916	2922	1	True	171.0		M450	2916
363.716	213.442	12	1427.996	<BeadTracker.Bead object at 0x000001D6ADA69880>	0.0	0	2917	2923	1	True	171.0		M450	2917
363.827	213.589	12	1437.631	<BeadTracker.Bead object at 0x000001D6ADA69CA0>	0.0	0	2918	2924	1	True	167.0		M450	2918
363.695	213.571	12	1413.185	<BeadTracker.Bead object at 0x000001D6ADA70100>	0.0	0	2919	2925	1	True	168.0		M450	2919
363.742	213.576	12	1430.501	<BeadTracker.Bead object at 0x000001D6ADA70520>	0.0	0	2920	2926	1	True	168.0		M450	2920
363.633	213.458	12	1426.521	<BeadTracker.Bead object at 0x000001D6ADA70940>	0.0	0	2921	2927	1	True	171.0		M450	2921
363.787	213.454	12	1458.228	<BeadTracker.Bead object at 0x000001D6ADA70D60>	0.0	0	2922	2928	1	True	169.0		M450	2922
363.754	213.397	12	1461.103	<BeadTracker.Bead object at 0x000001D6ADA791C0>	0.0	0	2923	2929	1	True	170.0		M450	2923
363.807	213.439	12	1421.503	<BeadTracker.Bead object at 0x000001D6ADA795E0>	0.0	0	2924	2930	1	True	171.0		M450	2924
363.615	213.547	12	1402.869	<BeadTracker.Bead object at 0x000001D6ADA79A00>	0.0	0	2925	2931	1	True	168.0		M450	2925
363.75	213.509	12	1409.41	<BeadTracker.Bead object at 0x000001D6ADA79E20>	0.0	0	2926	2932	1	True	168.0		M450	2926
363.751	213.502	12	1417.958	<BeadTracker.Bead object at 0x000001D6ADA81280>	0.0	0	2927	2933	1	True	168.0		M450	2927
363.852	213.528	12	1433.581	<BeadTracker.Bead object at 0x000001D6ADA816A0>	0.0	0	2928	2934	1	True	167.0		M450	2928
363.626	213.429	12	1406.016	<BeadTracker.Bead object at 0x000001D6ADA81AC0>	0.0	0	2929	2935	1	True	172.0		M450	2929
363.649	213.464	12	1395.793	<BeadTracker.Bead object at 0x000001D6ADA81EE0>	0.0	0	2930	2936	1	True	172.0		M450	2930
363.63	213.339	12	1409.109	<BeadTracker.Bead object at 0x000001D6ADA88340>	0.0	0	2931	2937	1	True	173.0		M450	2931
363.716	213.454	12	1390.47	<BeadTracker.Bead object at 0x000001D6ADA88760>	0.0	0	2932	2938	1	True	173.0		M450	2932
363.7	213.414	12	1371.03	<BeadTracker.Bead object at 0x000001D6ADA88B80>	0.0	0	2933	2939	1	True	174.0		M450	2933
363.665	213.304	12	1364.909	<BeadTracker.Bead object at 0x000001D6ADA88FA0>	0.0	0	2934	2940	1	True	174.0		M450	2934
363.65	213.247	12	1345.744	<BeadTracker.Bead object at 0x000001D6ADA90400>	0.0	0	2935	2941	1	True	175.0		M450	2935
363.74	213.215	12	1348.56	<BeadTracker.Bead object at 0x000001D6ADA90820>	0.0	0	2936	2942	1	True	175.0		M450	2936
363.593	213.343	12	1303.764	<BeadTracker.Bead object at 0x000001D6ADA90C40>	0.0	0	2937	2943	1	True	183.0		M450	2937
363.74	213.26	12	1290.921	<BeadTracker.Bead object at 0x000001D6ADA90FA0>	0.0	0	2938	2944	1	True	184.0		M450	2938
363.74	212.98	12	1242.553	<BeadTracker.Bead object at 0x000001D6ADA994C0>	0.0	0	2939	2945	1	True	185.0		M450	2939
363.84	212.989	12	1238.452	<BeadTracker.Bead object at 0x000001D6ADA998E0>	0.0	0	2940	2946	1	True	186.0		M450	2940
363.79	212.974	12	1199.177	<BeadTracker.Bead object at 0x000001D6ADA99D00>	0.0	0	2941	2947	1	True	188.0		M450	2941
363.906	212.986	12	1202.269	<BeadTracker.Bead object at 0x000001D6ADA9F160>	0.0	0	2942	2948	1	True	187.0		M450	2942
363.948	212.715	12	1163.76	<BeadTracker.Bead object at 0x000001D6ADA9F580>	0.0	0	2943	2949	1	True	193.0		M450	2943
364.01	212.491	12	1163.552	<BeadTracker.Bead object at 0x000001D6ADA9F9A0>	0.0	0	2944	2950	1	True	199.0		M450	2944
363.935	212.433	12	1133.333	<BeadTracker.Bead object at 0x000001D6ADA9FDC0>	0.0	0	2945	2951	1	True	200.0		M450	2945
364.243	212.34	12	1103.752	<BeadTracker.Bead object at 0x000001D6ADAA6220>	0.0	0	2946	2952	1	True	203.0		M450	2946
364.312	212.174	12	1076.12	<BeadTracker.Bead object at 0x000001D6ADAA6640>	0.0	0	2947	2953	1	True	207.0		M450	2947
364.47	212.002	12	1033.817	<BeadTracker.Bead object at 0x000001D6ADAA6A60>	0.0	0	2948	2954	1	True	212.0		M450	2948
364.555	211.841	12	1014.18	<BeadTracker.Bead object at 0x000001D6ADAA6E80>	0.0	0	2949	2955	1	True	215.0		M450	2949
364.818	211.659	12	971.865	<BeadTracker.Bead object at 0x000001D6ADAB02E0>	0.0	0	2950	2956	1	True	219.0		M450	2950
364.971	211.507	12	949.371	<BeadTracker.Bead object at 0x000001D6ADAB0700>	0.0	0	2951	2957	1	True	229.0		M450	2951
365.538	211.388	12	872.208	<BeadTracker.Bead object at 0x000001D6ADAB0B20>	0.0	0	2952	2958	1	True	233.0		M450	2952
365.609	211.205	12	825.777	<BeadTracker.Bead object at 0x000001D6ADAB0F40>	0.0	0	2953	2959	1	True	241.0		M450	2953
366.037	211.009	12	783.421	<BeadTracker.Bead object at 0x000001D6ADAB73A0>	0.0	0	2954	2960	1	True	260.0		M450	2954
366.751	210.682	12	689.081	<BeadTracker.Bead object at 0x000001D6ADAB77C0>	0.0	0	2955	2961	1	True	281.0		M450	2955
367.48	210.692	12	595.599	<BeadTracker.Bead object at 0x000001D6ADAB7BE0>	0.0	0	2956	2962	1	True	309.0		M450	2956
368.95	210.849	12	605.965	<BeadTracker.Bead object at 0x000001D6AC3C9D90>	0.0	0	2981	2987	1	True	308.0		M450	2981
368.391	211.004	12	671.977	<BeadTracker.Bead object at 0x000001D6ADABD520>	0.0	0	2982	2988	1	True	283.0		M450	2982
367.815	211.002	12	693.315	<BeadTracker.Bead object at 0x000001D6ADABD940>	0.0	0	2983	2989	1	True	280.0		M450	2983
367.439	211.293	12	731.374	<BeadTracker.Bead object at 0x000001D6ADABDD60>	0.0	0	2984	2990	1	True	269.0		M450	2984
367.073	211.244	12	791.152	<BeadTracker.Bead object at 0x000001D6ADACF1C0>	0.0	0	2985	2991	1	True	261.0		M450	2985
366.899	211.461	12	814.003	<BeadTracker.Bead object at 0x000001D6ADACF5E0>	0.0	0	2986	2992	1	True	260.0		M450	2986
366.603	211.518	12	855.037	<BeadTracker.Bead object at 0x000001D6ADACFA00>	0.0	0	2987	2993	1	True	231.0		M450	2987
366.363	211.705	12	894.978	<BeadTracker.Bead object at 0x000001D6ADACFE20>	0.0	0	2988	2994	1	True	231.0		M450	2988
365.998	211.765	12	905.449	<BeadTracker.Bead object at 0x000001D6ADAD4280>	0.0	0	2989	2995	1	True	230.0		M450	2989
365.949	211.863	12	932.789	<BeadTracker.Bead object at 0x000001D6ADAD46A0>	0.0	0	2990	2996	1	True	230.0		M450	2990
365.721	211.884	12	946.421	<BeadTracker.Bead object at 0x000001D6ADAD4AC0>	0.0	0	2991	2997	1	True	229.0		M450	2991
365.673	211.947	12	952.534	<BeadTracker.Bead object at 0x000001D6ADAD4EE0>	0.0	0	2992	2998	1	True	219.0		M450	2992
365.489	212.049	12	977.218	<BeadTracker.Bead object at 0x000001D6ADADC340>	0.0	0	2993	2999	1	True	218.0		M450	2993
365.368	212.16	12	977.441	<BeadTracker.Bead object at 0x000001D6ADADC760>	0.0	0	2994	3000	1	True	218.0		M450	2994
365.167	212.201	12	996.465	<BeadTracker.Bead object at 0x000001D6ADADCB80>	0.0	0	2995	3001	1	True	215.0		M450	2995
365.226	212.201	12	994.101	<BeadTracker.Bead object at 0x000001D6ADADCFA0>	0.0	0	2996	3002	1	True	214.0		M450	2996
365.099	212.281	12	1028.176	<BeadTracker.Bead object at 0x000001D6ADAE7400>	0.0	0	2997	3003	1	True	213.0		M450	2997
365.017	212.402	12	1023.88	<BeadTracker.Bead object at 0x000001D6ADAE7820>	0.0	0	2998	3004	1	True	213.0		M450	2998
364.722	212.391	12	1040.273	<BeadTracker.Bead object at 0x000001D6ADAE7C40>	0.0	0	2999	3005	1	True	212.0		M450	2999
364.834	212.486	12	1046.911	<BeadTracker.Bead object at 0x000001D6ADAE7FA0>	0.0	0	3000	3006	1	True	212.0		M450	3000
364.669	212.463	12	1037.557	<BeadTracker.Bead object at 0x000001D6ADAED4C0>	0.0	0	3001	3007	1	True	211.0		M450	3001
364.705	212.535	12	1070.451	<BeadTracker.Bead object at 0x000001D6ADAED8E0>	0.0	0	3002	3008	1	True	204.0		M450	3002
364.605	212.558	12	1058.427	<BeadTracker.Bead object at 0x000001D6ADAEDD00>	0.0	0	3003	3009	1	True	205.0		M450	3003
364.643	212.702	12	1064.646	<BeadTracker.Bead object at 0x000001D6ADAF4160>	0.0	0	3004	3010	1	True	204.0		M450	3004
364.546	212.69	12	1087.199	<BeadTracker.Bead object at 0x000001D6ADAF4580>	0.0	0	3005	3011	1	True	204.0		M450	3005
364.576	212.777	12	1080.351	<BeadTracker.Bead object at 0x000001D6ADAF49A0>	0.0	0	3006	3012	1	True	203.0		M450	3006
364.485	212.827	12	1093.654	<BeadTracker.Bead object at 0x000001D6ADAF4DC0>	0.0	0	3007	3013	1	True	203.0		M450	3007
364.488	213.046	12	1106.69	<BeadTracker.Bead object at 0x000001D6ADAFC220>	0.0	0	3008	3014	1	True	202.0		M450	3008
364.398	212.98	12	1094.69	<BeadTracker.Bead object at 0x000001D6ADAFC640>	0.0	0	3009	3015	1	True	202.0		M450	3009
364.504	213.156	12	1103.532	<BeadTracker.Bead object at 0x000001D6ADAFCA60>	0.0	0	3010	3016	1	True	202.0		M450	3010
364.422	213.03	12	1121.263	<BeadTracker.Bead object at 0x000001D6ADAFCE80>	0.0	0	3011	3017	1	True	200.0		M450	3011
364.457	213.167	12	1124.283	<BeadTracker.Bead object at 0x000001D6ADB032E0>	0.0	0	3012	3018	1	True	199.0		M450	3012
364.291	213.204	12	1107.405	<BeadTracker.Bead object at 0x000001D6ADB03700>	0.0	0	3013	3019	1	True	200.0		M450	3013
364.355	213.285	12	1103.574	<BeadTracker.Bead object at 0x000001D6ADB03B20>	0.0	0	3014	3020	1	True	201.0		M450	3014
364.35	213.281	12	1118.779	<BeadTracker.Bead object at 0x000001D6ADB03F40>	0.0	0	3015	3021	1	True	199.0		M450	3015
364.519	213.298	12	1130.242	<BeadTracker.Bead object at 0x000001D6ADB0B3A0>	0.0	0	3016	3022	1	True	199.0		M450	3016
364.295	213.394	12	1116.651	<BeadTracker.Bead object at 0x000001D6ADB0B7C0>	0.0	0	3017	3023	1	True	200.0		M450	3017
364.361	213.524	12	1142.799	<BeadTracker.Bead object at 0x000001D6ADB0BBE0>	0.0	0	3018	3024	1	True	193.0		M450	3018
364.319	213.369	12	1140.003	<BeadTracker.Bead object at 0x000001D6ADB0BF40>	0.0	0	3019	3025	1	True	198.0		M450	3019
364.388	213.479	12	1137.017	<BeadTracker.Bead object at 0x000001D6ADB14460>	0.0	0	3020	3026	1	True	199.0		M450	3020
364.407	213.512	12	1149.476	<BeadTracker.Bead object at 0x000001D6ADB14880>	0.0	0	3021	3027	1	True	193.0		M450	3021
364.45	213.523	12	1130.248	<BeadTracker.Bead object at 0x000001D6ADB14CA0>	0.0	0	3022	3028	1	True	194.0		M450	3022
364.25	213.539	12	1144.388	<BeadTracker.Bead object at 0x000001D6ADB1C100>	0.0	0	3023	3029	1	True	194.0		M450	3023
364.447	213.554	12	1156.575	<BeadTracker.Bead object at 0x000001D6ADB1C520>	0.0	0	3024	3030	1	True	194.0		M450	3024
364.432	213.444	12	1154.5	<BeadTracker.Bead object at 0x000001D6ADB1C940>	0.0	0	3025	3031	1	True	190.0		M450	3025
364.428	213.729	12	1172.948	<BeadTracker.Bead object at 0x000001D6ADB1CD60>	0.0	0	3026	3032	1	True	192.0		M450	3026
364.369	213.679	12	1168.623	<BeadTracker.Bead object at 0x000001D6ADB231C0>	0.0	0	3027	3033	1	True	193.0		M450	3027
364.402	213.655	12	1161.506	<BeadTracker.Bead object at 0x000001D6ADB235E0>	0.0	0	3028	3034	1	True	193.0		M450	3028
364.405	213.596	12	1181.542	<BeadTracker.Bead object at 0x000001D6ADB23A00>	0.0	0	3029	3035	1	True	187.0		M450	3029
364.422	213.991	0	2997.535	<BeadTracker.Bead object at 0x000001D6ADB2B280>	2.0	134	3031	3037	1	True	128.0		M450	3031
364.309	214.779	0	3077.091	<BeadTracker.Bead object at 0x000001D6ADB2BEB0>	2.0	135	3034	3040	1	True	69.0		M450	3034
364.066	215.515	0	3099.194	<BeadTracker.Bead object at 0x000001D6ADB32B20>	2.0	136	3037	3043	1	True	10.0		M450	3037
364.171	216.421	0	3148.424	<BeadTracker.Bead object at 0x000001D6ADB3A790>	2.0	137	3040	3046	1	True	-49.0		M450	3040
364.074	216.937	0	3189.615	<BeadTracker.Bead object at 0x000001D6ADB43400>	2.0	138	3043	3049	1	True	-106.0		M450	3043
364.117	217.272	0	3195.655	<BeadTracker.Bead object at 0x000001D6ADB43F70>	2.0	139	3046	3052	1	True	-118.0		M450	3046
